1,2
1,3
1,6
1,8
1,10
1,12
1,15
1,18
1,20
1,29
1,31
1,36
1,41
3,4
4,5
6,7
8,9
10,11
12,13
13,14
15,16
16,17
18,19
20,21
20,23
20,24
20,26
20,27
20,28
21,22
24,25
29,30
31,32
31,33
33,34
34,35
36,37
36,38
38,39
39,40
43,44
43,45
43,47
43,49
43,50
43,51
43,53
43,57
43,61
43,65
43,67
43,69
45,46
47,48
51,52
53,54
53,55
55,56
57,58
57,59
59,60
61,62
61,63
63,64
65,66
67,68
70,71
70,72
72,73
72,78
72,82
73,74
73,76
74,75
76,77
78,79
78,80
78,81
82,83
82,88
82,92
83,84
83,86
84,85
86,87
88,89
88,90
90,91
92,93
92,94
94,95
96,97
96,98
98,99
100,101
100,110
100,113
100,115
100,163
100,165
100,167
100,168
101,102
101,106
101,108
102,103
102,104
102,105
106,107
108,109
110,111
111,112
113,114
115,116
115,117
115,133
117,118
118,119
118,123
119,120
119,121
121,122
123,124
123,126
124,125
126,127
126,130
127,128
127,129
130,131
130,132
133,134
133,137
134,135
134,136
137,138
137,141
137,143
137,146
137,161
137,162
138,139
139,140
141,142
143,144
144,145
146,147
146,155
147,148
147,151
148,149
148,150
151,152
152,153
153,154
155,156
156,157
157,158
158,159
159,160
163,164
165,166
168,169
168,214
168,229
168,244
168,262
168,270
168,278
168,288
168,332
168,335
168,338
169,170
169,213
170,171
170,186
170,194
170,202
170,206
171,172
171,185
172,173
172,174
172,177
174,175
175,176
177,178
177,179
177,182
179,180
180,181
182,183
183,184
186,187
186,193
187,188
187,190
188,189
190,191
190,192
194,195
194,201
195,196
195,198
196,197
198,199
198,200
202,203
202,205
203,204
206,207
206,212
207,208
208,209
209,210
210,211
214,215
214,228
215,216
215,217
215,220
217,218
218,219
220,221
220,222
220,225
222,223
223,224
225,226
226,227
229,230
229,243
230,231
230,232
230,235
232,233
233,234
235,236
235,237
235,240
237,238
238,239
240,241
241,242
244,245
244,261
245,246
245,247
245,251
247,248
247,250
248,249
251,252
251,253
251,257
253,254
253,256
254,255
257,258
257,260
258,259
262,263
262,269
263,264
263,266
264,265
266,267
266,268
270,271
270,277
271,272
271,274
272,273
274,275
274,276
278,279
278,280
278,286
278,287
280,281
280,283
281,282
283,284
283,285
288,289
288,331
289,290
289,291
289,293
291,292
293,294
294,295
294,296
294,299
294,310
294,324
296,297
296,298
299,300
299,309
300,301
300,304
301,302
301,303
304,305
304,308
305,306
306,307
310,311
310,323
311,312
311,315
311,318
312,313
312,314
315,316
315,317
318,319
318,322
319,320
320,321
324,325
324,330
325,326
326,327
327,328
328,329
332,333
332,334
335,336
335,337
338,339
339,340
340,341
341,342
342,343
344,345
344,346
344,351
344,352
344,465
344,466
346,347
346,348
348,349
349,350
352,353
352,354
352,425
352,430
352,439
352,448
354,355
354,357
354,424
355,356
357,358
357,359
357,363
357,367
357,371
357,375
357,379
357,383
357,387
357,391
357,398
357,405
357,409
357,413
357,417
357,421
359,360
359,362
360,361
363,364
363,366
364,365
367,368
367,370
368,369
371,372
371,374
372,373
375,376
375,378
376,377
379,380
379,382
380,381
383,384
383,386
384,385
387,388
387,390
388,389
391,392
391,394
391,397
392,393
394,395
395,396
398,399
398,401
398,404
399,400
401,402
402,403
405,406
405,408
406,407
409,410
409,412
410,411
413,414
413,416
414,415
417,418
417,420
418,419
421,422
422,423
425,426
425,429
426,427
427,428
430,431
430,433
430,436
430,438
431,432
433,434
434,435
436,437
439,440
439,442
439,445
439,447
440,441
442,443
443,444
445,446
448,449
448,451
448,455
448,462
448,464
449,450
451,452
452,453
453,454
455,456
455,459
456,457
456,458
459,460
460,461
462,463
467,468
467,469
467,470
467,472
470,471
472,473
473,474
475,476
475,477
475,478
475,483
475,485
475,486
478,479
478,481
479,480
481,482
483,484
486,487
487,488
489,490
489,491
489,492
489,497
489,499
489,501
489,502
489,505
492,493
492,495
493,494
495,496
497,498
499,500
502,503
503,504
505,506
507,508
507,509
507,510
507,511
507,528
511,512
511,513
511,525
513,514
513,516
513,518
513,521
514,515
516,517
518,519
519,520
521,522
522,523
522,524
525,526
526,527
529,530
529,531
529,532
529,536
529,540
532,533
532,534
534,535
536,537
536,538
538,539
540,541
540,542
540,544
540,546
540,548
542,543
544,545
546,547
548,549
550,551
550,552
550,553
550,558
550,560
550,562
550,563
550,566
553,554
553,556
554,555
556,557
558,559
560,561
563,564
564,565
566,567
568,569
568,570
568,577
568,579
568,582
568,584
568,590
568,592
568,600
570,571
570,573
571,572
573,574
574,575
575,576
577,578
579,580
580,581
582,583
584,585
584,588
584,589
585,586
586,587
590,591
592,593
592,595
592,598
592,599
593,594
595,596
596,597
600,601
600,611
601,602
601,605
601,607
601,610
602,603
603,604
605,606
607,608
608,609
611,612
613,614
613,615
613,617
613,619
613,637
613,639
615,616
617,618
619,620
619,624
620,621
620,622
622,623
624,625
624,627
625,626
627,628
627,629
627,634
629,630
630,631
630,632
632,633
634,635
635,636
637,638
639,640
641,642
641,643
641,644
641,649
641,651
641,654
641,668
641,673
641,677
641,681
641,685
641,689
641,691
644,645
644,646
646,647
647,648
649,650
651,652
652,653
654,655
654,659
654,662
655,656
655,657
657,658
659,660
660,661
662,663
663,664
663,665
665,666
666,667
668,669
668,670
670,671
671,672
673,674
673,675
675,676
677,678
677,679
679,680
681,682
681,683
683,684
685,686
685,687
687,688
689,690
691,692
693,694
693,695
693,696
693,701
693,703
696,697
696,699
697,698
699,700
701,702
703,704
704,705
705,706
707,708
707,709
707,711
707,712
707,714
707,715
709,710
712,713
716,717
716,718
718,719
718,721
719,720
721,722
722,723
723,724
724,725
724,728
725,726
726,727
728,729
730,731
730,732
730,736
730,741
730,743
732,733
733,734
733,735
736,737
737,738
737,739
737,740
741,742
743,744
745,746
745,747
745,750
745,751
745,754
745,755
745,756
745,759
745,762
745,763
747,748
748,749
751,752
752,753
756,757
757,758
759,760
760,761
763,764
764,765
766,767
766,768
766,769
766,774
766,776
769,770
769,772
770,771
772,773
774,775
776,777
777,778
779,780
779,781
779,785
779,790
779,792
779,794
779,795
779,797
779,798
779,800
781,782
782,783
782,784
785,786
786,787
786,788
786,789
790,791
792,793
795,796
798,799
801,802
801,803
801,804
801,809
801,811
804,805
804,807
805,806
807,808
809,810
811,812
812,813
814,815
814,816
814,817
814,819
814,823
817,818
819,820
819,821
821,822
823,824
825,826
825,827
827,828
829,830
829,831
829,832
829,837
829,839
832,833
832,835
833,834
835,836
837,838
839,840
840,841
842,843
842,844
844,845
844,848
845,846
846,847
848,849
849,850
849,851
849,866
851,852
852,853
852,855
853,854
855,856
855,857
855,859
857,858
859,860
859,861
861,862
861,864
861,865
862,863
866,867
866,868
866,888
868,869
868,871
869,870
871,872
871,875
872,873
872,874
875,876
876,877
876,879
877,878
879,880
879,882
879,885
879,886
879,887
880,881
882,883
883,884
888,889
889,890
891,892
891,893
891,894
895,896
895,897
895,899
895,901
895,909
897,898
899,900
901,902
901,904
902,903
904,905
905,906
905,907
907,908
910,911
910,912
910,913
910,915
910,961
910,963
913,914
915,916
915,919
915,957
916,917
916,918
919,920
919,921
919,922
919,932
919,935
919,937
922,923
922,924
922,925
922,929
925,926
925,927
927,928
929,930
929,931
932,933
933,934
935,936
937,938
937,942
938,939
938,941
939,940
942,943
942,945
943,944
945,946
945,947
945,953
947,948
948,949
948,951
949,950
951,952
953,954
954,955
955,956
957,958
958,959
959,960
961,962
963,964
965,966
965,967
965,968
965,970
965,971
965,973
965,978
965,980
965,982
968,969
971,972
973,974
974,975
975,976
975,977
978,979
980,981
982,983
984,985
984,986
984,988
984,990
986,987
988,989
990,991
990,996
991,992
991,993
993,994
994,995
996,997
996,1000
996,1003
996,1005
996,1007
996,1008
997,998
998,999
1000,1001
1001,1002
1003,1004
1005,1006
1009,1010
1009,1011
1009,1015
1009,1017
1009,1019
1011,1012
1012,1013
1013,1014
1015,1016
1017,1018
1019,1020
1021,1022
1023,1024
1023,1025
1023,1026
1023,1031
1023,1033
1026,1027
1026,1029
1027,1028
1029,1030
1031,1032
1033,1034
1034,1035
1035,1036
1038,1039
1038,1040
1038,1041
1038,1046
1038,1048
1038,1051
1038,1057
1041,1042
1041,1044
1042,1043
1044,1045
1046,1047
1048,1049
1049,1050
1051,1052
1051,1054
1052,1053
1054,1055
1055,1056
1058,1059
1058,1060
1058,1063
1060,1061
1061,1062
1063,1064
1063,1066
1064,1065
1066,1067
1067,1068
1068,1069
1069,1070
1069,1073
1070,1071
1071,1072
1073,1074
1075,1076
1075,1077
1075,1078
1075,1079
1075,1080
1080,1081
1080,1082
1082,1083
1082,1085
1083,1084
1085,1086
1085,1097
1085,1112
1086,1087
1086,1096
1087,1088
1087,1089
1087,1094
1089,1090
1089,1093
1090,1091
1091,1092
1094,1095
1097,1098
1097,1111
1098,1099
1098,1100
1098,1105
1100,1101
1100,1104
1101,1102
1102,1103
1105,1106
1105,1107
1105,1109
1107,1108
1109,1110
1112,1113
1112,1123
1113,1114
1113,1115
1113,1120
1115,1116
1115,1119
1116,1117
1117,1118
1120,1121
1120,1122
1124,1125
1124,1126
1124,1128
1124,1130
1126,1127
1128,1129
1130,1131
1130,1133
1131,1132
1133,1134
1134,1135
1135,1136
1136,1137
1136,1140
1137,1138
1138,1139
1140,1141
1142,1143
1142,1144
1142,1145
1142,1150
1142,1152
1145,1146
1145,1148
1146,1147
1148,1149
1150,1151
1152,1153
1153,1154
1154,1155
1156,1157
1158,1159
1158,1160
1158,1161
1158,1166
1158,1168
1161,1162
1161,1164
1162,1163
1164,1165
1166,1167
1168,1169
1170,1171
1170,1172
1170,1173
1170,1175
1170,1181
1170,1183
1170,1220
1173,1174
1175,1176
1175,1179
1176,1177
1176,1178
1179,1180
1181,1182
1183,1184
1183,1186
1183,1199
1184,1185
1186,1187
1186,1198
1187,1188
1187,1191
1188,1189
1188,1190
1191,1192
1191,1194
1192,1193
1194,1195
1194,1196
1196,1197
1199,1200
1199,1201
1201,1202
1201,1219
1202,1203
1202,1206
1203,1204
1203,1205
1206,1207
1206,1209
1207,1208
1209,1210
1209,1217
1210,1211
1210,1216
1211,1212
1211,1215
1212,1213
1212,1214
1217,1218
1221,1222
1221,1223
1224,1225
1224,1226
1224,1227
1224,1228
1224,1229
1224,1230
1224,1233
1224,1239
1224,1244
1224,1245
1224,1247
1224,1249
1224,1250
1224,1251
1224,1316
1224,1317
1224,1319
1230,1231
1231,1232
1233,1234
1233,1236
1234,1235
1236,1237
1237,1238
1239,1240
1239,1243
1240,1241
1241,1242
1245,1246
1247,1248
1251,1252
1251,1255
1252,1253
1253,1254
1255,1256
1255,1259
1255,1261
1255,1263
1255,1270
1256,1257
1256,1258
1259,1260
1261,1262
1263,1264
1263,1265
1265,1266
1265,1268
1266,1267
1268,1269
1270,1271
1270,1294
1270,1313
1271,1272
1272,1273
1272,1293
1273,1274
1273,1275
1275,1276
1275,1277
1275,1278
1275,1292
1278,1279
1278,1282
1279,1280
1280,1281
1282,1283
1282,1284
1282,1291
1284,1285
1284,1286
1284,1289
1286,1287
1287,1288
1289,1290
1294,1295
1295,1296
1295,1312
1296,1297
1296,1298
1296,1300
1298,1299
1300,1301
1300,1302
1302,1303
1303,1304
1303,1309
1304,1305
1304,1307
1305,1306
1307,1308
1309,1310
1310,1311
1313,1314
1314,1315
1317,1318
1319,1320
1321,1322
1321,1323
1321,1324
1321,1329
1321,1331
1321,1332
1324,1325
1324,1327
1325,1326
1327,1328
1329,1330
1332,1333
1333,1334
1335,1336
1335,1337
1335,1341
1335,1348
1335,1351
1337,1338
1337,1339
1339,1340
1341,1342
1341,1345
1342,1343
1342,1344
1345,1346
1346,1347
1348,1349
1349,1350
1351,1352
1352,1353
1352,1354
1352,1358
1354,1355
1355,1356
1356,1357
1359,1360
1359,1361
1359,1363
1359,1367
1359,1368
1359,1369
1359,1374
1361,1362
1363,1364
1364,1365
1365,1366
1369,1370
1369,1371
1369,1373
1371,1372
1375,1376
1375,1377
1375,1381
1377,1378
1377,1379
1379,1380
1381,1382
1382,1383
1384,1385
1384,1386
1384,1387
1384,1391
1384,1393
1387,1388
1387,1390
1388,1389
1391,1392
1393,1394
1394,1395
1396,1397
1396,1398
1396,1403
1396,1404
1396,1517
1396,1518
1398,1399
1398,1400
1400,1401
1401,1402
1404,1405
1404,1406
1404,1477
1404,1482
1404,1491
1404,1500
1406,1407
1406,1409
1406,1476
1407,1408
1409,1410
1409,1411
1409,1415
1409,1419
1409,1423
1409,1427
1409,1431
1409,1435
1409,1439
1409,1443
1409,1450
1409,1457
1409,1461
1409,1465
1409,1469
1409,1473
1411,1412
1411,1414
1412,1413
1415,1416
1415,1418
1416,1417
1419,1420
1419,1422
1420,1421
1423,1424
1423,1426
1424,1425
1427,1428
1427,1430
1428,1429
1431,1432
1431,1434
1432,1433
1435,1436
1435,1438
1436,1437
1439,1440
1439,1442
1440,1441
1443,1444
1443,1446
1443,1449
1444,1445
1446,1447
1447,1448
1450,1451
1450,1453
1450,1456
1451,1452
1453,1454
1454,1455
1457,1458
1457,1460
1458,1459
1461,1462
1461,1464
1462,1463
1465,1466
1465,1468
1466,1467
1469,1470
1469,1472
1470,1471
1473,1474
1474,1475
1477,1478
1477,1481
1478,1479
1479,1480
1482,1483
1482,1485
1482,1488
1482,1490
1483,1484
1485,1486
1486,1487
1488,1489
1491,1492
1491,1494
1491,1497
1491,1499
1492,1493
1494,1495
1495,1496
1497,1498
1500,1501
1500,1503
1500,1507
1500,1514
1500,1516
1501,1502
1503,1504
1504,1505
1505,1506
1507,1508
1507,1511
1508,1509
1508,1510
1511,1512
1512,1513
1514,1515
1519,1520
1519,1521
1519,1523
1519,1528
1519,1530
1519,1532
1519,1533
1519,1535
1519,1536
1519,1538
1521,1522
1523,1524
1524,1525
1524,1526
1524,1527
1528,1529
1530,1531
1533,1534
1536,1537
1539,1540
1539,1543
1540,1541
1541,1542
1544,1545
1544,1546
1544,1547
1544,1552
1544,1554
1547,1548
1547,1550
1548,1549
1550,1551
1552,1553
1554,1555
1555,1556
1557,1558
1557,1559
1557,1560
1557,1561
1557,1563
1557,1565
1557,1585
1561,1562
1563,1564
1565,1566
1565,1568
1565,1569
1565,1580
1565,1581
1566,1567
1569,1570
1569,1573
1570,1571
1570,1572
1573,1574
1573,1576
1573,1578
1574,1575
1576,1577
1578,1579
1581,1582
1581,1583
1583,1584
1585,1586
1586,1587
1588,1589
1588,1590
1588,1591
1588,1592
1588,1594
1588,1596
1588,1616
1592,1593
1594,1595
1596,1597
1596,1599
1596,1600
1596,1611
1596,1612
1597,1598
1600,1601
1600,1604
1601,1602
1601,1603
1604,1605
1604,1607
1604,1609
1605,1606
1607,1608
1609,1610
1612,1613
1612,1614
1614,1615
1616,1617
1617,1618
1619,1620
1619,1621
1621,1622
1622,1623
1624,1625
1624,1626
1624,1627
1624,1631
1624,1633
1624,1636
1624,1641
1627,1628
1627,1630
1628,1629
1631,1632
1633,1634
1634,1635
1636,1637
1636,1639
1637,1638
1639,1640
1642,1643
1644,1645
1644,1646
1644,1648
1644,1649
1646,1647
1649,1650
1649,1651
1649,1652
1652,1653
1654,1655
1654,1656
1656,1657
1656,1660
1657,1658
1658,1659
1660,1661
1661,1662
1661,1663
1661,1678
1663,1664
1664,1665
1664,1667
1665,1666
1667,1668
1667,1669
1667,1671
1669,1670
1671,1672
1671,1673
1673,1674
1673,1676
1673,1677
1674,1675
1678,1679
1678,1680
1678,1700
1680,1681
1680,1683
1681,1682
1683,1684
1683,1687
1684,1685
1684,1686
1687,1688
1688,1689
1688,1691
1689,1690
1691,1692
1691,1694
1691,1697
1691,1698
1691,1699
1692,1693
1694,1695
1695,1696
1700,1701
1701,1702
1703,1704
1703,1705
1703,1706
1703,1707
1703,1711
1703,1722
1703,1724
1703,1726
1703,1727
1707,1708
1707,1709
1709,1710
1711,1712
1711,1714
1712,1713
1714,1715
1714,1717
1715,1716
1717,1718
1717,1719
1719,1720
1720,1721
1722,1723
1724,1725
1728,1729
1728,1730
1730,1731
1730,1733
1731,1732
1733,1734
1734,1735
1735,1736
1736,1737
1736,1740
1737,1738
1738,1739
1740,1741
1742,1743
1742,1744
1742,1745
1742,1750
1742,1752
1742,1753
1745,1746
1745,1748
1746,1747
1748,1749
1750,1751
1753,1754
1754,1755
1755,1756
1757,1758
1757,1759
1757,1760
1757,1764
1757,1766
1760,1761
1760,1763
1761,1762
1764,1765
1766,1767
1767,1768
1769,1770
1769,1771
1772,1773
1772,1782
1772,1785
1772,1787
1772,1841
1772,1843
1772,1845
1772,1846
1773,1774
1773,1778
1773,1780
1774,1775
1774,1776
1774,1777
1778,1779
1780,1781
1782,1783
1783,1784
1785,1786
1787,1788
1787,1789
1787,1805
1789,1790
1790,1791
1790,1795
1791,1792
1791,1793
1793,1794
1795,1796
1795,1798
1796,1797
1798,1799
1798,1802
1799,1800
1799,1801
1802,1803
1802,1804
1805,1806
1805,1807
1805,1826
1807,1808
1807,1811
1807,1813
1807,1824
1807,1825
1808,1809
1809,1810
1811,1812
1813,1814
1813,1822
1814,1815
1814,1818
1815,1816
1815,1817
1818,1819
1819,1820
1820,1821
1822,1823
1826,1827
1826,1828
1828,1829
1828,1832
1828,1834
1828,1839
1828,1840
1829,1830
1830,1831
1832,1833
1834,1835
1834,1838
1835,1836
1835,1837
1841,1842
1843,1844
1846,1847
1846,1892
1846,1907
1846,1922
1846,1940
1846,1948
1846,1956
1846,1966
1846,2010
1846,2013
1846,2016
1847,1848
1847,1891
1848,1849
1848,1864
1848,1872
1848,1880
1848,1884
1849,1850
1849,1863
1850,1851
1850,1852
1850,1855
1852,1853
1853,1854
1855,1856
1855,1857
1855,1860
1857,1858
1858,1859
1860,1861
1861,1862
1864,1865
1864,1871
1865,1866
1865,1868
1866,1867
1868,1869
1868,1870
1872,1873
1872,1879
1873,1874
1873,1876
1874,1875
1876,1877
1876,1878
1880,1881
1880,1883
1881,1882
1884,1885
1884,1890
1885,1886
1886,1887
1887,1888
1888,1889
1892,1893
1892,1906
1893,1894
1893,1895
1893,1898
1895,1896
1896,1897
1898,1899
1898,1900
1898,1903
1900,1901
1901,1902
1903,1904
1904,1905
1907,1908
1907,1921
1908,1909
1908,1910
1908,1913
1910,1911
1911,1912
1913,1914
1913,1915
1913,1918
1915,1916
1916,1917
1918,1919
1919,1920
1922,1923
1922,1939
1923,1924
1923,1925
1923,1929
1925,1926
1925,1928
1926,1927
1929,1930
1929,1931
1929,1935
1931,1932
1931,1934
1932,1933
1935,1936
1935,1938
1936,1937
1940,1941
1940,1947
1941,1942
1941,1944
1942,1943
1944,1945
1944,1946
1948,1949
1948,1955
1949,1950
1949,1952
1950,1951
1952,1953
1952,1954
1956,1957
1956,1958
1956,1964
1956,1965
1958,1959
1958,1961
1959,1960
1961,1962
1961,1963
1966,1967
1966,2009
1967,1968
1967,1969
1967,1971
1969,1970
1971,1972
1972,1973
1972,1974
1972,1977
1972,1988
1972,2002
1974,1975
1974,1976
1977,1978
1977,1987
1978,1979
1978,1982
1979,1980
1979,1981
1982,1983
1982,1986
1983,1984
1984,1985
1988,1989
1988,2001
1989,1990
1989,1993
1989,1996
1990,1991
1990,1992
1993,1994
1993,1995
1996,1997
1996,2000
1997,1998
1998,1999
2002,2003
2002,2008
2003,2004
2004,2005
2005,2006
2006,2007
2010,2011
2010,2012
2013,2014
2013,2015
2016,2017
2017,2018
2018,2019
2019,2020
2020,2021
2022,2023
2022,2024
2022,2025
2022,2026
2022,2030
2022,2045
2022,2059
2022,2061
2022,2062
2022,2064
2022,2066
2022,2079
2026,2027
2026,2028
2028,2029
2030,2031
2030,2036
2031,2032
2031,2034
2032,2033
2034,2035
2036,2037
2037,2038
2038,2039
2039,2040
2040,2041
2041,2042
2042,2043
2043,2044
2045,2046
2045,2049
2046,2047
2047,2048
2049,2050
2050,2051
2051,2052
2052,2053
2053,2054
2054,2055
2055,2056
2056,2057
2057,2058
2059,2060
2062,2063
2064,2065
2066,2067
2066,2068
2066,2071
2068,2069
2069,2070
2071,2072
2071,2074
2071,2076
2072,2073
2074,2075
2076,2077
2076,2078
2079,2080
2081,2082
2081,2083
2081,2088
2081,2089
2081,2202
2081,2203
2083,2084
2083,2085
2085,2086
2086,2087
2089,2090
2089,2091
2089,2162
2089,2167
2089,2176
2089,2185
2091,2092
2091,2094
2091,2161
2092,2093
2094,2095
2094,2096
2094,2100
2094,2104
2094,2108
2094,2112
2094,2116
2094,2120
2094,2124
2094,2128
2094,2135
2094,2142
2094,2146
2094,2150
2094,2154
2094,2158
2096,2097
2096,2099
2097,2098
2100,2101
2100,2103
2101,2102
2104,2105
2104,2107
2105,2106
2108,2109
2108,2111
2109,2110
2112,2113
2112,2115
2113,2114
2116,2117
2116,2119
2117,2118
2120,2121
2120,2123
2121,2122
2124,2125
2124,2127
2125,2126
2128,2129
2128,2131
2128,2134
2129,2130
2131,2132
2132,2133
2135,2136
2135,2138
2135,2141
2136,2137
2138,2139
2139,2140
2142,2143
2142,2145
2143,2144
2146,2147
2146,2149
2147,2148
2150,2151
2150,2153
2151,2152
2154,2155
2154,2157
2155,2156
2158,2159
2159,2160
2162,2163
2162,2166
2163,2164
2164,2165
2167,2168
2167,2170
2167,2173
2167,2175
2168,2169
2170,2171
2171,2172
2173,2174
2176,2177
2176,2179
2176,2182
2176,2184
2177,2178
2179,2180
2180,2181
2182,2183
2185,2186
2185,2188
2185,2192
2185,2199
2185,2201
2186,2187
2188,2189
2189,2190
2190,2191
2192,2193
2192,2196
2193,2194
2193,2195
2196,2197
2197,2198
2199,2200
2204,2205
2204,2206
2204,2211
2206,2207
2206,2208
2208,2209
2209,2210
2212,2213
2212,2214
2214,2215
2215,2216
2217,2218
2217,2219
2217,2222
2217,2224
2217,2226
2217,2228
2217,2231
2217,2234
2217,2236
2217,2237
2217,2238
2217,2240
2217,2241
2217,2242
2217,2244
2217,2246
2217,2251
2217,2256
2219,2220
2220,2221
2222,2223
2224,2225
2226,2227
2228,2229
2229,2230
2231,2232
2232,2233
2234,2235
2238,2239
2242,2243
2244,2245
2246,2247
2246,2248
2248,2249
2249,2250
2251,2252
2251,2253
2253,2254
2254,2255
2257,2258
2257,2259
2257,2260
2257,2277
2260,2261
2260,2264
2260,2271
2261,2262
2262,2263
2264,2265
2264,2266
2264,2268
2266,2267
2268,2269
2269,2270
2271,2272
2271,2273
2271,2275
2273,2274
2275,2276
2278,2279
2278,2280
2278,2281
2278,2286
2278,2288
2281,2282
2281,2284
2282,2283
2284,2285
2286,2287
2288,2289
2290,2291
2290,2292
2290,2298
2290,2299
2290,2300
2290,2301
2292,2293
2292,2295
2293,2294
2295,2296
2296,2297
2302,2303
2302,2304
2302,2305
2302,2307
2302,2320
2305,2306
2307,2308
2307,2309
2309,2310
2309,2312
2309,2314
2309,2316
2309,2318
2310,2311
2312,2313
2314,2315
2316,2317
2318,2319
2321,2322
2321,2323
2321,2325
2321,2330
2323,2324
2325,2326
2325,2327
2327,2328
2328,2329
2330,2331
2332,2333
2332,2334
2332,2336
2332,2337
2332,2340
2334,2335
2337,2338
2338,2339
2341,2342
2341,2343
2341,2346
2341,2347
2341,2349
2341,2351
2341,2353
2341,2355
2343,2344
2344,2345
2347,2348
2349,2350
2351,2352
2353,2354
2355,2356
2357,2358
2357,2359
2357,2363
2359,2360
2360,2361
2361,2362
2363,2364
2365,2366
2365,2367
2368,2369
2368,2370
2368,2371
2371,2372
2372,2373
2374,2375
2374,2376
2374,2377
2374,2379
2374,2380
2374,2382
2374,2387
2374,2389
2374,2391
2377,2378
2380,2381
2382,2383
2383,2384
2384,2385
2384,2386
2387,2388
2389,2390
2391,2392
2393,2394
2393,2395
2393,2400
2393,2401
2393,2514
2393,2515
2395,2396
2395,2397
2397,2398
2398,2399
2401,2402
2401,2403
2401,2474
2401,2479
2401,2488
2401,2497
2403,2404
2403,2406
2403,2473
2404,2405
2406,2407
2406,2408
2406,2412
2406,2416
2406,2420
2406,2424
2406,2428
2406,2432
2406,2436
2406,2440
2406,2447
2406,2454
2406,2458
2406,2462
2406,2466
2406,2470
2408,2409
2408,2411
2409,2410
2412,2413
2412,2415
2413,2414
2416,2417
2416,2419
2417,2418
2420,2421
2420,2423
2421,2422
2424,2425
2424,2427
2425,2426
2428,2429
2428,2431
2429,2430
2432,2433
2432,2435
2433,2434
2436,2437
2436,2439
2437,2438
2440,2441
2440,2443
2440,2446
2441,2442
2443,2444
2444,2445
2447,2448
2447,2450
2447,2453
2448,2449
2450,2451
2451,2452
2454,2455
2454,2457
2455,2456
2458,2459
2458,2461
2459,2460
2462,2463
2462,2465
2463,2464
2466,2467
2466,2469
2467,2468
2470,2471
2471,2472
2474,2475
2474,2478
2475,2476
2476,2477
2479,2480
2479,2482
2479,2485
2479,2487
2480,2481
2482,2483
2483,2484
2485,2486
2488,2489
2488,2491
2488,2494
2488,2496
2489,2490
2491,2492
2492,2493
2494,2495
2497,2498
2497,2500
2497,2504
2497,2511
2497,2513
2498,2499
2500,2501
2501,2502
2502,2503
2504,2505
2504,2508
2505,2506
2505,2507
2508,2509
2509,2510
2511,2512
2516,2517
2516,2518
2516,2519
2516,2520
2516,2525
2516,2530
2516,2532
2520,2521
2520,2523
2521,2522
2523,2524
2525,2526
2525,2527
2527,2528
2528,2529
2530,2531
2532,2533
2533,2534
2535,2536
2535,2537
2535,2538
2535,2543
2535,2545
2535,2546
2538,2539
2538,2541
2539,2540
2541,2542
2543,2544
2546,2547
2548,2549
2548,2550
2548,2551
2548,2556
2548,2558
2551,2552
2551,2554
2552,2553
2554,2555
2556,2557
2558,2559
2560,2561
2560,2562
2563,2564
2565,2566
2565,2567
2565,2568
2565,2573
2565,2575
2565,2576
2568,2569
2568,2571
2569,2570
2571,2572
2573,2574
2576,2577
2577,2578
2578,2579
2580,2581
2580,2582
2583,2584
2583,2585
2583,2586
2583,2591
2583,2593
2583,2595
2583,2596
2586,2587
2586,2589
2587,2588
2589,2590
2591,2592
2593,2594
2596,2597
2597,2598
2599,2600
2599,2601
2599,2602
2599,2603
2599,2604
2604,2605
2604,2606
2606,2607
2606,2609
2607,2608
2609,2610
2609,2621
2609,2636
2610,2611
2610,2620
2611,2612
2611,2613
2611,2618
2613,2614
2613,2617
2614,2615
2615,2616
2618,2619
2621,2622
2621,2635
2622,2623
2622,2624
2622,2629
2624,2625
2624,2628
2625,2626
2626,2627
2629,2630
2629,2631
2629,2633
2631,2632
2633,2634
2636,2637
2636,2647
2637,2638
2637,2639
2637,2644
2639,2640
2639,2643
2640,2641
2641,2642
2644,2645
2644,2646
2648,2649
2648,2650
2648,2651
2648,2656
2648,2658
2651,2652
2651,2654
2652,2653
2654,2655
2656,2657
2658,2659
2659,2660
2661,2662
2661,2665
2661,2668
2661,2669
2662,2663
2663,2664
2665,2666
2666,2667
2670,2671
2670,2672
2670,2673
2670,2678
2670,2680
2673,2674
2673,2676
2674,2675
2676,2677
2678,2679
2680,2681
2681,2682
2683,2684
2683,2685
2683,2689
2683,2690
2685,2686
2685,2688
2686,2687
2691,2692
2691,2693
2691,2694
2691,2699
2691,2739
2694,2695
2694,2697
2695,2696
2697,2698
2699,2700
2699,2704
2700,2701
2700,2702
2702,2703
2704,2705
2704,2707
2705,2706
2707,2708
2707,2709
2707,2715
2707,2721
2707,2723
2707,2731
2709,2710
2709,2714
2710,2711
2710,2712
2712,2713
2715,2716
2715,2720
2716,2717
2716,2718
2718,2719
2721,2722
2723,2724
2724,2725
2725,2726
2725,2727
2725,2728
2728,2729
2728,2730
2731,2732
2732,2733
2733,2734
2734,2735
2734,2738
2735,2736
2736,2737
2739,2740
2740,2741
2741,2742
2741,2745
2742,2743
2743,2744
2745,2746
2747,2748
2747,2749
2747,2750
2747,2751
2747,2752
2747,2753
2747,2756
2747,2762
2747,2767
2747,2768
2747,2770
2747,2772
2747,2773
2747,2774
2747,2827
2747,2828
2747,2830
2753,2754
2754,2755
2756,2757
2756,2759
2757,2758
2759,2760
2760,2761
2762,2763
2762,2766
2763,2764
2764,2765
2768,2769
2770,2771
2774,2775
2774,2778
2775,2776
2776,2777
2778,2779
2778,2782
2778,2784
2778,2786
2778,2793
2779,2780
2779,2781
2782,2783
2784,2785
2786,2787
2786,2788
2788,2789
2788,2791
2789,2790
2791,2792
2793,2794
2793,2817
2793,2824
2794,2795
2795,2796
2795,2816
2796,2797
2796,2798
2798,2799
2798,2800
2798,2801
2798,2815
2801,2802
2801,2805
2802,2803
2803,2804
2805,2806
2805,2807
2805,2814
2807,2808
2807,2809
2807,2812
2809,2810
2810,2811
2812,2813
2817,2818
2818,2819
2818,2823
2819,2820
2819,2821
2821,2822
2824,2825
2825,2826
2828,2829
2830,2831
2832,2833
2832,2834
2832,2836
2832,2841
2832,2843
2832,2845
2832,2847
2832,2849
2832,2851
2832,2853
2832,2855
2832,2857
2834,2835
2836,2837
2837,2838
2837,2839
2837,2840
2841,2842
2843,2844
2845,2846
2847,2848
2849,2850
2851,2852
2853,2854
2855,2856
2858,2859
2858,2860
2858,2861
2858,2866
2858,2868
2858,2869
2861,2862
2861,2864
2862,2863
2864,2865
2866,2867
2869,2870
2870,2871
2872,2873
2872,2874
2872,2877
2872,2878
2874,2875
2875,2876
2879,2880
2879,2881
2879,2882
2879,2887
2879,2889
2879,2890
2882,2883
2882,2885
2883,2884
2885,2886
2887,2888
2890,2891
2892,2893
2892,2894
2892,2896
2892,2898
2892,2906
2892,2908
2892,2912
2892,2917
2894,2895
2896,2897
2898,2899
2898,2904
2899,2900
2899,2903
2900,2901
2900,2902
2904,2905
2906,2907
2908,2909
2908,2910
2910,2911
2912,2913
2912,2914
2914,2915
2914,2916
2917,2918
2917,2923
2917,2945
2917,2950
2917,2955
2917,2960
2917,2965
2917,2970
2917,2975
2917,2980
2917,2991
2918,2919
2918,2921
2918,2922
2919,2920
2923,2924
2923,2944
2924,2925
2924,2926
2924,2931
2924,2936
2924,2941
2926,2927
2926,2929
2926,2930
2927,2928
2931,2932
2931,2934
2931,2935
2932,2933
2936,2937
2936,2939
2936,2940
2937,2938
2941,2942
2942,2943
2945,2946
2945,2948
2945,2949
2946,2947
2950,2951
2950,2953
2950,2954
2951,2952
2955,2956
2955,2958
2955,2959
2956,2957
2960,2961
2960,2963
2960,2964
2961,2962
2965,2966
2965,2968
2965,2969
2966,2967
2970,2971
2970,2973
2970,2974
2971,2972
2975,2976
2975,2978
2975,2979
2976,2977
2980,2981
2980,2982
2980,2983
2980,2988
2980,2989
2980,2990
2983,2984
2983,2986
2984,2985
2986,2987
2991,2992
2992,2993
2993,2994
2995,2996
2995,3001
2995,3006
2995,3119
2996,2997
2996,2999
2997,2998
2999,3000
3001,3002
3002,3003
3002,3004
3002,3005
3006,3007
3006,3009
3006,3013
3006,3070
3006,3082
3006,3088
3006,3094
3006,3113
3007,3008
3009,3010
3009,3011
3009,3012
3013,3014
3013,3069
3014,3015
3014,3016
3014,3020
3016,3017
3016,3018
3016,3019
3020,3021
3020,3022
3020,3062
3022,3023
3022,3025
3022,3027
3023,3024
3025,3026
3027,3028
3027,3029
3027,3047
3029,3030
3029,3032
3029,3034
3029,3035
3030,3031
3032,3033
3035,3036
3035,3041
3035,3043
3036,3037
3036,3039
3037,3038
3039,3040
3041,3042
3043,3044
3043,3046
3044,3045
3047,3048
3047,3051
3048,3049
3049,3050
3051,3052
3051,3055
3051,3058
3052,3053
3052,3054
3055,3056
3055,3057
3058,3059
3058,3061
3059,3060
3062,3063
3062,3065
3062,3067
3062,3068
3063,3064
3065,3066
3070,3071
3070,3072
3070,3079
3070,3080
3070,3081
3072,3073
3072,3074
3072,3076
3074,3075
3076,3077
3077,3078
3082,3083
3082,3085
3082,3086
3082,3087
3083,3084
3088,3089
3088,3091
3088,3092
3088,3093
3089,3090
3094,3095
3094,3097
3094,3109
3094,3111
3094,3112
3095,3096
3097,3098
3097,3101
3098,3099
3098,3100
3101,3102
3101,3108
3102,3103
3103,3104
3104,3105
3105,3106
3106,3107
3109,3110
3113,3114
3113,3116
3113,3117
3113,3118
3114,3115
3120,3121
3120,3122
3123,3124
3123,3125
3123,3126
3123,3131
3123,3133
3123,3134
3126,3127
3126,3129
3127,3128
3129,3130
3131,3132
3134,3135
3136,3137
3136,3138
3136,3139
3136,3141
3136,3145
3136,3146
3136,3220
3139,3140
3141,3142
3141,3143
3143,3144
3146,3147
3146,3148
3146,3162
3146,3180
3146,3205
3148,3149
3148,3152
3148,3160
3148,3161
3149,3150
3149,3151
3152,3153
3152,3154
3154,3155
3154,3157
3155,3156
3157,3158
3157,3159
3162,3163
3162,3179
3163,3164
3163,3177
3164,3165
3164,3175
3165,3166
3165,3173
3166,3167
3166,3171
3167,3168
3167,3169
3169,3170
3171,3172
3173,3174
3175,3176
3177,3178
3180,3181
3180,3204
3181,3182
3181,3192
3181,3194
3182,3183
3182,3190
3183,3184
3183,3188
3184,3185
3184,3186
3186,3187
3188,3189
3190,3191
3192,3193
3194,3195
3194,3202
3195,3196
3195,3200
3196,3197
3196,3198
3198,3199
3200,3201
3202,3203
3205,3206
3205,3219
3206,3207
3206,3217
3207,3208
3207,3215
3208,3209
3208,3213
3209,3210
3209,3211
3211,3212
3213,3214
3215,3216
3217,3218
3221,3222
3223,3224
3223,3225
3223,3226
3223,3231
3223,3233
3223,3234
3226,3227
3226,3229
3227,3228
3229,3230
3231,3232
3234,3235
3235,3236
3237,3238
3237,3239
3239,3240
3239,3241
3239,3244
3241,3242
3242,3243
3244,3245
3245,3246
3247,3248
3247,3249
3247,3252
3249,3250
3250,3251
3252,3253
3252,3255
3253,3254
3255,3256
3256,3257
3257,3258
3258,3259
3258,3262
3259,3260
3260,3261
3262,3263
3264,3265
3264,3266
3264,3267
3264,3268
3264,3269
3264,3270
3264,3273
3264,3279
3264,3284
3264,3285
3264,3287
3264,3289
3264,3290
3264,3291
3264,3292
3264,3293
3264,3356
3264,3357
3264,3359
3270,3271
3271,3272
3273,3274
3273,3276
3274,3275
3276,3277
3277,3278
3279,3280
3279,3283
3280,3281
3281,3282
3285,3286
3287,3288
3293,3294
3293,3297
3294,3295
3295,3296
3297,3298
3297,3301
3297,3303
3297,3305
3297,3312
3298,3299
3298,3300
3301,3302
3303,3304
3305,3306
3305,3307
3307,3308
3307,3310
3308,3309
3310,3311
3312,3313
3312,3341
3312,3353
3313,3314
3314,3315
3314,3319
3314,3320
3314,3340
3315,3316
3316,3317
3317,3318
3320,3321
3320,3322
3322,3323
3322,3324
3322,3325
3322,3339
3325,3326
3325,3329
3326,3327
3327,3328
3329,3330
3329,3331
3329,3338
3331,3332
3331,3333
3331,3336
3333,3334
3334,3335
3336,3337
3341,3342
3342,3343
3342,3347
3342,3348
3342,3352
3343,3344
3344,3345
3345,3346
3348,3349
3348,3350
3350,3351
3353,3354
3354,3355
3357,3358
3359,3360
3361,3362
3361,3363
3361,3365
3361,3371
3361,3373
3361,3394
3361,3409
3363,3364
3365,3366
3365,3369
3366,3367
3366,3368
3369,3370
3371,3372
3373,3374
3373,3375
3375,3376
3375,3393
3376,3377
3376,3380
3377,3378
3377,3379
3380,3381
3380,3383
3381,3382
3383,3384
3383,3391
3384,3385
3384,3390
3385,3386
3385,3389
3386,3387
3386,3388
3391,3392
3394,3395
3394,3396
3396,3397
3396,3408
3397,3398
3397,3401
3398,3399
3398,3400
3401,3402
3401,3404
3402,3403
3404,3405
3404,3406
3406,3407
3410,3411
3410,3412
3410,3413
3410,3418
3410,3420
3413,3414
3413,3416
3414,3415
3416,3417
3418,3419
3420,3421
3421,3422
3423,3424
3423,3425
3423,3426
3423,3431
3423,3433
3426,3427
3426,3429
3427,3428
3429,3430
3431,3432
3433,3434
3434,3435
3436,3437
3436,3438
3436,3439
3440,3441
3441,3442
3442,3443
3442,3444
3445,3446
3445,3447
3445,3449
3445,3451
3447,3448
3449,3450
3451,3452
3451,3457
3452,3453
3452,3454
3454,3455
3455,3456
3457,3458
3457,3461
3457,3464
3457,3466
3457,3468
3457,3469
3458,3459
3459,3460
3461,3462
3462,3463
3464,3465
3466,3467
3470,3471
3470,3472
3470,3473
3470,3478
3470,3480
3473,3474
3473,3476
3474,3475
3476,3477
3478,3479
3480,3481
3482,3483
3482,3484
3482,3487
3482,3488
3482,3489
3482,3490
3482,3491
3482,3492
3482,3493
3482,3494
3482,3495
3482,3496
3482,3497
3482,3498
3482,3499
3482,3501
3484,3485
3485,3486
3499,3500
3502,3503
3502,3504
3502,3505
3502,3510
3502,3512
3502,3513
3505,3506
3505,3508
3506,3507
3508,3509
3510,3511
3513,3514
3514,3515
3516,3517
3516,3518
3516,3519
3516,3520
3516,3521
3521,3522
3521,3523
3523,3524
3523,3526
3524,3525
3526,3527
3526,3538
3526,3553
3527,3528
3527,3537
3528,3529
3528,3530
3528,3535
3530,3531
3530,3534
3531,3532
3532,3533
3535,3536
3538,3539
3538,3552
3539,3540
3539,3541
3539,3546
3541,3542
3541,3545
3542,3543
3543,3544
3546,3547
3546,3548
3546,3550
3548,3549
3550,3551
3553,3554
3553,3564
3554,3555
3554,3556
3554,3561
3556,3557
3556,3560
3557,3558
3558,3559
3561,3562
3561,3563
3565,3566
3565,3567
3565,3568
3565,3569
3565,3572
3565,3583
3565,3585
3565,3587
3565,3588
3569,3570
3569,3571
3572,3573
3572,3575
3573,3574
3575,3576
3575,3578
3576,3577
3578,3579
3578,3580
3580,3581
3581,3582
3583,3584
3585,3586
3589,3590
3589,3591
3589,3593
3591,3592
3593,3594
3595,3596
3595,3597
3595,3598
3595,3608
3598,3599
3598,3601
3599,3600
3601,3602
3602,3603
3603,3604
3604,3605
3605,3606
3606,3607
3609,3610
3609,3619
3609,3622
3609,3624
3609,3680
3609,3682
3609,3684
3609,3685
3610,3611
3610,3615
3610,3617
3611,3612
3611,3613
3611,3614
3615,3616
3617,3618
3619,3620
3620,3621
3622,3623
3624,3625
3624,3626
3624,3642
3626,3627
3627,3628
3627,3632
3628,3629
3628,3630
3630,3631
3632,3633
3632,3635
3633,3634
3635,3636
3635,3639
3636,3637
3636,3638
3639,3640
3639,3641
3642,3643
3642,3644
3642,3670
3644,3645
3644,3648
3644,3649
3644,3654
3644,3668
3644,3669
3645,3646
3646,3647
3649,3650
3649,3652
3650,3651
3652,3653
3654,3655
3655,3656
3655,3661
3656,3657
3656,3659
3657,3658
3659,3660
3661,3662
3661,3665
3662,3663
3663,3664
3665,3666
3666,3667
3670,3671
3670,3672
3672,3673
3672,3676
3672,3678
3672,3679
3673,3674
3674,3675
3676,3677
3680,3681
3682,3683
3685,3686
3685,3731
3685,3746
3685,3761
3685,3779
3685,3787
3685,3795
3685,3805
3685,3849
3685,3852
3685,3855
3686,3687
3686,3730
3687,3688
3687,3703
3687,3711
3687,3719
3687,3723
3688,3689
3688,3702
3689,3690
3689,3691
3689,3694
3691,3692
3692,3693
3694,3695
3694,3696
3694,3699
3696,3697
3697,3698
3699,3700
3700,3701
3703,3704
3703,3710
3704,3705
3704,3707
3705,3706
3707,3708
3707,3709
3711,3712
3711,3718
3712,3713
3712,3715
3713,3714
3715,3716
3715,3717
3719,3720
3719,3722
3720,3721
3723,3724
3723,3729
3724,3725
3725,3726
3726,3727
3727,3728
3731,3732
3731,3745
3732,3733
3732,3734
3732,3737
3734,3735
3735,3736
3737,3738
3737,3739
3737,3742
3739,3740
3740,3741
3742,3743
3743,3744
3746,3747
3746,3760
3747,3748
3747,3749
3747,3752
3749,3750
3750,3751
3752,3753
3752,3754
3752,3757
3754,3755
3755,3756
3757,3758
3758,3759
3761,3762
3761,3778
3762,3763
3762,3764
3762,3768
3764,3765
3764,3767
3765,3766
3768,3769
3768,3770
3768,3774
3770,3771
3770,3773
3771,3772
3774,3775
3774,3777
3775,3776
3779,3780
3779,3786
3780,3781
3780,3783
3781,3782
3783,3784
3783,3785
3787,3788
3787,3794
3788,3789
3788,3791
3789,3790
3791,3792
3791,3793
3795,3796
3795,3797
3795,3803
3795,3804
3797,3798
3797,3800
3798,3799
3800,3801
3800,3802
3805,3806
3805,3848
3806,3807
3806,3808
3806,3810
3808,3809
3810,3811
3811,3812
3811,3813
3811,3816
3811,3827
3811,3841
3813,3814
3813,3815
3816,3817
3816,3826
3817,3818
3817,3821
3818,3819
3818,3820
3821,3822
3821,3825
3822,3823
3823,3824
3827,3828
3827,3840
3828,3829
3828,3832
3828,3835
3829,3830
3829,3831
3832,3833
3832,3834
3835,3836
3835,3839
3836,3837
3837,3838
3841,3842
3841,3847
3842,3843
3843,3844
3844,3845
3845,3846
3849,3850
3849,3851
3852,3853
3852,3854
3855,3856
3856,3857
3857,3858
3858,3859
3859,3860
3861,3862
3861,3863
3861,3864
3861,3869
3861,3871
3861,3874
3861,3879
3864,3865
3864,3867
3865,3866
3867,3868
3869,3870
3871,3872
3872,3873
3874,3875
3874,3877
3875,3876
3877,3878
3880,3881
3880,3882
3880,3883
3880,3885
3880,3906
3883,3884
3885,3886
3885,3887
3887,3888
3887,3889
3887,3890
3887,3895
3890,3891
3890,3892
3890,3894
3892,3893
3895,3896
3895,3897
3897,3898
3897,3900
3897,3902
3897,3904
3898,3899
3900,3901
3902,3903
3904,3905
3907,3908
3907,3909
3907,3910
3907,3915
3907,3917
3910,3911
3910,3913
3911,3912
3913,3914
3915,3916
3917,3918
3918,3919
3919,3920
3921,3922
3921,3923
3921,3924
3921,3925
3921,3930
3921,3935
3921,3937
3921,3939
3925,3926
3925,3928
3926,3927
3928,3929
3930,3931
3930,3932
3932,3933
3933,3934
3935,3936
3937,3938
3939,3940
3940,3941
3942,3943
3942,3944
3942,3945
3942,3950
3942,3952
3942,3954
3942,3955
3945,3946
3945,3948
3946,3947
3948,3949
3950,3951
3952,3953
3955,3956
3956,3957
3958,3959
3958,3960
3958,3961
3958,3966
3958,3968
3961,3962
3961,3964
3962,3963
3964,3965
3966,3967
3968,3969
3969,3970
3971,3972
3971,3973
3971,3975
3971,3977
3971,3978
3973,3974
3975,3976
