1.429, 12.939, 2.537
0.411, 0.965, 0.506
0.36, 1.261, 0.543
0.541, 2.778, 0.85
0.743, 2.778, 1.131
0.128, 0.036, 0.015
0.225, 0.255, 0.1
0.193, 0.202, 0.101
0.967, 3.286, 1.268
0.232, 0.239, 0.101
2.024, 12.684, 3.422
1.436, 5.448, 1.929
2.0, 5.448, 2.514
1.634, 12.908, 3.03
2.119, 12.908, 4.392
2.932, 12.908, 5.612
1.357, 7.137, 2.127
1.563, 7.137, 2.317
2.33, 7.075, 3.291
2.286, 3.737, 1.971
1.551, 20.566, 3.713
0.22, 0.474, 0.249
0.794, 2.759, 1.135
0.969, 4.505, 1.352
1.457, 4.491, 1.821
1.235, 3.164, 1.495
0.428, 0.493, 0.202
0.375, 0.446, 0.224
2.224, 15.031, 4.924
0.402, 0.429, 0.216
1.243, 6.701, 1.824
1.359, 6.701, 1.994
0.505, 1.002, 0.346
0.604, 1.002, 0.451
0.929, 18.973, 2.194
0.239, 0.244, 0.122
0.412, 1.24, 0.416
0.562, 1.24, 0.588
0.489, 2.194, 0.665
0.55, 2.194, 0.761
0.736, 2.128, 0.995
0.446, 1.056, 0.486
0.172, 0.354, 0.186
0.259, 0.554, 0.204
0.271, 0.554, 0.236
1.59, 6.5, 2.137
0.655, 1.69, 0.696
1.014, 3.077, 1.264
0.658, 1.666, 0.613
0.6, 1.561, 0.625
0.951, 3.492, 1.483
0.942, 2.645, 0.893
1.107, 2.645, 1.016
0.99, 3.2, 1.51
1.217, 16.838, 2.163
0.152, 0.087, 0.039
0.265, 0.557, 0.272
1.04, 2.585, 1.209
0.447, 0.855, 0.312
1.257, 16.838, 2.262
0.41, 0.355, 0.251
1.275, 16.838, 2.289
1.818, 3.926, 1.429
1.245, 2.941, 1.55
1.244, 16.838, 2.343
1.176, 7.168, 1.62
0.95, 4.902, 1.097
0.858, 2.137, 0.87
1.002, 4.87, 1.272
1.011, 4.87, 1.385
1.271, 4.711, 1.627
0.388, 0.184, 0.086
1.235, 3.089, 1.279
1.035, 1.806, 0.802
1.244, 1.806, 0.969
3.647, 7.143, 5.051
1.213, 15.475, 2.475
0.845, 5.611, 1.195
0.719, 2.279, 0.939
0.427, 1.381, 0.432
0.398, 1.176, 0.388
0.47, 1.111, 0.432
0.208, 0.055, 0.025
0.585, 1.273, 0.556
1.195, 5.611, 1.55
0.662, 1.948, 0.766
1.833, 5.464, 2.121
2.295, 5.464, 2.291
0.573, 0.919, 0.408
0.677, 0.919, 0.509
3.532, 6.903, 4.881
1.227, 16.838, 2.78
0.74, 4.139, 0.899
0.284, 0.428, 0.163
0.424, 1.36, 0.419
0.392, 1.152, 0.383
0.464, 1.091, 0.427
0.207, 0.048, 0.023
0.587, 1.265, 0.524
1.698, 4.09, 1.282
1.984, 4.09, 1.702
1.592, 2.701, 1.353
3.108, 6.168, 4.361
1.033, 14.457, 2.313
0.446, 0.92, 0.464
0.69, 2.476, 1.031
0.489, 2.054, 0.665
0.722, 2.047, 0.896
0.649, 1.784, 0.85
0.211, 0.239, 0.097
0.183, 0.215, 0.108
0.553, 2.24, 0.801
0.176, 0.169, 0.08
1.482, 6.262, 1.914
1.439, 6.262, 2.12
0.613, 0.808, 0.367
1.567, 11.801, 2.605
0.631, 2.044, 0.877
1.349, 11.801, 2.291
0.739, 1.821, 0.627
0.715, 1.375, 0.597
1.591, 11.801, 2.651
1.666, 11.801, 2.738
1.765, 11.801, 2.831
1.876, 11.801, 3.009
1.249, 6.91, 1.922
1.612, 6.91, 2.298
2.471, 6.853, 3.161
3.463, 11.753, 4.879
0.38, 0.524, 0.262
2.47, 24.565, 3.674
7.131, 12.567, 6.272
3.423, 11.89, 4.096
3.473, 11.89, 5.699
3.253, 13.242, 3.944
2.218, 8.541, 2.568
2.347, 4.985, 2.205
3.088, 8.391, 3.783
6.078, 12.91, 5.487
8.162, 12.687, 5.589
2.279, 8.663, 2.81
1.707, 5.494, 2.213
2.052, 13.465, 2.922
5.405, 13.188, 5.674
1.901, 12.19, 2.676
1.588, 10.521, 2.244
1.245, 10.521, 2.939
1.9, 10.485, 4.242
1.241, 5.614, 2.468
1.709, 7.539, 2.052
1.73, 6.073, 2.018
1.127, 3.3, 1.365
1.655, 7.539, 2.051
1.965, 7.539, 2.205
1.597, 7.204, 1.973
1.756, 7.204, 2.382
1.879, 6.483, 2.663
1.869, 7.201, 3.039
1.252, 2.759, 1.303
3.75, 7.423, 2.848
0.536, 1.733, 0.678
0.681, 1.733, 0.823
7.15, 10.771, 4.464
1.789, 14.882, 3.021
5.235, 13.988, 6.462
1.471, 14.882, 2.521
1.0, 6.556, 1.449
0.413, 2.232, 0.671
0.377, 1.602, 0.629
0.537, 2.232, 0.968
1.305, 6.528, 1.692
0.801, 2.216, 0.827
0.553, 1.59, 0.656
1.741, 6.431, 2.125
2.98, 6.411, 2.509
1.201, 4.561, 1.745
1.67, 4.42, 2.045
5.566, 14.335, 6.525
3.037, 4.882, 2.219
1.479, 9.958, 2.322
0.115, 0.16, 0.081
0.392, 1.578, 0.683
1.329, 4.491, 1.456
1.457, 4.491, 1.821
1.235, 3.164, 1.495
0.921, 2.063, 1.148
1.911, 9.777, 3.14
0.355, 0.436, 0.206
1.429, 6.032, 1.887
1.677, 6.032, 2.103
0.609, 1.053, 0.463
1.661, 20.604, 3.865
0.236, 0.26, 0.136
0.966, 3.188, 0.955
0.482, 1.313, 0.479
0.702, 1.308, 0.552
1.69, 3.072, 1.291
2.261, 5.896, 2.578
0.593, 1.176, 0.54
1.561, 20.584, 3.772
0.26, 0.596, 0.318
0.056, 0.046, 0.019
1.11, 5.388, 1.55
1.48, 5.373, 2.002
1.055, 2.443, 1.15
0.428, 0.493, 0.202
0.375, 0.446, 0.224
2.224, 15.031, 4.924
0.402, 0.429, 0.216
1.287, 6.7, 1.826
1.412, 6.7, 1.993
0.58, 1.383, 0.513
0.766, 1.383, 0.64
0.894, 10.261, 1.638
0.504, 1.206, 0.636
0.456, 1.879, 0.823
0.544, 2.067, 0.699
0.729, 2.067, 0.901
0.654, 1.787, 0.852
0.221, 0.226, 0.092
0.196, 0.202, 0.101
0.569, 2.263, 0.811
0.184, 0.163, 0.076
0.333, 0.54, 0.236
1.267, 3.738, 1.266
1.316, 3.738, 1.353
0.787, 2.175, 0.995
0.875, 10.25, 1.651
0.592, 1.436, 0.76
0.454, 1.869, 0.819
0.545, 2.108, 0.706
0.734, 2.108, 0.912
0.653, 1.786, 0.852
0.22, 0.228, 0.092
0.194, 0.203, 0.102
0.562, 2.24, 0.804
0.178, 0.171, 0.081
0.327, 0.54, 0.235
1.267, 2.973, 1.187
1.542, 2.973, 1.355
1.493, 14.403, 2.855
0.115, 0.16, 0.081
0.753, 2.555, 1.045
0.969, 4.505, 1.352
1.457, 4.491, 1.821
1.235, 3.164, 1.495
0.428, 0.493, 0.202
0.375, 0.446, 0.224
2.005, 13.173, 4.32
0.368, 0.379, 0.183
1.645, 5.531, 1.479
1.583, 5.531, 1.592
0.951, 2.066, 0.843
1.488, 2.024, 0.92
1.217, 16.838, 2.163
0.152, 0.087, 0.039
0.265, 0.557, 0.272
1.04, 2.585, 1.209
0.447, 0.855, 0.312
1.257, 16.838, 2.262
0.41, 0.355, 0.251
1.275, 16.838, 2.289
1.818, 3.926, 1.429
1.245, 2.941, 1.55
1.244, 16.838, 2.343
1.176, 7.168, 1.62
0.95, 4.902, 1.097
0.858, 2.137, 0.87
1.002, 4.87, 1.272
1.011, 4.87, 1.385
1.271, 4.711, 1.627
0.388, 0.184, 0.086
1.235, 3.089, 1.279
1.035, 1.806, 0.802
1.244, 1.806, 0.969
3.647, 7.143, 5.051
1.213, 15.475, 2.475
0.845, 5.611, 1.195
0.719, 2.279, 0.939
0.427, 1.381, 0.432
0.398, 1.176, 0.388
0.47, 1.111, 0.432
0.208, 0.055, 0.025
0.585, 1.273, 0.556
1.195, 5.611, 1.55
0.662, 1.948, 0.766
1.833, 5.464, 2.121
2.295, 5.464, 2.291
0.573, 0.919, 0.408
0.677, 0.919, 0.509
3.532, 6.903, 4.881
1.227, 16.838, 2.78
0.74, 4.139, 0.899
0.284, 0.428, 0.163
0.424, 1.36, 0.419
0.392, 1.152, 0.383
0.464, 1.091, 0.427
0.207, 0.048, 0.023
0.587, 1.265, 0.524
1.698, 4.09, 1.282
1.984, 4.09, 1.702
1.592, 2.701, 1.353
3.108, 6.168, 4.361
1.447, 15.152, 2.658
0.269, 0.484, 0.242
0.353, 1.328, 0.566
1.089, 3.14, 1.278
0.895, 4.556, 1.351
1.221, 4.54, 1.813
0.243, 0.124, 0.054
0.46, 0.575, 0.23
0.386, 0.481, 0.242
1.396, 10.367, 2.608
2.567, 10.367, 4.411
0.711, 1.929, 0.773
0.806, 1.929, 0.883
0.755, 1.929, 0.909
2.309, 14.947, 4.612
0.478, 0.492, 0.205
1.433, 6.833, 2.086
0.839, 1.666, 0.755
1.429, 5.365, 1.685
1.557, 5.365, 1.884
1.413, 2.908, 1.356
5.283, 23.444, 10.328
2.483, 12.978, 4.192
1.014, 3.072, 1.498
1.603, 17.648, 2.692
2.063, 6.033, 2.813
0.297, 0.237, 0.105
0.857, 3.863, 1.045
1.454, 3.697, 1.517
0.5, 1.71, 0.565
0.537, 1.71, 0.656
0.67, 1.684, 0.785
2.993, 9.041, 3.522
2.735, 8.232, 3.863
1.076, 2.718, 0.981
0.524, 1.541, 0.524
0.786, 1.477, 0.742
2.073, 17.626, 3.631
2.458, 17.487, 5.207
4.004, 17.487, 7.669
2.209, 14.183, 4.686
3.699, 14.175, 6.137
2.567, 11.646, 3.752
3.03, 11.646, 4.2
5.438, 11.646, 5.927
1.544, 5.761, 1.607
1.425, 5.761, 1.66
2.077, 4.418, 2.268
1.551, 5.761, 1.691
1.202, 2.615, 1.042
1.619, 2.57, 1.125
2.024, 13.025, 3.47
5.556, 12.812, 6.686
1.415, 8.001, 2.359
0.865, 2.989, 0.985
1.211, 2.937, 1.266
1.076, 3.092, 1.104
0.9, 1.5, 0.772
1.269, 3.092, 1.33
1.738, 3.092, 1.424
1.015, 4.013, 1.114
1.002, 1.916, 1.025
1.176, 4.013, 1.384
1.597, 4.013, 1.747
0.943, 4.014, 1.121
1.037, 1.918, 1.005
1.165, 4.014, 1.387
1.58, 4.014, 1.756
0.963, 4.014, 1.112
1.053, 1.926, 0.999
1.158, 4.014, 1.39
1.569, 4.014, 1.763
1.924, 7.614, 2.36
3.206, 7.614, 3.233
0.767, 1.529, 0.473
0.821, 1.529, 0.563
1.582, 15.056, 2.53
0.477, 0.578, 0.278
2.583, 3.533, 1.663
0.788, 3.14, 0.961
0.907, 3.14, 1.338
1.502, 9.971, 2.349
2.151, 9.906, 4.399
1.483, 9.339, 2.221
4.168, 9.065, 4.191
0.833, 1.256, 0.472
1.255, 8.038, 1.942
0.304, 0.213, 0.151
1.612, 8.038, 2.644
0.93, 3.319, 1.415
1.033, 1.756, 0.842
1.335, 9.322, 2.056
0.984, 3.353, 1.434
1.434, 9.322, 2.178
2.443, 8.452, 2.744
2.335, 8.317, 3.48
0.995, 3.418, 1.191
0.293, 0.281, 0.142
0.588, 1.463, 0.568
0.455, 1.463, 0.633
1.637, 9.179, 2.963
0.439, 0.512, 0.211
6.236, 14.845, 7.834
2.749, 14.822, 3.52
2.949, 7.487, 3.001
2.604, 5.139, 2.47
1.944, 11.798, 2.785
2.768, 9.526, 3.25
3.702, 9.5, 4.186
1.782, 11.798, 2.728
1.924, 11.798, 2.818
2.039, 11.798, 2.934
1.996, 11.798, 3.134
1.564, 6.369, 1.92
1.97, 6.36, 2.203
3.19, 6.284, 2.643
4.153, 9.09, 4.61
2.129, 12.191, 3.206
0.516, 0.882, 0.443
2.223, 12.096, 3.378
1.408, 5.886, 2.584
2.679, 10.904, 3.762
3.318, 10.904, 4.09
4.297, 10.904, 4.564
2.142, 12.005, 3.877
2.616, 12.005, 4.343
3.47, 12.005, 5.01
1.598, 12.558, 2.683
0.631, 2.044, 0.877
1.395, 11.801, 2.301
0.737, 2.392, 0.808
0.715, 1.375, 0.597
1.656, 11.801, 2.642
1.726, 11.801, 2.732
1.825, 11.801, 2.824
1.921, 11.801, 3.003
1.309, 6.91, 1.926
1.612, 6.91, 2.298
2.471, 6.853, 3.161
3.463, 11.753, 4.879
0.38, 0.524, 0.262
1.432, 13.354, 2.448
0.313, 0.228, 0.106
1.233, 4.465, 1.3
0.89, 1.412, 0.581
1.244, 4.465, 1.478
1.463, 4.465, 1.628
1.795, 4.465, 1.869
3.255, 11.549, 4.288
1.399, 13.354, 2.415
2.734, 8.002, 3.722
1.471, 13.354, 2.55
0.604, 2.728, 0.883
0.146, 0.259, 0.119
1.52, 13.354, 2.61
0.218, 0.584, 0.269
0.801, 3.206, 0.942
1.145, 3.195, 1.128
0.924, 1.074, 0.62
0.256, 0.293, 0.207
1.625, 9.675, 3.012
1.272, 5.59, 2.036
0.791, 1.491, 0.796
0.21, 0.269, 0.19
1.614, 9.735, 2.996
1.26, 5.333, 1.933
0.783, 1.491, 0.8
0.21, 0.269, 0.19
1.696, 9.559, 2.899
1.432, 5.142, 1.845
1.362, 1.979, 1.031
0.21, 0.269, 0.19
1.579, 8.652, 2.825
1.355, 6.004, 2.179
0.777, 1.492, 0.805
0.21, 0.269, 0.19
1.583, 9.679, 2.934
1.216, 4.931, 1.785
0.774, 1.494, 0.807
0.21, 0.269, 0.19
1.652, 8.41, 2.654
1.521, 5.486, 1.941
1.356, 1.962, 1.025
0.21, 0.269, 0.19
1.633, 8.301, 2.643
1.504, 5.552, 1.975
1.355, 1.962, 1.025
0.21, 0.269, 0.19
1.392, 9.571, 2.132
1.431, 4.269, 1.691
0.766, 2.399, 1.153
0.959, 3.527, 1.141
0.931, 3.527, 1.25
0.221, 0.243, 0.105
0.673, 1.207, 0.853
1.258, 11.286, 2.405
1.068, 4.741, 1.554
0.331, 0.357, 0.167
0.864, 3.981, 1.227
0.88, 3.959, 1.415
0.208, 0.181, 0.085
0.448, 0.794, 0.561
1.555, 8.248, 2.744
1.373, 6.084, 2.206
0.772, 1.492, 0.808
0.21, 0.269, 0.19
1.568, 10.23, 2.983
1.11, 3.962, 1.436
0.771, 1.495, 0.809
0.21, 0.269, 0.19
1.665, 9.169, 2.706
1.436, 4.392, 1.558
1.353, 1.959, 1.024
0.209, 0.269, 0.19
1.669, 9.562, 2.856
1.386, 4.752, 1.706
1.353, 1.958, 1.023
0.209, 0.269, 0.19
2.651, 13.267, 4.221
0.989, 2.26, 1.037
0.797, 2.051, 0.965
2.445, 4.676, 3.307
1.466, 9.476, 2.517
1.192, 4.655, 1.5
0.677, 1.482, 0.656
0.267, 0.11, 0.045
0.293, 0.463, 0.328
1.223, 10.771, 2.069
1.194, 4.33, 1.571
0.26, 0.762, 0.37
1.076, 4.465, 1.296
0.664, 2.417, 0.798
0.374, 0.549, 0.236
0.842, 3.951, 1.318
1.315, 3.846, 1.84
0.209, 0.269, 0.19
1.112, 10.647, 1.968
1.076, 3.51, 1.433
0.28, 0.842, 0.41
0.927, 2.768, 0.948
0.673, 2.329, 0.802
0.456, 1.047, 0.472
0.748, 3.981, 1.341
1.258, 3.854, 1.867
0.209, 0.269, 0.19
1.279, 10.727, 2.278
0.801, 3.19, 1.154
0.256, 0.751, 0.363
1.234, 8.647, 2.022
0.717, 1.86, 0.626
0.797, 1.86, 0.743
0.336, 0.365, 0.185
1.184, 10.727, 2.29
1.708, 10.683, 3.146
2.627, 10.678, 4.624
1.22, 2.731, 1.26
0.732, 4.415, 1.269
0.827, 4.334, 1.393
0.461, 0.983, 0.402
1.642, 5.465, 2.181
0.678, 1.496, 0.697
0.209, 0.269, 0.19
2.244, 8.686, 3.401
0.495, 0.599, 0.303
1.178, 14.455, 1.991
0.314, 0.413, 0.183
1.191, 1.744, 0.724
0.551, 0.739, 0.313
0.789, 2.361, 0.829
0.473, 1.413, 0.6
1.947, 1.058, 0.748
1.297, 11.497, 1.944
2.267, 11.473, 3.667
3.697, 11.473, 5.356
0.963, 3.132, 0.924
1.033, 2.414, 1.029
0.649, 2.004, 0.975
0.95, 3.1, 0.942
1.128, 2.308, 1.098
0.849, 3.07, 0.907
0.562, 1.224, 0.473
0.67, 1.224, 0.564
1.479, 4.522, 1.752
0.537, 0.657, 0.335
0.521, 1.757, 0.493
0.37, 0.516, 0.227
0.657, 1.77, 0.836
0.597, 1.181, 0.493
0.827, 13.961, 1.863
0.505, 1.035, 0.52
0.749, 2.667, 1.106
0.49, 2.054, 0.666
0.723, 2.047, 0.897
0.65, 1.788, 0.852
0.212, 0.242, 0.098
0.183, 0.215, 0.108
0.547, 2.267, 0.816
0.165, 0.178, 0.085
0.626, 2.283, 0.715
0.779, 2.283, 1.076
0.324, 0.543, 0.206
1.049, 3.135, 1.159
0.733, 3.135, 0.969
0.297, 0.514, 0.181
1.058, 10.231, 1.816
0.504, 1.206, 0.636
0.453, 1.878, 0.824
0.538, 2.054, 0.696
0.724, 2.047, 0.894
0.651, 1.78, 0.848
0.213, 0.239, 0.098
0.184, 0.219, 0.11
0.661, 2.272, 0.844
0.171, 0.195, 0.091
1.537, 6.224, 1.93
1.738, 6.224, 2.066
2.631, 6.224, 2.989
1.362, 15.545, 3.59
0.514, 1.112, 0.565
0.598, 2.38, 0.704
0.372, 0.67, 0.221
0.397, 0.67, 0.264
1.764, 14.632, 2.452
0.478, 0.561, 0.271
2.581, 3.533, 1.662
1.258, 3.341, 1.146
0.891, 2.232, 0.883
1.989, 14.632, 2.885
1.518, 5.454, 2.336
2.115, 14.551, 3.01
2.701, 10.229, 3.842
2.481, 10.229, 4.444
1.959, 8.149, 2.405
2.632, 7.967, 3.295
2.767, 14.468, 4.705
0.314, 0.224, 0.119
0.824, 2.868, 1.042
0.348, 0.937, 0.401
2.669, 5.258, 1.895
2.494, 5.258, 2.268
1.091, 1.74, 0.912
1.506, 13.095, 2.423
0.419, 0.538, 0.253
0.797, 1.918, 0.761
0.832, 1.892, 0.901
0.655, 1.36, 0.571
0.805, 1.36, 0.696
1.612, 9.352, 2.341
1.979, 9.352, 2.793
3.826, 9.317, 3.988
0.804, 1.628, 0.76
1.164, 5.211, 1.741
1.328, 5.211, 2.022
1.713, 5.211, 2.465
2.066, 12.979, 3.812
0.555, 0.757, 0.29
0.491, 0.637, 0.28
1.548, 10.132, 2.283
1.619, 10.132, 2.353
2.349, 8.696, 3.63
1.723, 10.104, 2.427
1.004, 1.667, 0.639
0.891, 1.6, 0.587
0.791, 1.6, 0.642
0.599, 0.917, 0.415
1.4, 15.705, 2.059
0.98, 9.995, 1.792
0.648, 1.485, 0.483
0.667, 1.485, 0.603
0.648, 0.891, 0.395
0.403, 0.033, 0.023
1.429, 9.995, 2.96
0.237, 0.25, 0.177
1.572, 2.867, 1.644
2.996, 0.024, 0.017
1.443, 6.527, 1.917
0.615, 1.503, 0.541
0.75, 1.503, 0.658
0.684, 1.822, 0.602
0.388, 0.446, 0.207
1.752, 12.607, 2.387
1.316, 4.792, 1.852
1.506, 11.244, 2.325
1.519, 11.244, 2.362
1.485, 10.376, 2.704
1.862, 10.369, 4.188
1.317, 5.655, 1.953
2.264, 5.459, 2.517
1.578, 11.238, 2.278
2.345, 7.904, 2.474
2.557, 7.904, 3.318
1.347, 11.238, 2.257
0.882, 3.699, 1.048
1.467, 3.694, 1.497
0.309, 0.934, 0.379
2.017, 11.195, 3.351
2.818, 11.171, 4.249
0.449, 0.734, 0.519
1.868, 12.607, 2.445
2.569, 12.084, 4.78
1.91, 12.607, 2.338
1.035, 2.719, 0.976
0.845, 2.715, 0.85
1.255, 2.687, 0.964
3.696, 9.962, 3.991
1.411, 5.342, 1.419
0.749, 1.081, 0.454
0.756, 0.998, 0.442
1.336, 3.069, 1.111
1.08, 1.96, 0.908
2.259, 12.607, 2.685
1.931, 7.845, 2.098
2.535, 7.827, 2.496
2.713, 6.582, 2.361
3.133, 6.484, 2.693
2.16, 7.784, 2.98
3.15, 7.784, 3.754
1.444, 6.221, 1.715
1.621, 4.547, 1.659
1.804, 4.546, 1.781
0.89, 1.867, 0.823
1.118, 6.221, 1.716
1.447, 6.221, 1.991
0.963, 2.191, 1.113
1.829, 4.367, 1.939
0.761, 1.261, 0.474
1.597, 10.578, 2.311
0.903, 2.19, 0.984
1.733, 10.578, 2.506
1.068, 3.651, 1.174
0.865, 3.211, 1.01
1.164, 3.2, 1.23
2.801, 10.485, 3.941
2.477, 9.362, 4.042
2.563, 6.787, 2.873
0.783, 1.66, 0.698
2.669, 7.148, 3.006
2.108, 7.148, 3.407
2.759, 7.138, 2.801
2.493, 7.138, 3.27
1.49, 2.368, 1.206
1.257, 15.705, 1.902
1.503, 11.529, 2.176
1.544, 11.529, 2.208
1.224, 6.498, 1.477
1.214, 6.461, 1.406
0.689, 1.255, 0.593
1.278, 6.455, 1.812
1.396, 6.455, 1.997
0.754, 1.604, 0.588
1.277, 5.262, 1.387
1.355, 3.75, 1.519
1.176, 5.262, 1.547
1.33, 5.262, 1.686
0.929, 2.522, 0.991
1.342, 4.795, 1.392
1.317, 4.795, 1.538
0.813, 1.29, 0.595
2.692, 5.283, 3.736
1.65, 11.514, 2.725
1.375, 7.909, 2.011
0.451, 1.163, 0.378
0.497, 1.145, 0.443
1.675, 4.421, 1.711
0.898, 3.17, 1.545
2.601, 4.288, 1.913
0.654, 1.14, 0.806
1.044, 7.762, 1.603
0.863, 2.431, 0.886
0.865, 2.387, 0.991
0.552, 1.42, 0.553
0.85, 2.102, 0.845
0.424, 1.404, 0.677
1.395, 2.046, 0.934
0.281, 0.46, 0.325
1.988, 9.343, 2.898
1.544, 6.623, 2.194
0.431, 0.958, 0.365
2.025, 3.915, 2.768
2.516, 10.516, 2.864
2.461, 10.516, 2.799
1.865, 6.357, 2.117
2.228, 6.357, 2.316
3.011, 6.357, 2.734
3.605, 6.357, 3.254
3.844, 8.037, 3.629
0.779, 1.378, 0.974
0.804, 9.811, 1.474
0.551, 1.671, 0.486
0.379, 1.104, 0.423
0.481, 1.389, 0.426
0.5, 1.389, 0.463
0.489, 1.389, 0.544
0.567, 1.671, 0.507
0.659, 1.438, 0.686
0.496, 1.671, 0.49
0.537, 1.671, 0.533
0.558, 1.671, 0.664
0.562, 1.58, 0.478
0.521, 1.58, 0.507
0.374, 0.605, 0.275
0.991, 1.91, 1.351
1.086, 6.029, 1.368
0.945, 5.364, 1.067
0.465, 1.221, 0.459
0.879, 3.161, 1.045
0.95, 3.161, 1.134
0.969, 3.161, 1.202
1.026, 5.363, 1.176
1.496, 5.282, 2.079
0.863, 2.63, 0.948
0.953, 2.63, 1.017
0.972, 2.608, 1.001
0.971, 2.762, 0.908
0.983, 2.762, 1.014
0.86, 2.729, 1.136
0.924, 1.777, 1.256
1.212, 6.154, 1.403
1.161, 6.154, 1.314
0.463, 1.221, 0.458
1.257, 6.154, 1.558
1.031, 3.127, 0.988
0.597, 1.551, 0.582
2.127, 6.072, 2.519
1.214, 5.222, 1.307
1.449, 5.119, 2.03
1.305, 4.806, 1.407
1.499, 4.806, 1.576
0.614, 1.244, 0.457
1.279, 3.109, 1.261
1.098, 3.406, 1.005
1.163, 3.348, 1.085
0.511, 0.665, 0.276
1.172, 2.531, 1.105
0.618, 1.164, 0.823
0.875, 5.659, 1.272
0.639, 2.099, 0.718
0.325, 1.101, 0.342
0.381, 1.101, 0.448
0.902, 2.099, 0.874
0.41, 1.357, 0.655
1.391, 2.042, 0.933
0.273, 0.444, 0.314
0.902, 5.665, 1.38
0.614, 2.097, 0.681
0.388, 1.205, 0.402
0.408, 1.205, 0.486
0.793, 2.097, 0.837
0.404, 1.334, 0.644
1.389, 2.04, 0.933
0.269, 0.436, 0.308
1.402, 8.357, 1.781
0.686, 1.094, 0.475
1.491, 8.357, 1.958
1.767, 8.357, 2.684
2.011, 8.342, 3.588
1.308, 3.182, 1.31
0.957, 2.839, 1.334
1.912, 3.138, 1.511
1.231, 3.452, 1.444
0.939, 1.731, 1.224
1.246, 9.43, 1.782
1.199, 9.43, 1.746
0.298, 0.37, 0.204
1.146, 2.172, 0.868
1.043, 1.709, 0.838
1.216, 9.43, 1.809
1.206, 9.43, 1.812
2.238, 5.565, 2.992
0.698, 2.889, 0.85
0.366, 0.425, 0.181
0.573, 0.999, 0.706
1.309, 8.808, 2.057
1.295, 8.808, 2.013
0.384, 0.909, 0.281
0.327, 0.42, 0.144
0.529, 0.909, 0.643
1.475, 8.808, 2.094
1.663, 8.808, 2.417
1.444, 8.808, 2.835
2.122, 8.782, 3.782
1.446, 2.382, 1.116
0.331, 0.553, 0.391
1.172, 9.413, 1.928
1.071, 6.528, 1.577
0.443, 1.208, 0.404
0.304, 0.424, 0.154
0.595, 1.053, 0.744
1.192, 6.287, 2.024
0.37, 0.653, 0.255
0.286, 0.471, 0.333
1.163, 4.222, 1.267
1.222, 4.222, 1.375
0.837, 3.521, 1.17
1.057, 3.506, 1.454
1.438, 2.369, 1.113
0.322, 0.536, 0.379
1.241, 5.891, 1.363
1.297, 5.891, 1.465
1.023, 2.928, 1.014
1.186, 2.928, 1.081
1.573, 2.928, 1.247
1.712, 2.926, 1.516
1.487, 2.349, 1.082
2.36, 4.629, 3.273
0.911, 5.198, 1.449
0.311, 0.446, 0.193
0.274, 0.44, 0.311
1.08, 4.021, 1.41
0.795, 2.435, 0.987
0.273, 0.438, 0.31
2.491, 15.658, 4.451
2.718, 15.658, 4.63
1.931, 14.155, 3.611
2.016, 14.155, 3.961
2.605, 14.135, 4.791
0.891, 2.794, 1.328
1.436, 13.354, 2.448
0.313, 0.228, 0.106
1.233, 4.465, 1.3
0.89, 1.412, 0.581
1.244, 4.465, 1.478
1.463, 4.465, 1.628
1.795, 4.465, 1.869
3.255, 11.549, 4.288
1.399, 13.354, 2.415
2.734, 8.002, 3.722
1.471, 13.354, 2.55
0.604, 2.728, 0.883
0.146, 0.259, 0.119
1.52, 13.354, 2.61
0.218, 0.584, 0.269
0.801, 3.206, 0.942
1.145, 3.195, 1.128
0.924, 1.074, 0.62
0.256, 0.293, 0.207
1.625, 9.675, 3.012
1.272, 5.59, 2.036
0.791, 1.491, 0.796
0.21, 0.269, 0.19
1.614, 9.735, 2.996
1.26, 5.333, 1.933
0.783, 1.491, 0.8
0.21, 0.269, 0.19
1.696, 9.559, 2.899
1.432, 5.142, 1.845
1.362, 1.979, 1.031
0.21, 0.269, 0.19
1.579, 8.652, 2.825
1.355, 6.004, 2.179
0.777, 1.492, 0.805
0.21, 0.269, 0.19
1.583, 9.679, 2.934
1.216, 4.931, 1.785
0.774, 1.494, 0.807
0.21, 0.269, 0.19
1.652, 8.41, 2.654
1.521, 5.486, 1.941
1.356, 1.962, 1.025
0.21, 0.269, 0.19
1.633, 8.301, 2.643
1.504, 5.552, 1.975
1.355, 1.962, 1.025
0.21, 0.269, 0.19
1.392, 9.571, 2.132
1.431, 4.269, 1.691
0.766, 2.399, 1.153
0.959, 3.527, 1.141
0.931, 3.527, 1.25
0.221, 0.243, 0.105
0.673, 1.207, 0.853
1.258, 11.286, 2.405
1.068, 4.741, 1.554
0.331, 0.357, 0.167
0.864, 3.981, 1.227
0.88, 3.959, 1.415
0.208, 0.181, 0.085
0.448, 0.794, 0.561
1.555, 8.248, 2.744
1.373, 6.084, 2.206
0.772, 1.492, 0.808
0.21, 0.269, 0.19
1.568, 10.23, 2.983
1.11, 3.962, 1.436
0.771, 1.495, 0.809
0.21, 0.269, 0.19
1.665, 9.169, 2.706
1.436, 4.392, 1.558
1.353, 1.959, 1.024
0.209, 0.269, 0.19
1.669, 9.562, 2.856
1.386, 4.752, 1.706
1.353, 1.958, 1.023
0.209, 0.269, 0.19
2.651, 13.267, 4.221
0.989, 2.26, 1.037
0.797, 2.051, 0.965
2.445, 4.676, 3.307
1.466, 9.476, 2.517
1.192, 4.655, 1.5
0.677, 1.482, 0.656
0.267, 0.11, 0.045
0.293, 0.463, 0.328
1.223, 10.771, 2.069
1.194, 4.33, 1.571
0.26, 0.762, 0.37
1.076, 4.465, 1.296
0.664, 2.417, 0.798
0.374, 0.549, 0.236
0.842, 3.951, 1.318
1.315, 3.846, 1.84
0.209, 0.269, 0.19
1.112, 10.647, 1.968
1.076, 3.51, 1.433
0.28, 0.842, 0.41
0.927, 2.768, 0.948
0.673, 2.329, 0.802
0.456, 1.047, 0.472
0.748, 3.981, 1.341
1.258, 3.854, 1.867
0.209, 0.269, 0.19
1.279, 10.727, 2.278
0.801, 3.19, 1.154
0.256, 0.751, 0.363
1.234, 8.647, 2.022
0.717, 1.86, 0.626
0.797, 1.86, 0.743
0.336, 0.365, 0.185
1.184, 10.727, 2.29
1.708, 10.683, 3.146
2.627, 10.678, 4.624
1.22, 2.731, 1.26
0.732, 4.415, 1.269
0.827, 4.334, 1.393
0.461, 0.983, 0.402
1.642, 5.465, 2.181
0.678, 1.496, 0.697
0.209, 0.269, 0.19
2.244, 8.686, 3.401
0.495, 0.599, 0.303
1.163, 10.263, 2.141
0.483, 1.031, 0.523
0.728, 2.668, 1.115
0.488, 2.054, 0.664
0.722, 2.047, 0.894
0.647, 1.778, 0.847
0.21, 0.234, 0.096
0.183, 0.215, 0.108
0.557, 2.241, 0.8
0.188, 0.195, 0.094
1.995, 5.738, 2.098
2.605, 5.738, 2.382
1.741, 5.835, 1.949
1.228, 4.049, 1.964
2.34, 5.827, 2.16
1.426, 3.395, 1.333
2.022, 3.003, 2.124
2.184, 13.292, 4.009
0.474, 1.235, 0.677
1.751, 4.174, 2.317
1.436, 13.025, 2.566
0.632, 2.045, 0.877
0.554, 1.046, 0.309
0.476, 0.66, 0.248
0.436, 0.578, 0.241
1.479, 11.801, 2.511
1.21, 7.524, 2.323
0.371, 0.65, 0.27
1.656, 11.801, 2.674
1.73, 11.801, 2.764
1.827, 11.801, 2.858
1.882, 11.801, 3.038
1.27, 7.225, 2.007
1.65, 7.225, 2.404
2.549, 7.168, 3.311
3.463, 11.753, 4.879
0.381, 0.524, 0.262
1.29, 8.238, 1.591
1.462, 3.529, 1.561
1.266, 3.248, 1.788
1.175, 8.238, 1.492
1.774, 8.148, 2.388
2.209, 8.014, 2.867
0.84, 1.538, 0.679
1.139, 4.948, 1.316
1.156, 1.746, 0.794
0.927, 4.926, 1.568
1.373, 4.813, 2.071
1.412, 3.653, 1.398
1.767, 3.653, 1.48
1.35, 2.374, 1.101
0.953, 3.645, 1.158
0.911, 2.051, 0.918
0.708, 3.645, 1.178
1.047, 3.596, 1.556
1.312, 3.394, 1.397
2.194, 3.391, 1.514
1.722, 3.227, 1.614
1.144, 9.387, 2.095
0.505, 1.011, 0.507
0.728, 2.668, 1.115
0.488, 2.054, 0.664
0.722, 2.047, 0.894
0.647, 1.778, 0.847
0.21, 0.234, 0.096
0.183, 0.215, 0.108
0.559, 2.24, 0.799
0.191, 0.19, 0.095
1.597, 6.114, 1.999
1.671, 6.114, 2.217
1.179, 2.728, 1.287
0.893, 10.261, 1.635
0.504, 1.206, 0.636
0.456, 1.879, 0.823
0.544, 2.067, 0.699
0.729, 2.067, 0.901
0.654, 1.787, 0.852
0.221, 0.229, 0.093
0.195, 0.205, 0.103
0.569, 2.263, 0.811
0.184, 0.163, 0.076
0.333, 0.54, 0.236
1.259, 3.738, 1.239
1.306, 3.738, 1.319
0.767, 1.961, 0.884
1.092, 12.078, 2.231
0.505, 1.011, 0.507
0.054, 0.035, 0.015
0.506, 2.005, 0.637
0.545, 1.469, 0.601
0.482, 1.116, 0.526
0.21, 0.234, 0.096
0.183, 0.215, 0.108
0.559, 2.24, 0.799
0.191, 0.19, 0.095
1.488, 6.149, 1.968
1.53, 6.149, 2.183
0.925, 1.944, 0.938
1.254, 20.301, 2.854
0.233, 0.246, 0.132
0.756, 3.378, 0.911
0.843, 3.378, 1.006
0.945, 3.378, 1.234
0.24, 0.168, 0.073
1.232, 5.686, 1.81
2.099, 5.686, 2.685
0.535, 1.913, 0.643
0.849, 1.898, 0.825
1.26, 3.139, 1.316
1.737, 3.106, 1.62
1.965, 19.36, 4.437
0.777, 2.005, 1.093
0.6, 3.575, 0.935
0.522, 1.185, 0.505
0.319, 0.993, 0.33
0.366, 0.993, 0.377
0.454, 0.993, 0.452
4.889, 13.929, 6.336
1.346, 13.388, 2.165
0.344, 0.598, 0.3
0.675, 2.816, 1.223
2.131, 5.173, 2.287
0.679, 1.533, 0.58
0.287, 0.097, 0.049
1.877, 8.288, 2.591
0.918, 2.587, 1.194
1.128, 10.316, 1.835
0.585, 1.437, 0.457
0.381, 0.533, 0.199
0.65, 1.519, 0.603
1.104, 5.841, 1.26
1.002, 4.422, 1.354
0.523, 1.678, 0.723
1.698, 4.404, 2.036
1.106, 5.825, 1.239
2.187, 5.807, 1.965
2.906, 5.794, 2.399
0.773, 1.644, 0.465
0.57, 1.021, 0.391
0.786, 1.648, 0.661
0.308, 0.428, 0.179
3.158, 10.237, 4.836
1.046, 9.801, 2.779
0.131, 0.208, 0.089
1.899, 9.782, 3.9
2.638, 9.763, 4.804
2.456, 8.171, 2.544
2.613, 8.171, 2.839
1.22, 3.142, 1.485
1.231, 19.748, 2.278
0.349, 0.281, 0.146
0.267, 0.598, 0.181
0.304, 0.598, 0.245
0.433, 0.598, 0.311
1.884, 5.149, 2.371
0.854, 2.087, 0.797
1.291, 2.175, 0.956
0.978, 3.397, 1.258
1.509, 2.607, 1.107
1.395, 4.156, 1.506
1.252, 3.075, 1.152
1.551, 4.528, 1.842
1.074, 2.912, 1.208
0.984, 3.073, 1.495
0.643, 1.595, 0.73
0.817, 2.078, 0.832
1.154, 3.493, 1.148
1.406, 3.254, 1.505
0.811, 1.477, 0.745
0.821, 13.979, 1.86
0.505, 1.035, 0.52
0.677, 2.306, 0.947
0.49, 2.054, 0.666
0.723, 2.047, 0.897
0.65, 1.788, 0.852
0.212, 0.242, 0.098
0.183, 0.215, 0.108
0.547, 2.267, 0.816
0.165, 0.178, 0.085
0.626, 2.283, 0.715
0.779, 2.283, 1.076
0.324, 0.543, 0.206
1.044, 3.135, 1.162
0.727, 3.135, 0.971
0.287, 0.514, 0.174
1.22, 20.993, 3.396
0.283, 0.348, 0.177
0.295, 0.591, 0.186
0.341, 0.591, 0.297
0.695, 1.647, 0.613
0.866, 2.496, 0.893
0.464, 0.676, 0.375
1.28, 3.036, 1.436
0.99, 2.505, 0.943
1.338, 14.227, 2.294
0.367, 0.831, 0.431
0.502, 2.098, 0.914
0.656, 2.784, 0.906
0.75, 2.784, 1.144
0.127, 0.036, 0.015
0.359, 0.672, 0.368
1.119, 4.633, 1.77
0.238, 0.208, 0.086
2.056, 7.598, 2.439
2.513, 7.475, 3.224
3.771, 7.448, 3.954
1.453, 14.205, 3.332
2.291, 14.196, 4.842
3.19, 14.196, 6.188
0.583, 1.614, 0.621
0.721, 1.614, 0.699
1.036, 1.551, 0.854
1.522, 14.298, 3.426
1.019, 3.444, 1.667
0.571, 1.353, 0.467
0.892, 1.353, 0.564
1.178, 11.415, 2.254
0.277, 0.149, 0.062
0.815, 2.261, 0.713
0.594, 0.844, 0.362
0.997, 2.219, 0.823
0.767, 1.306, 0.569
1.199, 14.455, 2.1
0.314, 0.413, 0.183
1.191, 1.744, 0.724
0.551, 0.739, 0.313
0.883, 2.937, 1.117
0.473, 1.413, 0.6
1.675, 2.895, 1.519
2.978, 0.063, 0.045
1.345, 13.518, 2.23
2.466, 13.494, 4.312
4.141, 13.494, 6.371
0.962, 3.132, 0.925
1.035, 2.414, 1.031
0.649, 2.004, 0.975
0.95, 3.1, 0.942
1.128, 2.308, 1.098
0.849, 3.07, 0.907
0.562, 1.224, 0.473
0.67, 1.224, 0.564
1.481, 4.522, 1.755
0.537, 0.657, 0.335
0.521, 1.757, 0.493
0.37, 0.516, 0.227
0.657, 1.77, 0.836
0.597, 1.181, 0.493
1.436, 13.031, 2.567
0.632, 2.045, 0.877
0.554, 1.046, 0.309
0.476, 0.66, 0.248
0.436, 0.578, 0.241
1.479, 11.801, 2.511
1.21, 7.524, 2.323
0.371, 0.65, 0.27
1.656, 11.801, 2.674
1.73, 11.801, 2.764
1.827, 11.801, 2.858
1.882, 11.801, 3.038
1.27, 7.225, 2.007
1.65, 7.225, 2.405
2.549, 7.168, 3.311
3.463, 11.753, 4.879
0.381, 0.524, 0.262
1.561, 22.672, 2.439
0.971, 9.76, 1.759
0.645, 1.507, 0.489
0.667, 1.485, 0.603
0.641, 0.891, 0.387
0.404, 0.033, 0.023
1.409, 9.76, 2.892
0.237, 0.25, 0.177
1.574, 3.102, 1.662
3.002, 0.485, 0.343
1.436, 6.527, 1.909
0.615, 1.503, 0.541
0.75, 1.503, 0.658
0.683, 1.822, 0.602
0.387, 0.447, 0.207
2.629, 22.665, 3.726
1.582, 6.552, 2.579
1.506, 11.293, 2.328
1.519, 11.293, 2.366
1.485, 10.376, 2.704
1.862, 10.369, 4.188
1.317, 5.655, 1.953
2.264, 5.459, 2.517
1.578, 11.288, 2.283
2.345, 7.907, 2.475
2.557, 7.907, 3.32
1.347, 11.288, 2.265
0.878, 3.699, 1.041
1.454, 3.694, 1.491
0.313, 0.933, 0.378
2.022, 11.245, 3.366
2.826, 11.221, 4.269
0.449, 0.734, 0.519
3.218, 22.665, 4.191
3.616, 17.488, 4.769
4.29, 17.488, 6.701
2.336, 8.249, 3.135
3.162, 22.665, 4.154
2.435, 12.128, 3.278
1.103, 4.196, 1.288
1.564, 4.168, 1.568
2.917, 9.962, 3.557
2.65, 7.882, 3.471
4.722, 22.544, 5.656
3.146, 9.051, 3.024
1.935, 6.525, 2.397
3.318, 21.575, 4.329
2.843, 15.604, 3.324
2.378, 7.119, 2.359
3.278, 7.119, 2.98
0.696, 2.015, 0.87
3.231, 15.604, 4.098
2.193, 7.985, 2.572
1.904, 6.489, 2.223
1.707, 6.354, 2.716
4.131, 21.556, 5.596
4.219, 21.556, 5.85
3.581, 16.764, 4.462
3.962, 16.71, 4.842
5.104, 16.279, 5.483
5.841, 16.05, 7.029
2.178, 3.953, 1.787
0.741, 1.261, 0.504
2.47, 7.348, 2.824
2.118, 7.348, 3.528
2.782, 7.351, 2.843
2.546, 7.351, 3.372
1.465, 2.375, 1.201
1.242, 14.116, 1.818
1.505, 11.527, 2.178
1.547, 11.527, 2.211
1.225, 6.498, 1.485
1.215, 6.461, 1.415
0.69, 1.255, 0.593
1.277, 6.455, 1.812
1.395, 6.455, 1.997
0.753, 1.604, 0.588
1.271, 5.261, 1.396
1.311, 3.636, 1.481
1.174, 5.261, 1.548
1.327, 5.261, 1.686
0.929, 2.521, 0.991
1.347, 4.944, 1.435
1.322, 4.944, 1.587
0.813, 1.29, 0.595
2.692, 5.283, 3.736
1.652, 11.511, 2.724
1.378, 7.909, 2.009
0.451, 1.163, 0.378
0.497, 1.145, 0.443
1.681, 4.421, 1.706
0.898, 3.17, 1.545
2.596, 4.307, 1.922
0.654, 1.14, 0.806
1.045, 7.762, 1.602
0.864, 2.431, 0.885
0.865, 2.387, 0.991
0.552, 1.421, 0.553
0.853, 2.102, 0.842
0.424, 1.404, 0.677
1.395, 2.046, 0.934
0.281, 0.46, 0.325
1.988, 9.343, 2.897
1.543, 6.617, 2.192
0.431, 0.958, 0.365
2.025, 3.915, 2.768
2.525, 10.519, 2.868
2.473, 10.519, 2.804
1.873, 6.356, 2.118
2.239, 6.356, 2.316
3.036, 6.356, 2.723
3.604, 6.356, 3.253
3.845, 8.037, 3.629
0.779, 1.378, 0.974
0.796, 9.515, 1.44
0.548, 1.671, 0.487
0.376, 1.104, 0.422
0.48, 1.389, 0.426
0.499, 1.389, 0.464
0.489, 1.389, 0.544
0.562, 1.671, 0.507
0.644, 1.425, 0.684
0.495, 1.671, 0.49
0.536, 1.671, 0.533
0.558, 1.671, 0.664
0.559, 1.588, 0.481
0.517, 1.588, 0.509
0.374, 0.605, 0.275
0.981, 1.89, 1.336
1.084, 5.944, 1.364
0.943, 5.333, 1.065
0.465, 1.221, 0.459
0.879, 3.161, 1.045
0.949, 3.161, 1.134
0.969, 3.161, 1.202
1.022, 5.333, 1.174
1.481, 5.251, 2.073
0.862, 2.63, 0.948
0.952, 2.63, 1.018
0.972, 2.608, 1.001
0.969, 2.762, 0.91
0.981, 2.762, 1.016
0.86, 2.729, 1.136
0.915, 1.758, 1.243
1.208, 6.148, 1.395
1.159, 6.148, 1.312
0.463, 1.221, 0.458
1.256, 6.148, 1.558
1.029, 3.134, 0.99
0.597, 1.551, 0.583
2.127, 6.066, 2.517
1.21, 5.198, 1.304
1.435, 5.095, 2.026
1.302, 4.806, 1.403
1.499, 4.806, 1.577
0.614, 1.244, 0.458
1.268, 3.051, 1.238
1.097, 3.406, 1.003
1.163, 3.348, 1.085
0.511, 0.665, 0.276
1.166, 2.535, 1.1
0.609, 1.147, 0.811
0.874, 5.659, 1.27
0.64, 2.099, 0.718
0.325, 1.101, 0.342
0.381, 1.101, 0.448
0.903, 2.099, 0.873
0.41, 1.357, 0.655
1.391, 2.042, 0.933
0.273, 0.444, 0.314
0.9, 5.665, 1.374
0.614, 2.097, 0.681
0.387, 1.205, 0.402
0.408, 1.205, 0.486
0.794, 2.097, 0.836
0.404, 1.334, 0.644
1.389, 2.04, 0.933
0.269, 0.436, 0.308
1.404, 8.356, 1.78
0.687, 1.094, 0.477
1.495, 8.356, 1.957
1.767, 8.356, 2.684
2.011, 8.342, 3.588
1.317, 3.182, 1.31
0.957, 2.839, 1.334
1.912, 3.138, 1.511
1.231, 3.452, 1.444
0.939, 1.731, 1.224
1.249, 9.248, 1.78
1.203, 9.248, 1.746
0.298, 0.37, 0.204
1.144, 2.172, 0.868
1.041, 1.727, 0.838
1.22, 9.248, 1.808
1.21, 9.248, 1.811
2.22, 5.483, 2.939
0.69, 2.806, 0.825
0.366, 0.425, 0.181
0.573, 0.999, 0.706
1.321, 8.805, 2.073
1.311, 8.805, 2.034
0.383, 0.909, 0.282
0.327, 0.42, 0.144
0.529, 0.909, 0.643
1.503, 8.805, 2.127
1.703, 8.805, 2.455
1.443, 8.805, 2.834
2.12, 8.781, 3.782
1.443, 2.378, 1.116
0.322, 0.536, 0.379
1.173, 9.23, 1.918
1.077, 6.528, 1.585
0.442, 1.208, 0.405
0.304, 0.424, 0.154
0.594, 1.053, 0.744
1.189, 6.287, 2.02
0.369, 0.652, 0.254
0.286, 0.471, 0.333
1.177, 4.213, 1.291
1.242, 4.213, 1.406
0.855, 3.689, 1.219
1.09, 3.675, 1.527
1.434, 2.364, 1.113
0.314, 0.519, 0.367
1.244, 5.856, 1.362
1.302, 5.856, 1.464
1.026, 2.928, 1.017
1.19, 2.928, 1.085
1.581, 2.928, 1.25
1.712, 2.926, 1.516
1.483, 2.343, 1.081
2.344, 4.597, 3.25
0.91, 5.198, 1.447
0.311, 0.446, 0.193
0.274, 0.44, 0.311
1.078, 4.021, 1.408
0.795, 2.435, 0.987
0.273, 0.438, 0.31
2.057, 14.074, 3.357
2.202, 14.074, 3.501
1.929, 14.074, 3.589
2.014, 14.074, 3.935
2.619, 14.05, 4.756
0.891, 2.793, 1.328
1.385, 12.408, 2.22
0.266, 0.053, 0.023
0.852, 2.398, 0.804
0.596, 0.833, 0.421
0.975, 2.473, 0.728
0.881, 1.301, 0.499
1.391, 8.254, 2.194
1.086, 3.212, 1.317
1.426, 3.212, 1.61
1.642, 8.239, 2.648
1.799, 8.212, 2.801
3.7, 8.184, 4.231
0.685, 1.646, 0.564
0.775, 1.646, 0.664
4.877, 12.388, 6.634
1.412, 21.024, 3.492
0.613, 0.575, 0.331
0.271, 0.482, 0.153
0.294, 0.482, 0.241
0.799, 2.312, 0.836
1.285, 4.848, 1.653
0.945, 2.363, 0.951
1.488, 4.207, 1.966
1.147, 4.848, 1.869
1.479, 4.848, 2.309
1.235, 14.767, 2.119
0.237, 0.089, 0.046
0.86, 4.223, 1.286
0.363, 1.446, 0.512
0.138, 0.224, 0.119
0.946, 4.36, 1.376
0.544, 0.758, 0.375
0.667, 1.556, 0.646
0.292, 0.186, 0.099
2.092, 9.546, 3.448
0.251, 0.191, 0.095
1.51, 10.637, 2.983
0.394, 1.056, 0.338
0.445, 1.046, 0.475
0.712, 4.07, 1.079
0.328, 0.675, 0.234
0.328, 0.666, 0.304
1.311, 4.541, 1.578
1.204, 3.557, 1.449
0.629, 1.771, 0.724
0.668, 1.19, 0.489
1.193, 3.864, 1.27
1.159, 3.864, 1.602
0.646, 1.562, 0.602
0.737, 2.029, 0.933
0.654, 1.111, 0.404
0.531, 0.547, 0.306
2.43, 11.198, 4.001
0.318, 0.428, 0.214
1.502, 9.419, 2.213
0.673, 1.467, 0.776
1.716, 9.413, 2.713
0.865, 2.381, 0.815
0.853, 2.381, 1.103
1.041, 3.343, 1.037
1.079, 2.175, 1.108
0.947, 3.343, 1.115
0.774, 3.312, 1.171
1.023, 3.312, 1.595
1.707, 3.654, 1.916
1.473, 14.952, 2.793
0.115, 0.16, 0.081
0.392, 1.578, 0.683
1.021, 4.505, 1.367
1.457, 4.491, 1.821
1.235, 3.164, 1.495
0.428, 0.493, 0.202
0.375, 0.446, 0.224
2.168, 14.771, 4.849
0.358, 0.426, 0.201
1.672, 6.765, 2.076
1.821, 6.765, 2.353
0.678, 1.257, 0.555
1.553, 13.491, 2.253
0.29, 0.581, 0.292
1.168, 3.674, 1.635
1.216, 3.407, 1.403
1.512, 13.485, 2.229
2.116, 7.056, 2.953
1.515, 13.485, 2.298
1.177, 2.838, 0.999
1.007, 1.663, 0.728
1.187, 2.709, 1.009
0.868, 2.148, 0.824
0.977, 2.501, 0.789
1.109, 2.501, 0.975
1.029, 1.434, 0.816
2.468, 13.42, 3.758
2.24, 13.42, 4.032
0.377, 0.499, 0.206
0.807, 1.544, 0.635
1.401, 5.157, 1.68
1.412, 5.157, 1.979
1.712, 5.157, 2.409
3.475, 7.091, 3.552
1.263, 13.367, 2.346
0.115, 0.16, 0.081
0.392, 1.578, 0.683
1.021, 4.505, 1.367
1.457, 4.491, 1.821
1.235, 3.163, 1.495
0.428, 0.493, 0.202
0.375, 0.446, 0.224
2.01, 13.173, 4.318
0.378, 0.379, 0.173
0.753, 1.487, 0.666
1.046, 3.245, 0.965
1.173, 3.245, 1.014
0.72, 1.851, 0.647
0.903, 1.851, 0.819
1.346, 13.388, 2.165
0.344, 0.598, 0.3
0.675, 2.816, 1.223
2.131, 5.173, 2.287
0.679, 1.533, 0.58
0.287, 0.097, 0.049
1.877, 8.288, 2.591
0.918, 2.587, 1.194
1.128, 10.316, 1.835
0.585, 1.437, 0.457
0.381, 0.533, 0.199
0.65, 1.519, 0.603
1.104, 5.841, 1.26
1.002, 4.422, 1.354
0.523, 1.678, 0.723
1.698, 4.404, 2.036
1.106, 5.825, 1.239
2.187, 5.807, 1.965
2.906, 5.794, 2.399
0.773, 1.644, 0.465
0.57, 1.021, 0.391
0.786, 1.648, 0.661
0.308, 0.428, 0.179
3.158, 10.237, 4.836
1.046, 9.801, 2.779
0.131, 0.208, 0.089
1.899, 9.782, 3.9
2.638, 9.763, 4.804
2.456, 8.171, 2.544
2.613, 8.171, 2.839
1.22, 3.142, 1.485
1.434, 10.911, 2.204
0.991, 2.981, 1.406
1.463, 10.911, 2.274
1.725, 8.079, 2.545
1.515, 7.967, 2.53
2.285, 7.967, 3.302
1.695, 8.079, 2.863
2.82, 8.079, 3.579
1.623, 10.815, 2.701
2.774, 10.764, 4.62
0.811, 1.45, 0.624
1.743, 4.189, 1.838
1.33, 10.525, 2.102
1.673, 10.481, 3.054
2.028, 10.428, 3.322
3.162, 10.424, 4.249
1.632, 10.481, 3.428
2.757, 10.476, 4.464
0.915, 5.27, 1.299
1.488, 5.207, 2.018
0.597, 1.2, 0.505
0.582, 1.2, 0.525
1.242, 3.718, 1.156
0.893, 2.217, 0.983
1.497, 3.713, 1.36
1.386, 2.26, 1.043
1.181, 12.842, 2.42
0.353, 0.301, 0.119
0.394, 0.684, 0.235
0.287, 0.266, 0.126
0.742, 1.925, 0.728
0.791, 1.871, 0.881
1.375, 12.842, 2.647
0.731, 6.553, 1.571
0.185, 0.448, 0.155
1.353, 6.553, 2.272
2.323, 6.493, 3.033
1.66, 12.842, 2.994
2.195, 12.164, 3.651
1.08, 2.54, 1.079
1.577, 12.842, 2.893
3.972, 12.668, 5.993
1.201, 11.475, 2.703
1.281, 11.475, 2.878
0.82, 1.216, 0.612
0.438, 1.213, 0.387
0.33, 0.312, 0.141
1.431, 3.976, 1.324
1.371, 3.976, 1.399
1.545, 3.976, 2.158
2.552, 12.584, 4.36
0.746, 1.437, 0.689
0.388, 0.653, 0.236
0.312, 0.345, 0.132
1.266, 13.367, 2.409
0.115, 0.16, 0.081
0.392, 1.578, 0.683
1.021, 4.505, 1.367
1.457, 4.491, 1.821
1.235, 3.164, 1.495
0.428, 0.493, 0.202
0.375, 0.446, 0.224
2.005, 13.173, 4.32
0.368, 0.379, 0.183
0.753, 1.487, 0.666
1.034, 3.245, 0.979
1.19, 3.245, 1.068
0.564, 0.829, 0.366
0.739, 2.796, 0.951
1.026, 2.796, 1.552
0.157, 0.125, 0.053
0.685, 1.229, 0.618
2.617, 13.887, 3.849
1.009, 2.88, 1.358
2.641, 5.885, 2.707
0.581, 1.557, 0.564
0.334, 0.216, 0.105
1.432, 13.354, 2.448
0.313, 0.228, 0.106
1.233, 4.465, 1.3
0.89, 1.412, 0.581
1.244, 4.465, 1.478
1.463, 4.465, 1.628
1.795, 4.465, 1.869
3.255, 11.549, 4.288
1.399, 13.354, 2.415
2.734, 8.002, 3.722
1.471, 13.354, 2.55
0.604, 2.728, 0.883
0.146, 0.259, 0.119
1.52, 13.354, 2.61
0.218, 0.584, 0.269
0.801, 3.206, 0.942
1.145, 3.195, 1.128
0.924, 1.074, 0.62
0.256, 0.293, 0.207
1.625, 9.675, 3.012
1.272, 5.59, 2.036
0.791, 1.491, 0.796
0.21, 0.269, 0.19
1.614, 9.735, 2.996
1.26, 5.333, 1.933
0.783, 1.491, 0.8
0.21, 0.269, 0.19
1.696, 9.559, 2.899
1.432, 5.142, 1.845
1.362, 1.979, 1.031
0.21, 0.269, 0.19
1.579, 8.652, 2.825
1.355, 6.004, 2.179
0.777, 1.492, 0.805
0.21, 0.269, 0.19
1.583, 9.679, 2.934
1.216, 4.931, 1.785
0.774, 1.494, 0.807
0.21, 0.269, 0.19
1.652, 8.41, 2.654
1.521, 5.486, 1.941
1.356, 1.962, 1.025
0.21, 0.269, 0.19
1.633, 8.301, 2.643
1.504, 5.552, 1.975
1.355, 1.962, 1.025
0.21, 0.269, 0.19
1.392, 9.571, 2.132
1.431, 4.269, 1.691
0.766, 2.399, 1.153
0.959, 3.527, 1.141
0.931, 3.527, 1.25
0.221, 0.243, 0.105
0.673, 1.207, 0.853
1.258, 11.286, 2.405
1.068, 4.741, 1.554
0.331, 0.357, 0.167
0.864, 3.981, 1.227
0.88, 3.959, 1.415
0.208, 0.181, 0.085
0.448, 0.794, 0.561
1.555, 8.248, 2.744
1.373, 6.084, 2.206
0.772, 1.492, 0.808
0.21, 0.269, 0.19
1.568, 10.23, 2.983
1.11, 3.962, 1.436
0.771, 1.495, 0.809
0.21, 0.269, 0.19
1.665, 9.169, 2.706
1.436, 4.392, 1.558
1.353, 1.959, 1.024
0.209, 0.269, 0.19
1.669, 9.562, 2.856
1.386, 4.752, 1.706
1.353, 1.958, 1.023
0.209, 0.269, 0.19
2.651, 13.267, 4.221
0.989, 2.26, 1.037
0.797, 2.051, 0.965
2.445, 4.676, 3.307
1.466, 9.476, 2.517
1.192, 4.655, 1.5
0.677, 1.482, 0.656
0.267, 0.11, 0.045
0.293, 0.463, 0.328
1.223, 10.771, 2.069
1.194, 4.33, 1.571
0.26, 0.762, 0.37
1.076, 4.465, 1.296
0.664, 2.417, 0.798
0.374, 0.549, 0.236
0.842, 3.951, 1.318
1.315, 3.846, 1.84
0.209, 0.269, 0.19
1.112, 10.647, 1.968
1.076, 3.51, 1.433
0.28, 0.842, 0.41
0.927, 2.768, 0.948
0.673, 2.329, 0.802
0.456, 1.047, 0.472
0.748, 3.981, 1.341
1.258, 3.854, 1.867
0.209, 0.269, 0.19
1.279, 10.727, 2.278
0.801, 3.19, 1.154
0.256, 0.751, 0.363
1.234, 8.647, 2.022
0.717, 1.86, 0.626
0.797, 1.86, 0.743
0.336, 0.365, 0.185
1.184, 10.727, 2.29
1.708, 10.683, 3.146
2.627, 10.678, 4.624
1.22, 2.731, 1.26
0.732, 4.415, 1.269
0.827, 4.334, 1.393
0.461, 0.983, 0.402
1.642, 5.465, 2.181
0.678, 1.496, 0.697
0.209, 0.269, 0.19
2.244, 8.686, 3.401
0.495, 0.599, 0.303
1.716, 13.149, 2.8
0.403, 0.71, 0.356
0.636, 1.546, 0.72
0.923, 4.506, 1.362
1.457, 4.491, 1.821
1.235, 3.163, 1.495
0.445, 0.494, 0.209
0.389, 0.49, 0.246
1.848, 13.149, 3.064
1.789, 12.008, 3.773
2.37, 11.967, 4.786
1.963, 11.931, 4.115
3.728, 11.829, 5.583
1.826, 13.149, 2.956
2.131, 12.475, 3.582
0.802, 2.336, 0.947
1.802, 13.149, 2.922
2.644, 8.665, 4.104
1.107, 7.39, 1.826
0.679, 2.431, 0.746
1.013, 2.39, 1.063
0.4, 0.694, 0.288
0.493, 0.694, 0.364
3.724, 7.39, 5.225
1.631, 10.764, 3.153
0.527, 2.468, 0.678
0.795, 2.369, 1.019
0.37, 0.556, 0.24
0.444, 0.556, 0.285
1.251, 2.463, 1.741
3.569, 11.836, 4.584
2.704, 5.19, 2.6
1.7, 13.13, 3.178
1.364, 13.13, 2.938
1.432, 13.13, 3.109
0.467, 0.57, 0.247
0.696, 1.325, 0.709
2.353, 13.13, 4.465
1.049, 2.467, 1.197
6.616, 13.106, 9.267
1.997, 10.097, 2.669
2.133, 10.097, 2.736
2.051, 10.097, 2.7
1.936, 10.097, 2.792
1.681, 8.497, 2.403
2.15, 8.497, 2.84
3.599, 8.439, 3.59
3.576, 10.097, 4.502
1.397, 6.94, 1.678
1.31, 6.94, 1.571
1.224, 6.94, 1.573
1.248, 6.94, 1.969
1.605, 6.94, 2.339
2.781, 6.94, 2.994
1.236, 2.931, 1.236
1.679, 2.931, 1.501
1.531, 18.794, 2.752
0.307, 0.161, 0.087
1.539, 18.794, 2.795
2.566, 12.096, 3.893
1.416, 6.875, 2.469
2.778, 6.823, 3.636
1.469, 18.794, 2.711
1.466, 18.794, 2.723
1.122, 3.46, 1.373
1.773, 18.741, 3.607
1.797, 18.741, 3.671
2.636, 15.37, 5.705
5.78, 15.334, 8.464
1.706, 18.741, 3.39
4.595, 18.626, 8.016
0.912, 3.932, 1.212
1.451, 3.932, 1.767
1.409, 11.397, 2.455
3.894, 11.279, 4.767
0.737, 3.719, 0.986
0.482, 0.958, 0.317
0.452, 0.671, 0.298
1.135, 2.826, 1.287
0.299, 0.368, 0.137
1.323, 10.596, 2.18
2.326, 8.62, 3.459
1.108, 10.596, 1.943
2.257, 10.483, 3.476
3.973, 10.483, 5.79
0.954, 9.926, 1.683
1.108, 9.926, 2.672
1.81, 9.923, 3.995
0.972, 4.263, 1.865
0.924, 5.468, 1.299
0.952, 5.468, 1.32
1.381, 5.468, 1.897
1.221, 2.807, 1.462
0.783, 5.012, 1.082
1.022, 3.34, 1.129
0.662, 1.993, 0.964
0.678, 2.771, 0.73
0.743, 2.756, 0.862
0.254, 0.019, 0.013
0.375, 0.634, 0.266
0.169, 0.154, 0.061
2.596, 5.012, 3.544
2.094, 8.716, 2.805
2.069, 8.716, 3.031
1.184, 3.665, 1.418
1.455, 15.326, 2.786
0.115, 0.16, 0.081
0.392, 1.578, 0.683
1.021, 4.505, 1.367
1.457, 4.491, 1.821
1.235, 3.164, 1.495
0.428, 0.493, 0.202
0.375, 0.446, 0.224
2.26, 15.144, 4.693
0.355, 0.436, 0.206
1.429, 6.032, 1.887
1.677, 6.032, 2.103
0.609, 1.054, 0.463
1.262, 8.487, 1.714
0.781, 1.423, 0.715
2.024, 5.169, 2.446
2.387, 7.586, 2.536
1.8, 4.018, 2.078
2.348, 6.795, 2.666
1.117, 3.115, 1.121
0.814, 1.38, 0.694
0.814, 4.461, 1.001
0.591, 2.164, 0.531
0.611, 2.164, 0.597
0.985, 2.056, 0.919
0.441, 0.711, 0.332
0.668, 1.496, 0.549
0.497, 0.628, 0.285
0.752, 2.686, 0.875
0.892, 2.626, 1.087
0.541, 1.178, 0.43
0.356, 0.302, 0.157
1.255, 13.367, 2.411
0.115, 0.16, 0.081
0.392, 1.578, 0.683
1.021, 4.505, 1.367
1.457, 4.491, 1.821
1.235, 3.164, 1.495
0.428, 0.493, 0.202
0.375, 0.446, 0.224
2.005, 13.173, 4.32
0.368, 0.379, 0.183
0.753, 1.487, 0.666
0.984, 3.237, 0.987
1.136, 3.237, 1.082
0.558, 0.893, 0.373
1.096, 17.881, 2.307
0.293, 0.356, 0.182
0.459, 2.275, 0.652
0.296, 0.561, 0.228
0.412, 0.561, 0.291
1.833, 3.628, 1.567
1.017, 1.454, 0.555
0.879, 1.104, 0.509
0.658, 2.008, 0.686
0.228, 0.087, 0.046
1.261, 3.102, 1.092
0.479, 0.622, 0.313
0.851, 2.302, 0.823
0.902, 1.55, 0.656
0.392, 0.759, 0.3
0.166, 0.087, 0.046
1.276, 14.249, 2.254
0.367, 0.831, 0.431
0.502, 2.098, 0.914
0.546, 2.784, 0.859
0.75, 2.784, 1.144
0.127, 0.036, 0.015
0.229, 0.253, 0.1
0.198, 0.201, 0.101
0.957, 4.238, 1.49
0.238, 0.208, 0.086
2.056, 7.598, 2.439
2.514, 7.475, 3.224
3.771, 7.449, 3.955
1.455, 14.226, 3.337
2.294, 14.217, 4.849
3.194, 14.217, 6.197
0.582, 1.614, 0.621
0.721, 1.614, 0.699
1.036, 1.551, 0.854
0.972, 9.465, 1.382
0.334, 0.233, 0.11
1.178, 4.432, 1.493
1.766, 4.414, 2.452
0.806, 2.535, 0.78
0.37, 0.385, 0.219
0.896, 2.056, 0.94
0.571, 0.918, 0.388
0.35, 0.672, 0.234
0.316, 0.396, 0.202
0.624, 2.206, 0.725
0.738, 1.503, 0.718
0.658, 2.206, 0.868
0.892, 2.206, 1.016
1.09, 3.001, 1.129
0.913, 2.503, 1.075
1.097, 2.481, 1.064
1.497, 2.481, 1.117
0.784, 2.215, 0.766
0.737, 1.775, 0.697
0.755, 2.215, 0.834
1.025, 2.215, 0.93
0.897, 3.219, 1.23
0.298, 0.399, 0.175
1.074, 2.302, 1.103
0.542, 1.752, 0.762
3.826, 9.287, 5.008
1.491, 14.535, 2.847
0.115, 0.16, 0.081
0.399, 1.628, 0.706
0.934, 4.505, 1.357
1.457, 4.491, 1.821
1.235, 3.164, 1.495
0.428, 0.493, 0.202
0.375, 0.446, 0.224
2.109, 14.354, 4.717
0.333, 0.413, 0.201
1.867, 5.25, 1.849
2.063, 5.25, 2.056
1.394, 4.066, 1.925
5.295, 22.399, 9.895
0.879, 10.25, 1.652
0.592, 1.436, 0.76
0.454, 1.869, 0.819
0.545, 2.108, 0.706
0.734, 2.108, 0.912
0.653, 1.786, 0.852
0.22, 0.228, 0.092
0.194, 0.203, 0.102
0.562, 2.24, 0.804
0.178, 0.171, 0.081
0.327, 0.54, 0.235
1.305, 2.979, 1.186
1.526, 2.979, 1.348
2.867, 15.099, 5.2
0.72, 1.841, 0.823
1.513, 11.409, 3.512
0.359, 0.554, 0.241
1.246, 19.668, 2.601
0.566, 1.423, 0.766
0.479, 0.81, 0.445
0.922, 3.072, 1.068
0.926, 3.072, 1.228
1.158, 2.956, 1.088
0.78, 1.285, 0.586
1.379, 5.278, 1.544
2.154, 5.266, 2.29
0.984, 2.192, 0.913
0.803, 1.26, 0.634
1.034, 7.226, 1.608
2.438, 7.226, 3.349
0.522, 1.102, 0.355
0.406, 0.266, 0.131
0.577, 1.665, 0.547
0.365, 0.244, 0.113
0.589, 1.421, 0.519
0.36, 0.248, 0.12
1.054, 2.136, 0.805
1.215, 2.129, 0.87
0.856, 3.707, 1.224
0.894, 3.32, 1.358
1.214, 3.32, 1.603
1.16, 3.32, 1.896
0.274, 0.601, 0.179
0.304, 0.601, 0.245
0.433, 0.601, 0.311
1.314, 3.435, 1.546
0.863, 2.497, 1.027
1.751, 9.142, 2.679
1.069, 2.105, 1.054
0.304, 0.232, 0.098
2.412, 5.54, 2.907
1.093, 10.23, 1.838
0.504, 1.206, 0.636
0.453, 1.878, 0.824
0.66, 2.047, 0.724
0.724, 2.047, 0.894
0.651, 1.78, 0.848
0.35, 0.689, 0.374
0.577, 2.266, 0.77
0.171, 0.195, 0.091
1.537, 6.223, 1.93
1.738, 6.223, 2.066
2.631, 6.223, 2.989
1.374, 15.41, 2.023
0.971, 9.76, 1.759
0.645, 1.507, 0.489
0.667, 1.485, 0.603
0.641, 0.891, 0.387
0.404, 0.033, 0.023
1.409, 9.76, 2.892
0.237, 0.25, 0.177
1.574, 3.102, 1.662
3.002, 0.485, 0.343
1.436, 6.527, 1.909
0.615, 1.503, 0.541
0.75, 1.503, 0.658
0.683, 1.822, 0.602
0.387, 0.447, 0.207
1.657, 12.656, 2.297
1.582, 6.552, 2.579
1.506, 11.293, 2.328
1.519, 11.293, 2.366
1.485, 10.376, 2.704
1.862, 10.369, 4.188
1.317, 5.655, 1.953
2.264, 5.459, 2.517
1.578, 11.288, 2.283
2.345, 7.907, 2.475
2.557, 7.907, 3.32
1.347, 11.288, 2.265
0.878, 3.699, 1.041
1.454, 3.694, 1.491
0.313, 0.933, 0.378
2.022, 11.245, 3.366
2.826, 11.221, 4.269
0.449, 0.734, 0.519
1.725, 12.656, 2.3
2.568, 12.083, 4.78
2.043, 12.656, 2.523
1.281, 4.366, 1.369
1.123, 4.366, 1.34
1.599, 4.338, 1.64
2.961, 9.995, 3.586
2.729, 7.938, 3.529
2.291, 12.656, 2.744
2.079, 7.985, 2.24
2.414, 7.119, 2.381
3.277, 7.119, 2.98
0.751, 2.291, 0.993
2.014, 7.985, 2.333
2.193, 7.985, 2.573
1.904, 6.494, 2.225
1.708, 6.36, 2.719
3.483, 12.507, 4.915
4.771, 12.507, 5.789
1.876, 3.99, 1.838
0.748, 1.268, 0.507
1.156, 6.932, 1.426
0.902, 2.19, 0.987
1.162, 6.932, 1.492
0.677, 2.478, 0.68
0.525, 1.619, 0.494
0.667, 1.61, 0.594
1.165, 2.529, 1.039
0.882, 2.244, 1.025
1.918, 6.888, 2.201
1.59, 6.686, 2.046
3.072, 6.686, 2.906
0.303, 0.65, 0.28
2.983, 6.839, 3.176
0.558, 1.241, 0.479
0.472, 1.112, 0.423
2.677, 7.237, 3.023
2.129, 7.237, 3.452
2.771, 7.245, 2.822
2.52, 7.245, 3.321
1.465, 2.375, 1.201
1.255, 15.41, 1.893
1.504, 11.528, 2.176
1.545, 11.528, 2.209
1.226, 6.498, 1.484
1.216, 6.461, 1.414
0.69, 1.255, 0.593
1.277, 6.455, 1.813
1.395, 6.455, 1.997
0.754, 1.605, 0.588
1.274, 5.264, 1.395
1.338, 3.636, 1.482
1.174, 5.264, 1.549
1.327, 5.264, 1.687
0.929, 2.523, 0.992
1.347, 4.95, 1.437
1.323, 4.95, 1.589
0.813, 1.29, 0.595
2.692, 5.283, 3.736
1.653, 11.512, 2.724
1.378, 7.909, 2.009
0.451, 1.163, 0.378
0.497, 1.145, 0.443
1.681, 4.421, 1.706
0.898, 3.17, 1.545
2.596, 4.307, 1.922
0.654, 1.14, 0.806
1.045, 7.762, 1.602
0.864, 2.432, 0.885
0.865, 2.388, 0.991
0.552, 1.421, 0.553
0.854, 2.102, 0.842
0.424, 1.404, 0.677
1.395, 2.046, 0.934
0.281, 0.46, 0.325
1.99, 9.343, 2.9
1.546, 6.644, 2.2
0.431, 0.958, 0.365
2.025, 3.915, 2.768
2.513, 10.514, 2.861
2.457, 10.514, 2.795
1.864, 6.355, 2.116
2.228, 6.355, 2.316
3.01, 6.355, 2.734
3.604, 6.355, 3.253
3.845, 8.037, 3.629
0.779, 1.378, 0.974
0.798, 9.518, 1.441
0.55, 1.672, 0.486
0.377, 1.104, 0.422
0.48, 1.389, 0.426
0.499, 1.389, 0.464
0.489, 1.389, 0.544
0.565, 1.672, 0.507
0.657, 1.425, 0.683
0.496, 1.672, 0.49
0.536, 1.672, 0.533
0.558, 1.672, 0.664
0.559, 1.589, 0.481
0.517, 1.589, 0.509
0.374, 0.605, 0.275
0.991, 1.91, 1.351
1.084, 5.945, 1.361
0.945, 5.333, 1.065
0.466, 1.221, 0.458
0.879, 3.16, 1.045
0.949, 3.16, 1.134
0.969, 3.16, 1.202
1.024, 5.333, 1.173
1.491, 5.252, 2.068
0.862, 2.631, 0.948
0.952, 2.631, 1.018
0.972, 2.608, 1.001
0.97, 2.762, 0.91
0.981, 2.762, 1.016
0.86, 2.729, 1.136
0.924, 1.777, 1.256
1.211, 6.174, 1.401
1.16, 6.174, 1.313
0.463, 1.221, 0.458
1.258, 6.174, 1.562
1.031, 3.125, 0.988
0.597, 1.551, 0.582
2.133, 6.092, 2.527
1.211, 5.199, 1.303
1.446, 5.096, 2.021
1.301, 4.806, 1.402
1.498, 4.806, 1.576
0.614, 1.244, 0.458
1.269, 3.054, 1.239
1.097, 3.406, 1.003
1.162, 3.348, 1.085
0.511, 0.665, 0.276
1.167, 2.537, 1.101
0.618, 1.164, 0.823
0.874, 5.659, 1.27
0.64, 2.099, 0.717
0.325, 1.101, 0.342
0.381, 1.101, 0.448
0.903, 2.099, 0.873
0.41, 1.357, 0.655
1.391, 2.042, 0.933
0.273, 0.444, 0.314
0.9, 5.665, 1.374
0.615, 2.097, 0.681
0.388, 1.205, 0.402
0.408, 1.205, 0.486
0.794, 2.097, 0.836
0.404, 1.334, 0.644
1.389, 2.04, 0.933
0.269, 0.436, 0.308
1.404, 8.358, 1.78
0.687, 1.094, 0.477
1.495, 8.358, 1.958
1.767, 8.358, 2.684
2.011, 8.344, 3.589
1.317, 3.182, 1.31
0.957, 2.839, 1.334
1.912, 3.138, 1.511
1.231, 3.452, 1.444
0.939, 1.731, 1.224
1.241, 9.248, 1.771
1.195, 9.248, 1.735
0.299, 0.37, 0.203
1.145, 2.172, 0.868
1.041, 1.728, 0.839
1.211, 9.248, 1.797
1.201, 9.248, 1.8
2.22, 5.483, 2.94
0.69, 2.806, 0.825
0.366, 0.425, 0.182
0.573, 0.999, 0.706
1.304, 8.806, 2.052
1.292, 8.806, 2.009
0.383, 0.909, 0.282
0.327, 0.42, 0.144
0.529, 0.909, 0.643
1.47, 8.806, 2.088
1.655, 8.806, 2.41
1.444, 8.806, 2.834
2.122, 8.781, 3.782
1.445, 2.378, 1.114
0.322, 0.536, 0.379
1.166, 9.23, 1.91
1.069, 6.528, 1.575
0.442, 1.208, 0.405
0.304, 0.424, 0.154
0.595, 1.053, 0.745
1.189, 6.287, 2.02
0.37, 0.652, 0.254
0.286, 0.471, 0.333
1.161, 4.212, 1.263
1.218, 4.212, 1.37
0.837, 3.519, 1.169
1.057, 3.504, 1.454
1.437, 2.364, 1.112
0.314, 0.519, 0.367
1.238, 5.855, 1.356
1.293, 5.855, 1.458
1.023, 2.928, 1.013
1.186, 2.928, 1.081
1.573, 2.928, 1.247
1.712, 2.926, 1.516
1.486, 2.343, 1.08
2.36, 4.629, 3.273
0.91, 5.198, 1.447
0.311, 0.446, 0.194
0.274, 0.44, 0.311
1.079, 4.021, 1.408
0.795, 2.438, 0.988
0.273, 0.438, 0.31
2.477, 15.364, 4.404
2.701, 15.364, 4.581
1.929, 14.132, 3.606
2.014, 14.132, 3.955
2.602, 14.112, 4.783
0.891, 2.793, 1.328
1.385, 12.316, 2.097
1.187, 1.889, 0.97
1.66, 9.015, 2.17
1.026, 3.252, 1.209
0.769, 2.153, 0.999
1.796, 9.015, 2.466
1.776, 9.015, 2.68
1.707, 9.015, 3.041
2.774, 8.975, 4.242
2.124, 12.229, 3.943
0.585, 1.44, 0.669
0.671, 1.52, 0.479
0.462, 0.675, 0.28
0.586, 0.675, 0.311
2.386, 8.359, 3.181
2.352, 8.359, 4.107
1.067, 7.637, 1.605
0.692, 1.536, 0.524
0.67, 1.536, 0.551
0.91, 1.536, 0.636
1.898, 7.58, 2.938
0.522, 0.714, 0.335
1.977, 5.711, 1.914
1.781, 3.42, 1.398
1.386, 10.609, 2.286
0.73, 1.585, 0.544
0.594, 0.915, 0.439
1.16, 3.25, 1.158
0.787, 2.009, 0.77
1.154, 2.009, 0.869
4.412, 10.5, 4.93
0.324, 0.544, 0.232
1.105, 7.658, 1.623
0.932, 7.658, 1.368
0.579, 2.555, 0.725
0.356, 0.755, 0.294
0.477, 0.755, 0.351
1.754, 7.62, 2.51
2.259, 7.62, 3.672
0.731, 1.533, 0.608
0.598, 1.533, 0.573
0.861, 1.533, 0.655
0.929, 2.082, 0.965
0.747, 1.979, 0.841
0.626, 1.979, 0.864
1.555, 14.503, 2.425
0.664, 3.052, 0.928
0.459, 1.998, 0.542
0.237, 0.25, 0.177
1.57, 3.003, 1.634
2.979, 0.37, 0.262
1.077, 7.798, 1.845
0.557, 1.227, 0.408
0.617, 1.227, 0.488
0.488, 0.789, 0.339
0.394, 0.016, 0.011
1.576, 14.503, 2.466
0.879, 2.355, 1.133
1.476, 2.198, 1.554
0.992, 4.552, 1.216
0.967, 2.236, 0.975
1.123, 4.495, 1.739
0.289, 0.388, 0.275
1.413, 13.299, 2.1
1.393, 13.299, 2.054
1.878, 6.987, 2.989
1.893, 8.499, 2.238
3.236, 8.499, 3.14
1.888, 4.093, 2.04
0.857, 2.72, 1.014
1.322, 13.299, 2.018
0.616, 1.45, 0.548
1.392, 13.299, 2.159
1.528, 6.718, 2.076
2.283, 6.718, 3.095
0.838, 1.425, 0.593
0.787, 1.412, 0.607
1.427, 13.299, 2.255
0.805, 1.865, 0.823
1.469, 12.635, 2.324
1.867, 10.053, 2.844
0.892, 2.666, 0.923
1.743, 8.836, 2.711
0.905, 2.597, 1.102
0.614, 1.563, 0.622
1.428, 12.635, 2.289
1.824, 12.635, 3.107
2.123, 12.618, 4.068
3.428, 12.617, 5.306
1.294, 7.258, 2.358
2.102, 7.258, 3.044
1.587, 6.267, 2.079
1.922, 6.267, 2.344
0.898, 2.733, 0.763
0.992, 2.733, 0.916
1.194, 2.733, 1.206
0.739, 1.376, 0.591
1.414, 13.282, 2.3
1.935, 13.174, 3.843
0.574, 1.561, 0.554
0.694, 1.561, 0.6
1.288, 10.27, 1.852
1.676, 10.27, 2.79
3.552, 10.245, 3.808
0.461, 1.07, 0.501
1.09, 3.316, 1.365
1.803, 3.22, 1.542
0.782, 3.304, 1.286
0.974, 4.105, 1.069
1.054, 4.097, 1.354
1.429, 3.931, 1.854
0.753, 1.839, 0.693
1.079, 5.154, 1.427
1.355, 5.113, 1.968
0.296, 0.431, 0.188
0.979, 2.386, 0.882
0.913, 2.386, 1.0
0.64, 1.438, 0.575
0.937, 4.208, 1.65
0.868, 1.559, 1.102
1.981, 11.161, 2.755
2.179, 7.254, 3.021
2.147, 11.144, 2.91
1.317, 5.32, 2.295
3.122, 10.94, 4.133
4.106, 10.94, 4.619
2.13, 6.667, 2.538
2.222, 6.667, 2.813
2.435, 6.667, 3.012
1.978, 5.708, 2.274
0.974, 3.607, 1.382
0.591, 1.023, 0.724
1.328, 10.242, 2.437
1.339, 6.309, 2.063
0.51, 0.677, 0.35
0.635, 1.563, 0.614
1.145, 4.881, 1.911
0.232, 0.307, 0.217
1.353, 9.872, 2.164
1.289, 3.133, 1.196
1.062, 2.479, 1.093
0.672, 1.535, 0.614
1.358, 4.911, 1.884
0.227, 0.297, 0.21
1.977, 14.503, 3.423
1.307, 4.727, 1.608
1.509, 4.727, 2.218
2.278, 13.924, 3.724
2.527, 13.392, 4.212
3.658, 13.392, 5.591
2.245, 10.69, 4.245
2.239, 13.924, 3.666
2.014, 13.924, 3.599
1.854, 13.924, 3.926
2.09, 13.924, 4.308
1.698, 13.599, 3.663
2.066, 13.599, 4.391
3.345, 13.582, 5.814
4.703, 9.031, 4.497
0.861, 1.739, 0.637
0.963, 1.632, 0.737
0.652, 1.949, 0.732
1.605, 3.052, 2.158
1.592, 9.071, 2.285
1.919, 6.677, 2.281
2.019, 6.677, 3.193
0.767, 1.564, 0.659
1.376, 4.259, 1.632
0.491, 0.824, 0.583
2.869, 9.072, 3.74
2.126, 14.153, 4.191
0.738, 1.89, 1.03
1.231, 3.389, 1.898
4.982, 29.519, 6.208
2.783, 7.659, 3.175
0.523, 1.207, 0.385
0.495, 1.207, 0.533
6.363, 21.337, 7.193
4.758, 14.769, 6.959
5.814, 29.432, 8.023
5.847, 29.432, 8.649
5.657, 29.432, 8.454
4.412, 14.521, 5.967
9.46, 27.554, 13.432
9.431, 24.966, 14.382
7.019, 18.774, 7.674
9.002, 18.774, 8.998
2.706, 7.164, 2.341
1.245, 1.983, 0.868
3.576, 18.01, 5.614
1.514, 3.746, 1.795
6.666, 17.443, 7.639
9.098, 16.742, 8.524
4.862, 22.736, 6.277
4.625, 10.145, 4.629
5.645, 22.538, 7.746
9.721, 21.912, 9.627
2.417, 3.414, 2.414
5.248, 26.406, 6.223
6.215, 21.683, 6.415
5.329, 13.728, 5.011
4.824, 13.314, 6.091
9.614, 20.234, 9.422
5.707, 10.598, 7.494
4.582, 25.491, 5.254
4.694, 25.465, 5.343
9.407, 22.253, 10.764
4.686, 14.315, 4.932
3.653, 14.269, 4.296
5.21, 14.269, 6.479
7.727, 13.681, 6.996
3.77, 7.071, 5.0
4.411, 15.111, 4.986
4.73, 14.784, 4.897
5.387, 14.61, 6.769
7.452, 12.329, 6.708
1.066, 1.743, 1.232
5.239, 15.81, 5.412
5.353, 13.454, 4.714
5.305, 13.454, 5.977
6.884, 12.44, 6.211
1.055, 1.721, 1.217
1.644, 5.048, 1.927
2.136, 5.048, 2.111
1.841, 2.637, 1.489
2.618, 5.178, 3.661
5.13, 24.576, 6.295
5.355, 14.863, 5.026
5.252, 14.722, 6.903
7.839, 22.969, 11.23
2.494, 4.519, 3.195
6.453, 25.262, 7.805
6.592, 24.705, 7.728
4.644, 13.593, 6.443
10.395, 23.22, 10.908
2.127, 3.786, 2.677
6.088, 23.553, 6.93
5.909, 17.39, 6.177
4.819, 13.401, 6.433
10.457, 22.109, 10.324
2.135, 3.802, 2.689
5.751, 23.436, 6.553
4.73, 13.817, 4.455
4.707, 13.628, 6.505
10.336, 22.033, 10.387
2.53, 4.224, 2.987
4.757, 14.502, 5.269
4.739, 14.314, 5.409
5.049, 13.843, 6.38
7.007, 12.868, 6.709
2.679, 4.884, 3.453
7.052, 24.767, 8.163
7.234, 24.373, 7.998
5.571, 17.655, 8.434
10.418, 23.65, 11.24
2.429, 4.023, 2.845
5.865, 25.091, 7.801
5.265, 25.091, 7.276
2.241, 5.083, 2.145
10.474, 24.019, 11.478
2.205, 3.886, 2.748
5.276, 26.398, 6.055
6.288, 14.466, 6.23
7.309, 13.188, 5.892
4.205, 15.89, 4.804
1.921, 5.537, 2.035
2.932, 5.48, 2.424
5.314, 15.39, 5.901
6.652, 15.39, 6.95
9.517, 25.64, 14.654
5.247, 13.892, 6.084
3.727, 6.62, 4.681
1.205, 4.653, 1.572
1.282, 4.653, 1.7
1.1, 4.653, 1.567
1.319, 4.653, 1.955
1.587, 19.09, 3.372
0.263, 0.306, 0.157
1.348, 4.529, 1.546
1.85, 4.358, 1.977
1.163, 4.294, 1.354
1.681, 4.227, 1.896
1.311, 3.087, 1.413
0.692, 1.56, 0.705
0.687, 3.382, 0.808
0.643, 1.951, 0.556
0.526, 1.951, 0.479
0.382, 0.523, 0.231
0.445, 0.699, 0.276
4.287, 29.506, 6.482
0.434, 0.575, 0.304
6.331, 25.979, 8.35
6.224, 25.979, 10.031
10.881, 24.409, 13.623
7.738, 20.725, 9.723
5.748, 24.176, 7.252
4.687, 14.023, 5.317
7.253, 13.186, 5.973
5.688, 15.89, 7.283
3.129, 8.336, 3.263
3.252, 14.821, 4.616
0.849, 3.256, 1.169
0.65, 0.977, 0.496
0.853, 3.424, 0.991
0.592, 1.403, 0.555
0.667, 0.976, 0.502
5.263, 13.492, 5.91
2.922, 13.866, 4.657
0.747, 2.544, 0.918
0.648, 0.976, 0.495
2.049, 27.559, 3.434
0.336, 0.802, 0.386
1.016, 2.587, 1.207
0.151, 0.173, 0.078
1.124, 3.436, 1.643
1.187, 3.022, 1.381
0.742, 1.666, 0.507
0.645, 1.287, 0.462
0.557, 0.701, 0.323
2.487, 10.397, 2.935
2.179, 6.872, 2.447
2.926, 6.872, 2.901
1.914, 8.193, 2.538
1.898, 8.193, 2.751
3.349, 8.193, 3.466
1.859, 8.461, 2.81
1.711, 8.4, 2.806
1.09, 5.532, 2.045
0.368, 0.456, 0.254
2.233, 8.363, 3.574
0.602, 0.913, 0.397
0.884, 2.107, 0.655
0.485, 0.359, 0.152
2.095, 12.002, 3.684
0.662, 0.973, 0.447
0.406, 0.71, 0.265
0.633, 0.825, 0.339
8.088, 23.123, 9.118
7.447, 26.168, 9.954
2.144, 16.232, 3.253
1.995, 11.919, 3.293
2.467, 11.887, 3.94
0.778, 1.623, 0.69
2.139, 16.232, 3.261
2.536, 7.862, 2.813
3.679, 7.844, 3.651
0.952, 1.669, 1.18
1.519, 8.238, 2.648
0.828, 1.645, 0.78
1.392, 6.309, 2.003
2.005, 6.309, 2.993
1.544, 8.012, 1.964
1.521, 3.695, 1.518
1.659, 8.012, 2.176
2.177, 8.012, 2.825
2.158, 6.577, 3.063
1.308, 3.54, 1.288
1.439, 3.54, 1.563
2.332, 16.232, 3.583
2.364, 15.565, 3.384
2.417, 15.565, 3.424
4.38, 15.325, 5.884
4.034, 14.278, 5.169
3.888, 14.278, 5.683
4.248, 14.278, 6.941
5.155, 14.26, 5.882
2.006, 14.362, 2.633
3.817, 14.048, 5.414
1.823, 9.691, 2.241
1.161, 1.92, 0.92
1.359, 1.939, 0.784
1.8, 9.691, 2.301
1.246, 5.522, 1.718
1.659, 5.52, 1.972
2.321, 5.499, 2.702
2.012, 9.636, 2.498
3.554, 8.245, 2.927
1.626, 6.779, 2.014
2.049, 6.624, 2.642
1.48, 5.283, 1.674
1.683, 5.283, 1.825
2.122, 5.283, 2.307
1.801, 6.495, 2.345
2.043, 6.495, 2.803
2.596, 9.636, 4.104
3.559, 8.3, 3.601
0.802, 1.396, 0.987
2.258, 16.205, 4.257
1.996, 16.205, 3.786
2.897, 15.583, 4.907
1.981, 7.579, 2.828
1.28, 4.761, 1.849
0.635, 1.204, 0.522
4.809, 15.278, 6.455
0.863, 3.288, 1.028
0.643, 1.107, 0.423
0.769, 3.286, 1.121
0.955, 3.263, 1.263
0.499, 0.872, 0.616
1.674, 5.141, 2.373
2.402, 5.141, 2.695
2.175, 4.089, 2.891
2.64, 4.238, 1.814
0.826, 3.494, 1.101
0.521, 0.612, 0.292
0.643, 2.004, 0.677
0.733, 2.004, 0.772
1.774, 15.171, 3.513
0.514, 1.112, 0.565
0.542, 1.433, 0.534
0.396, 0.501, 0.254
0.51, 1.37, 0.554
0.67, 1.37, 0.715
2.608, 10.182, 3.572
3.232, 10.182, 4.131
2.998, 10.182, 4.399
1.922, 14.68, 4.31
0.552, 1.173, 0.594
1.111, 2.539, 1.464
1.439, 15.735, 2.938
0.494, 1.213, 0.647
0.506, 2.074, 0.902
1.116, 4.524, 1.953
0.593, 3.063, 0.773
0.734, 3.063, 1.054
0.243, 0.124, 0.054
0.485, 0.561, 0.222
0.418, 0.446, 0.223
1.643, 14.347, 3.619
3.5, 14.293, 6.148
0.59, 1.686, 0.66
0.664, 1.686, 0.755
0.621, 1.686, 0.794
2.485, 15.52, 5.034
0.504, 0.491, 0.202
1.315, 4.047, 1.254
1.242, 4.047, 1.405
1.064, 2.372, 1.069
1.295, 14.952, 2.583
0.115, 0.16, 0.081
0.392, 1.578, 0.683
1.021, 4.505, 1.367
1.457, 4.491, 1.821
1.235, 3.164, 1.495
0.428, 0.493, 0.202
0.375, 0.446, 0.224
2.168, 14.771, 4.849
0.358, 0.426, 0.201
0.909, 1.487, 0.772
0.953, 3.219, 0.992
1.091, 3.219, 1.097
0.479, 0.683, 0.28
1.114, 14.525, 2.416
0.493, 1.06, 0.539
0.388, 1.59, 0.693
0.474, 2.054, 0.664
0.722, 2.047, 0.894
0.647, 1.778, 0.847
0.21, 0.234, 0.096
0.183, 0.215, 0.108
0.541, 2.24, 0.808
0.16, 0.183, 0.089
2.061, 5.677, 2.015
2.539, 5.677, 2.393
1.549, 16.534, 3.319
0.115, 0.16, 0.081
0.794, 2.759, 1.135
0.969, 4.505, 1.352
1.457, 4.491, 1.821
1.235, 3.164, 1.495
0.428, 0.493, 0.202
0.375, 0.446, 0.224
2.366, 16.352, 5.363
0.394, 0.442, 0.215
1.536, 6.711, 2.103
1.791, 6.711, 2.356
0.645, 1.522, 0.678
1.438, 20.212, 3.726
0.559, 0.763, 0.387
0.821, 3.839, 1.074
1.048, 3.839, 1.352
1.458, 3.839, 1.765
1.122, 2.278, 0.958
0.805, 0.934, 0.449
1.012, 4.441, 1.362
0.493, 0.861, 0.342
1.75, 4.389, 2.055
1.432, 13.354, 2.448
0.313, 0.228, 0.106
1.233, 4.465, 1.3
0.89, 1.412, 0.581
1.244, 4.465, 1.478
1.463, 4.465, 1.628
1.795, 4.465, 1.869
3.255, 11.549, 4.288
1.399, 13.354, 2.415
2.734, 8.002, 3.722
1.471, 13.354, 2.55
0.604, 2.728, 0.883
0.146, 0.259, 0.119
1.52, 13.354, 2.61
0.218, 0.584, 0.269
0.801, 3.206, 0.942
1.145, 3.195, 1.128
0.924, 1.074, 0.62
0.256, 0.293, 0.207
1.625, 9.675, 3.012
1.272, 5.59, 2.036
0.791, 1.491, 0.796
0.21, 0.269, 0.19
1.614, 9.735, 2.996
1.26, 5.333, 1.933
0.783, 1.491, 0.8
0.21, 0.269, 0.19
1.696, 9.559, 2.899
1.432, 5.142, 1.845
1.362, 1.979, 1.031
0.21, 0.269, 0.19
1.579, 8.652, 2.825
1.355, 6.004, 2.179
0.777, 1.492, 0.805
0.21, 0.269, 0.19
1.583, 9.679, 2.934
1.216, 4.931, 1.785
0.774, 1.494, 0.807
0.21, 0.269, 0.19
1.652, 8.41, 2.654
1.521, 5.486, 1.941
1.356, 1.962, 1.025
0.21, 0.269, 0.19
1.633, 8.301, 2.643
1.504, 5.552, 1.975
1.355, 1.962, 1.025
0.21, 0.269, 0.19
1.392, 9.571, 2.132
1.431, 4.269, 1.691
0.766, 2.399, 1.153
0.959, 3.527, 1.141
0.931, 3.527, 1.25
0.221, 0.243, 0.105
0.673, 1.207, 0.853
1.258, 11.286, 2.405
1.068, 4.741, 1.554
0.331, 0.357, 0.167
0.864, 3.981, 1.227
0.88, 3.959, 1.415
0.208, 0.181, 0.085
0.448, 0.794, 0.561
1.555, 8.248, 2.744
1.373, 6.084, 2.206
0.772, 1.492, 0.808
0.21, 0.269, 0.19
1.568, 10.23, 2.983
1.11, 3.962, 1.436
0.771, 1.495, 0.809
0.21, 0.269, 0.19
1.665, 9.169, 2.706
1.436, 4.392, 1.558
1.353, 1.959, 1.024
0.209, 0.269, 0.19
1.669, 9.562, 2.856
1.386, 4.752, 1.706
1.353, 1.958, 1.023
0.209, 0.269, 0.19
2.651, 13.267, 4.221
0.989, 2.26, 1.037
0.797, 2.051, 0.965
2.445, 4.676, 3.307
1.466, 9.476, 2.517
1.192, 4.655, 1.5
0.677, 1.482, 0.656
0.267, 0.11, 0.045
0.293, 0.463, 0.328
1.223, 10.771, 2.069
1.194, 4.33, 1.571
0.26, 0.762, 0.37
1.076, 4.465, 1.296
0.664, 2.417, 0.798
0.374, 0.549, 0.236
0.842, 3.951, 1.318
1.315, 3.846, 1.84
0.209, 0.269, 0.19
1.112, 10.647, 1.968
1.076, 3.51, 1.433
0.28, 0.842, 0.41
0.927, 2.768, 0.948
0.673, 2.329, 0.802
0.456, 1.047, 0.472
0.748, 3.981, 1.341
1.258, 3.854, 1.867
0.209, 0.269, 0.19
1.279, 10.727, 2.278
0.801, 3.19, 1.154
0.256, 0.751, 0.363
1.234, 8.647, 2.022
0.717, 1.86, 0.626
0.797, 1.86, 0.743
0.336, 0.365, 0.185
1.184, 10.727, 2.29
1.708, 10.683, 3.146
2.627, 10.678, 4.624
1.22, 2.731, 1.26
0.732, 4.415, 1.269
0.827, 4.334, 1.393
0.461, 0.983, 0.402
1.642, 5.465, 2.181
0.678, 1.496, 0.697
0.209, 0.269, 0.19
2.244, 8.686, 3.401
0.495, 0.599, 0.303
1.029, 10.231, 1.875
0.504, 1.206, 0.636
0.452, 1.879, 0.825
0.538, 2.054, 0.696
0.724, 2.047, 0.894
0.651, 1.78, 0.848
0.213, 0.239, 0.098
0.184, 0.219, 0.11
0.548, 2.241, 0.805
0.173, 0.191, 0.088
2.107, 6.024, 2.151
2.682, 6.024, 2.513
1.179, 20.001, 3.632
0.293, 0.356, 0.182
0.307, 0.824, 0.277
0.343, 0.824, 0.333
0.353, 0.822, 0.37
0.133, 0.159, 0.08
1.227, 5.046, 1.745
2.003, 4.948, 2.315
1.781, 9.861, 2.522
0.634, 0.884, 0.467
1.226, 4.223, 1.741
1.675, 5.886, 2.089
0.845, 2.077, 0.985
1.347, 9.102, 2.665
2.73, 9.088, 4.373
0.628, 1.53, 0.611
0.363, 0.409, 0.204
2.008, 6.408, 2.416
2.257, 6.408, 2.949
4.849, 27.519, 5.956
0.298, 0.32, 0.181
4.452, 12.564, 4.608
5.609, 11.812, 5.452
3.197, 11.875, 3.35
3.663, 11.875, 3.726
4.627, 11.875, 3.948
4.578, 6.847, 2.741
9.347, 27.076, 10.647
10.538, 21.664, 12.19
4.984, 19.511, 5.026
3.045, 4.075, 2.074
6.734, 19.505, 6.846
5.334, 11.516, 4.838
5.564, 10.708, 4.248
2.808, 7.041, 2.856
1.541, 20.996, 3.955
0.554, 0.783, 0.412
0.27, 0.477, 0.151
0.292, 0.477, 0.239
0.769, 1.532, 0.557
0.973, 3.513, 1.052
0.758, 1.724, 0.614
0.976, 1.724, 0.882
3.09, 12.43, 5.342
4.606, 26.875, 5.94
1.362, 2.912, 1.22
5.092, 26.875, 6.705
8.719, 25.716, 9.404
11.323, 25.716, 13.702
2.449, 5.857, 2.284
2.129, 4.271, 1.967
2.273, 4.075, 2.038
7.421, 15.377, 6.983
5.539, 12.844, 4.955
4.68, 12.485, 4.912
1.779, 5.958, 2.523
1.263, 13.367, 2.346
0.115, 0.16, 0.081
0.392, 1.578, 0.683
1.023, 4.491, 1.365
1.457, 4.491, 1.821
1.235, 3.163, 1.495
0.437, 0.45, 0.187
0.389, 0.402, 0.202
2.01, 13.173, 4.318
0.378, 0.379, 0.173
0.753, 1.487, 0.666
1.042, 3.245, 0.962
1.169, 3.245, 1.01
0.714, 1.852, 0.633
0.882, 1.852, 0.814
1.343, 12.535, 2.071
0.38, 0.446, 0.212
0.75, 1.556, 0.728
0.968, 3.872, 1.38
0.469, 1.008, 0.458
1.427, 12.535, 2.152
1.107, 7.498, 1.977
1.923, 7.438, 3.175
0.729, 2.691, 1.019
1.441, 12.534, 2.144
3.619, 6.286, 2.423
1.905, 6.22, 2.289
1.409, 12.471, 2.474
0.628, 0.725, 0.392
4.369, 12.46, 7.105
1.432, 9.017, 2.249
0.6, 1.015, 0.417
2.132, 9.017, 2.964
0.678, 1.337, 0.74
0.995, 2.33, 0.938
0.895, 1.94, 0.893
1.346, 2.33, 1.117
0.886, 2.837, 0.818
0.845, 2.793, 0.927
0.898, 2.793, 1.075
1.692, 7.874, 2.586
0.816, 1.285, 0.66
1.303, 11.255, 2.015
1.896, 11.243, 3.066
2.389, 6.424, 2.666
3.446, 6.296, 2.47
2.262, 11.173, 4.443
1.111, 7.314, 1.449
1.266, 3.289, 1.112
1.342, 3.248, 1.81
1.112, 7.314, 1.549
0.561, 1.211, 0.525
1.13, 7.305, 1.876
1.218, 7.305, 1.954
1.794, 4.757, 1.742
2.353, 4.757, 1.784
0.309, 1.264, 0.419
0.16, 0.14, 0.063
1.265, 4.718, 1.298
1.375, 4.718, 1.373
1.569, 4.718, 1.606
1.756, 4.718, 1.835
1.736, 9.29, 2.704
1.679, 9.29, 2.917
0.729, 2.857, 1.12
1.2, 2.747, 1.569
1.791, 8.25, 2.757
0.785, 2.475, 1.09
0.356, 1.486, 0.487
0.152, 0.167, 0.064
1.542, 16.529, 3.143
0.386, 0.681, 0.341
0.753, 2.555, 1.045
0.969, 4.505, 1.352
1.457, 4.491, 1.821
1.235, 3.164, 1.495
0.428, 0.493, 0.202
0.375, 0.446, 0.224
2.351, 16.354, 5.37
0.377, 0.442, 0.209
1.514, 5.539, 1.485
1.61, 5.539, 1.595
0.955, 2.073, 0.839
1.496, 1.989, 0.904
1.52, 15.527, 2.26
0.336, 0.802, 0.386
1.016, 2.587, 1.207
0.151, 0.173, 0.078
1.124, 3.436, 1.643
1.187, 3.022, 1.381
0.742, 1.666, 0.507
0.645, 1.287, 0.462
0.557, 0.701, 0.323
2.487, 10.397, 2.935
2.179, 6.871, 2.446
2.926, 6.871, 2.9
1.914, 8.186, 2.536
1.897, 8.186, 2.749
3.347, 8.186, 3.463
1.859, 8.46, 2.81
1.711, 8.4, 2.806
1.089, 5.532, 2.045
0.368, 0.456, 0.254
2.232, 8.362, 3.574
0.601, 0.914, 0.397
0.884, 2.107, 0.655
0.485, 0.359, 0.152
2.092, 11.969, 3.674
0.662, 0.973, 0.447
0.406, 0.71, 0.265
0.632, 0.825, 0.339
1.629, 15.527, 2.362
1.745, 11.685, 3.266
2.202, 11.652, 3.905
0.778, 1.623, 0.69
1.627, 15.527, 2.311
2.535, 7.857, 2.812
3.678, 7.84, 3.65
0.952, 1.669, 1.18
1.519, 8.239, 2.648
0.828, 1.646, 0.78
1.393, 6.309, 2.002
2.005, 6.309, 2.993
1.544, 8.012, 1.963
1.521, 3.695, 1.518
1.659, 8.012, 2.176
2.177, 8.012, 2.825
2.158, 6.575, 3.062
1.308, 3.541, 1.288
1.438, 3.541, 1.563
1.622, 15.527, 2.39
1.654, 9.684, 2.085
1.691, 9.684, 2.115
1.712, 9.684, 2.149
0.978, 1.565, 0.527
1.821, 9.684, 2.243
1.161, 1.92, 0.921
1.359, 1.939, 0.784
1.798, 9.684, 2.303
1.252, 5.522, 1.734
1.671, 5.519, 1.99
2.321, 5.498, 2.702
2.011, 9.629, 2.497
3.554, 8.245, 2.927
1.625, 6.778, 2.013
2.049, 6.623, 2.641
1.48, 5.281, 1.674
1.683, 5.281, 1.825
2.121, 5.281, 2.307
1.799, 6.488, 2.344
2.041, 6.488, 2.801
2.595, 9.629, 4.1
3.558, 8.3, 3.601
0.802, 1.396, 0.987
1.242, 15.499, 3.195
0.617, 3.395, 0.726
0.639, 3.288, 0.79
0.545, 0.578, 0.208
0.769, 3.286, 1.121
0.954, 3.263, 1.263
0.496, 0.865, 0.612
1.673, 5.141, 2.373
2.402, 5.141, 2.694
2.175, 4.089, 2.891
2.64, 4.237, 1.814
0.825, 3.5, 1.101
0.52, 0.61, 0.292
0.642, 2.004, 0.677
0.733, 2.004, 0.772
1.763, 11.801, 2.598
1.048, 4.287, 1.892
1.135, 5.153, 1.559
1.889, 5.153, 2.365
1.822, 7.131, 2.405
1.62, 4.881, 2.274
1.704, 11.801, 2.584
1.524, 7.218, 2.271
2.311, 7.21, 2.719
1.863, 11.801, 2.784
1.903, 11.801, 2.888
1.844, 11.801, 2.93
1.921, 11.801, 3.119
1.342, 8.075, 2.243
1.753, 8.075, 2.693
2.752, 8.018, 3.727
3.463, 11.753, 4.879
0.38, 0.525, 0.262
1.531, 18.794, 2.752
0.307, 0.161, 0.087
1.539, 18.794, 2.795
2.566, 12.096, 3.893
1.416, 6.875, 2.469
2.778, 6.823, 3.636
1.469, 18.794, 2.711
1.466, 18.794, 2.723
1.122, 3.46, 1.373
1.773, 18.741, 3.607
1.797, 18.741, 3.671
2.636, 15.37, 5.705
5.78, 15.334, 8.464
1.706, 18.741, 3.39
4.595, 18.626, 8.016
0.912, 3.932, 1.212
1.451, 3.932, 1.767
1.409, 11.397, 2.455
3.894, 11.279, 4.767
0.737, 3.719, 0.986
0.482, 0.958, 0.317
0.452, 0.671, 0.298
1.135, 2.826, 1.287
0.299, 0.368, 0.137
1.323, 10.596, 2.18
2.326, 8.62, 3.459
1.108, 10.596, 1.943
2.257, 10.483, 3.476
3.973, 10.483, 5.79
0.954, 9.926, 1.683
1.108, 9.926, 2.672
1.81, 9.923, 3.995
0.972, 4.263, 1.865
0.924, 5.468, 1.299
0.952, 5.468, 1.32
1.381, 5.468, 1.897
1.221, 2.807, 1.462
0.783, 5.012, 1.082
1.022, 3.34, 1.129
0.662, 1.993, 0.964
0.678, 2.771, 0.73
0.743, 2.756, 0.862
0.254, 0.019, 0.013
0.375, 0.634, 0.266
0.169, 0.154, 0.061
2.596, 5.012, 3.544
2.094, 8.716, 2.805
2.069, 8.716, 3.031
1.184, 3.665, 1.418
1.807, 18.191, 3.016
0.237, 0.089, 0.046
0.876, 4.223, 1.309
0.363, 1.446, 0.512
0.138, 0.224, 0.119
0.946, 4.36, 1.376
0.544, 0.758, 0.375
0.667, 1.556, 0.646
0.292, 0.186, 0.099
2.092, 9.546, 3.448
0.251, 0.191, 0.095
1.51, 10.637, 2.983
0.394, 1.056, 0.338
0.445, 1.046, 0.475
0.712, 4.07, 1.079
0.328, 0.675, 0.234
0.328, 0.666, 0.304
2.996, 14.993, 5.051
0.816, 1.691, 0.797
2.505, 18.147, 3.72
3.13, 18.074, 5.43
1.186, 3.557, 1.454
0.629, 1.771, 0.724
2.801, 10.204, 3.624
0.954, 3.032, 1.246
0.646, 1.562, 0.602
1.158, 3.228, 1.466
3.951, 8.741, 3.938
4.424, 10.237, 3.986
3.602, 7.707, 3.997
1.502, 9.419, 2.213
0.673, 1.467, 0.776
1.716, 9.413, 2.713
0.865, 2.381, 0.815
0.853, 2.381, 1.103
1.041, 3.343, 1.037
1.079, 2.175, 1.108
0.947, 3.343, 1.115
0.774, 3.312, 1.171
1.023, 3.312, 1.595
1.707, 3.654, 1.916
1.405, 16.831, 2.821
0.399, 0.982, 0.532
0.729, 2.309, 0.927
0.974, 4.502, 1.352
1.458, 4.488, 1.823
1.238, 3.174, 1.5
0.437, 0.536, 0.214
0.375, 0.446, 0.224
2.114, 14.356, 4.715
0.344, 0.413, 0.194
2.14, 8.935, 3.067
2.61, 8.921, 4.34
0.764, 1.466, 0.556
0.931, 2.45, 0.858
0.738, 2.45, 0.762
0.587, 1.609, 0.577
1.178, 3.101, 1.097
1.309, 3.101, 1.385
1.275, 13.254, 2.069
0.666, 1.434, 0.563
0.417, 0.604, 0.202
0.33, 0.11, 0.056
2.62, 8.997, 3.072
1.593, 2.397, 1.217
1.168, 13.254, 1.958
1.109, 13.23, 2.873
0.153, 0.338, 0.121
1.736, 13.23, 3.893
2.626, 13.175, 4.765
0.393, 0.549, 0.275
1.162, 7.521, 1.558
2.059, 7.49, 2.466
1.774, 7.49, 2.715
0.435, 0.773, 0.346
0.874, 4.684, 1.292
0.788, 4.684, 1.599
0.116, 0.203, 0.092
1.121, 2.914, 1.158
0.891, 2.85, 1.209
0.419, 0.852, 0.286
0.394, 0.643, 0.255
0.911, 1.974, 0.858
1.798, 3.304, 1.554
1.673, 17.829, 3.081
0.997, 1.509, 0.84
1.405, 4.226, 2.069
0.882, 2.079, 0.972
1.528, 7.239, 2.144
0.608, 1.61, 0.688
2.052, 7.239, 2.947
1.235, 3.769, 1.77
2.168, 17.814, 4.349
2.305, 17.026, 4.276
2.204, 11.158, 3.574
3.265, 11.158, 4.615
2.199, 17.026, 5.606
3.729, 17.026, 7.5
2.154, 17.814, 4.582
2.241, 17.814, 4.724
2.279, 17.814, 4.882
2.426, 17.814, 5.15
2.784, 17.814, 5.561
2.303, 17.814, 4.982
2.871, 17.814, 5.617
1.917, 12.518, 4.059
3.136, 12.507, 5.345
1.797, 16.474, 3.433
2.424, 8.31, 3.021
3.199, 8.31, 3.483
3.511, 8.192, 3.901
1.604, 16.474, 3.644
1.674, 16.474, 3.737
1.753, 16.474, 3.838
1.801, 16.474, 4.008
2.006, 16.474, 4.275
1.525, 15.76, 3.352
1.773, 15.76, 3.675
0.85, 2.864, 1.021
0.8, 2.864, 1.133
1.235, 2.86, 1.402
2.052, 5.462, 2.176
1.144, 2.203, 1.049
0.564, 0.94, 0.385
0.829, 1.976, 0.697
0.536, 0.673, 0.34
1.391, 6.111, 1.888
2.031, 6.111, 2.856
1.266, 8.419, 1.747
1.52, 3.948, 1.524
2.359, 8.258, 2.786
2.726, 8.258, 3.104
4.573, 8.258, 4.148
0.98, 6.472, 1.403
1.689, 6.47, 2.205
0.344, 0.57, 0.216
0.33, 1.224, 0.327
0.209, 0.345, 0.115
0.758, 2.238, 0.796
1.136, 1.958, 0.98
0.823, 2.238, 0.897
2.998, 13.484, 4.851
5.661, 13.484, 7.13
2.64, 13.323, 4.607
0.721, 1.845, 0.825
1.11, 6.219, 1.739
0.241, 0.434, 0.222
0.809, 3.499, 1.216
0.97, 6.19, 1.989
1.142, 6.19, 2.26
0.305, 0.346, 0.175
1.667, 15.94, 4.359
0.537, 1.311, 0.697
0.213, 0.535, 0.211
0.289, 0.474, 0.253
1.217, 16.838, 2.163
0.152, 0.087, 0.039
0.265, 0.557, 0.272
1.04, 2.585, 1.209
0.447, 0.855, 0.312
1.257, 16.838, 2.262
0.41, 0.355, 0.251
1.275, 16.838, 2.289
1.818, 3.926, 1.429
1.245, 2.941, 1.55
1.244, 16.838, 2.343
1.176, 7.168, 1.62
0.95, 4.902, 1.097
0.858, 2.137, 0.87
1.002, 4.87, 1.272
1.011, 4.87, 1.385
1.271, 4.711, 1.627
0.388, 0.184, 0.086
1.235, 3.089, 1.279
1.035, 1.806, 0.802
1.244, 1.806, 0.969
3.647, 7.143, 5.051
1.213, 15.475, 2.475
0.845, 5.611, 1.195
0.719, 2.279, 0.939
0.427, 1.381, 0.432
0.398, 1.176, 0.388
0.47, 1.111, 0.432
0.208, 0.055, 0.025
0.585, 1.273, 0.556
1.195, 5.611, 1.55
0.662, 1.948, 0.766
1.833, 5.464, 2.121
2.295, 5.464, 2.291
0.573, 0.919, 0.408
0.677, 0.919, 0.509
3.532, 6.903, 4.881
1.227, 16.838, 2.78
0.74, 4.139, 0.899
0.284, 0.428, 0.163
0.424, 1.36, 0.419
0.392, 1.152, 0.383
0.464, 1.091, 0.427
0.207, 0.048, 0.023
0.587, 1.265, 0.524
1.698, 4.09, 1.282
1.984, 4.09, 1.702
1.592, 2.701, 1.353
3.108, 6.168, 4.361
1.918, 27.457, 3.089
0.336, 0.802, 0.386
1.016, 2.587, 1.207
0.151, 0.173, 0.078
1.124, 3.436, 1.643
1.187, 3.022, 1.381
0.742, 1.666, 0.507
0.645, 1.287, 0.462
0.557, 0.701, 0.323
2.487, 10.397, 2.935
2.179, 6.872, 2.447
2.926, 6.872, 2.901
1.914, 8.193, 2.538
1.898, 8.193, 2.751
3.349, 8.193, 3.466
1.853, 8.461, 2.813
1.701, 8.4, 2.81
1.074, 5.532, 2.05
0.325, 0.327, 0.18
2.233, 8.363, 3.574
0.602, 0.913, 0.397
0.884, 2.107, 0.655
0.485, 0.359, 0.152
2.095, 12.003, 3.684
0.662, 0.973, 0.447
0.405, 0.71, 0.265
0.633, 0.825, 0.339
2.24, 27.457, 3.502
1.747, 11.708, 3.273
2.205, 11.676, 3.913
0.778, 1.623, 0.69
2.28, 27.457, 3.535
2.536, 7.861, 2.813
3.679, 7.843, 3.651
0.952, 1.669, 1.18
1.519, 8.238, 2.648
0.828, 1.645, 0.78
1.393, 6.309, 2.002
2.005, 6.309, 2.993
1.544, 8.012, 1.964
1.521, 3.695, 1.518
1.659, 8.012, 2.176
2.177, 8.012, 2.825
2.158, 6.576, 3.063
1.308, 3.54, 1.288
1.438, 3.54, 1.563
2.513, 27.457, 3.896
1.653, 9.69, 2.086
1.689, 9.69, 2.116
1.711, 9.69, 2.15
0.963, 1.572, 0.527
1.821, 9.69, 2.244
1.161, 1.92, 0.921
1.359, 1.939, 0.784
1.797, 9.69, 2.304
1.252, 5.523, 1.734
1.671, 5.52, 1.99
2.321, 5.499, 2.702
2.01, 9.635, 2.498
3.554, 8.245, 2.927
1.623, 6.779, 2.014
2.049, 6.624, 2.642
1.476, 5.282, 1.675
1.678, 5.282, 1.826
2.121, 5.282, 2.307
1.8, 6.489, 2.344
2.041, 6.489, 2.802
2.596, 9.635, 4.103
3.558, 8.3, 3.601
0.802, 1.396, 0.987
3.657, 27.417, 5.332
3.569, 27.417, 5.205
3.66, 27.322, 5.326
0.54, 0.578, 0.211
0.763, 3.286, 1.12
0.947, 3.263, 1.262
4.783, 27.253, 5.913
2.968, 7.729, 2.97
5.132, 27.253, 6.436
5.328, 27.253, 6.603
6.217, 27.253, 7.799
9.283, 26.665, 11.175
11.149, 25.736, 14.206
3.634, 9.564, 4.004
2.383, 7.062, 3.313
4.416, 13.161, 4.52
5.127, 13.161, 4.833
5.581, 13.161, 5.656
3.515, 6.878, 4.864
1.753, 5.602, 2.512
2.517, 5.602, 2.859
2.175, 4.089, 2.891
2.64, 4.237, 1.814
0.826, 3.505, 1.103
0.52, 0.61, 0.292
0.642, 2.004, 0.677
0.733, 2.004, 0.772
1.392, 16.81, 2.824
0.399, 0.982, 0.532
0.801, 2.669, 1.084
0.974, 4.502, 1.352
1.458, 4.488, 1.823
1.238, 3.174, 1.5
0.437, 0.536, 0.214
0.375, 0.446, 0.224
2.114, 14.356, 4.715
0.344, 0.413, 0.194
2.14, 8.935, 3.067
2.61, 8.921, 4.34
0.764, 1.466, 0.556
0.867, 2.45, 0.837
0.639, 2.45, 0.695
0.388, 0.673, 0.222
1.124, 3.066, 1.13
1.332, 3.066, 1.367
1.217, 14.163, 2.381
0.486, 1.159, 0.611
0.442, 1.304, 0.551
0.802, 6.26, 1.57
0.53, 1.823, 0.738
0.124, 0.072, 0.029
1.266, 6.209, 2.49
1.727, 6.209, 3.079
0.748, 2.307, 0.909
0.229, 0.228, 0.095
1.926, 4.575, 1.655
1.732, 4.575, 2.088
1.277, 16.264, 2.762
0.491, 0.648, 0.325
0.822, 2.397, 0.972
0.869, 2.397, 1.128
0.667, 3.518, 0.934
0.781, 3.518, 1.065
1.13, 3.416, 1.617
0.793, 1.948, 0.907
0.265, 0.573, 0.3
0.264, 0.636, 0.219
0.286, 0.636, 0.267
1.075, 3.789, 1.169
0.63, 1.468, 0.598
2.624, 16.177, 5.544
4.44, 16.138, 7.879
1.605, 7.305, 2.433
2.384, 7.257, 3.382
0.835, 2.472, 0.791
0.47, 0.907, 0.37
2.418, 16.224, 5.614
4.407, 16.195, 7.927
1.499, 7.932, 2.672
2.488, 7.894, 3.727
0.784, 2.28, 0.689
0.622, 1.316, 0.518
2.275, 7.962, 3.854
1.449, 14.194, 2.725
0.343, 0.392, 0.183
0.783, 2.343, 0.815
0.336, 1.134, 0.419
0.776, 2.257, 0.759
0.578, 1.135, 0.611
0.787, 2.149, 0.746
1.0, 2.149, 0.793
0.864, 0.371, 0.185
2.989, 14.122, 5.01
3.48, 14.122, 6.044
0.939, 18.973, 2.139
0.256, 0.211, 0.106
0.582, 2.018, 0.673
0.59, 2.018, 0.749
0.791, 1.771, 0.751
0.153, 0.296, 0.153
0.548, 2.132, 0.672
0.529, 2.132, 0.723
0.718, 2.072, 0.969
0.446, 1.043, 0.481
0.151, 0.289, 0.15
0.361, 1.203, 0.38
0.293, 0.666, 0.279
1.562, 6.373, 2.106
0.655, 1.687, 0.693
1.028, 3.078, 1.267
0.654, 1.666, 0.618
0.599, 1.568, 0.63
0.957, 3.493, 1.482
0.942, 2.664, 0.9
1.108, 2.664, 1.025
0.99, 3.203, 1.512
1.262, 8.487, 1.714
0.781, 1.423, 0.715
2.024, 5.169, 2.446
2.387, 7.586, 2.536
1.8, 4.018, 2.078
2.348, 6.795, 2.666
1.117, 3.115, 1.121
0.814, 1.38, 0.694
0.814, 4.461, 1.001
0.591, 2.164, 0.531
0.611, 2.164, 0.597
0.985, 2.056, 0.919
0.441, 0.711, 0.332
0.668, 1.496, 0.549
0.497, 0.628, 0.285
0.752, 2.686, 0.875
0.892, 2.626, 1.087
0.541, 1.178, 0.43
0.356, 0.302, 0.157
1.294, 13.229, 2.059
0.66, 1.507, 0.602
0.423, 0.604, 0.221
0.33, 0.11, 0.056
2.62, 8.997, 3.072
1.593, 2.397, 1.217
1.193, 13.229, 1.945
1.082, 13.229, 2.871
0.153, 0.338, 0.121
1.685, 13.229, 3.9
2.547, 13.173, 4.791
0.434, 0.635, 0.32
1.205, 7.494, 1.536
1.96, 7.468, 2.359
1.614, 7.456, 2.522
0.566, 1.158, 0.493
1.172, 4.71, 1.46
1.283, 4.71, 1.825
0.361, 0.72, 0.314
1.121, 2.914, 1.158
0.891, 2.85, 1.209
0.419, 0.852, 0.286
0.394, 0.643, 0.255
0.911, 1.974, 0.858
1.798, 3.304, 1.554
1.027, 14.471, 2.322
0.448, 0.924, 0.466
0.69, 2.476, 1.031
0.489, 2.054, 0.665
0.722, 2.047, 0.896
0.649, 1.784, 0.85
0.211, 0.239, 0.097
0.183, 0.215, 0.108
0.55, 2.241, 0.804
0.18, 0.195, 0.091
1.456, 6.266, 1.959
1.441, 6.266, 2.118
0.617, 0.792, 0.359
1.947, 15.176, 4.502
0.571, 1.42, 0.762
0.039, 0.007, 0.004
0.878, 10.254, 1.649
0.592, 1.436, 0.76
0.454, 1.869, 0.818
0.543, 2.067, 0.699
0.728, 2.067, 0.901
0.653, 1.787, 0.852
0.22, 0.227, 0.092
0.195, 0.201, 0.101
0.558, 2.263, 0.817
0.178, 0.182, 0.084
0.381, 0.551, 0.283
1.261, 2.957, 1.17
1.534, 2.957, 1.332
1.628, 17.037, 2.448
0.26, 0.207, 0.093
1.716, 3.501, 1.408
3.355, 14.387, 4.732
2.75, 7.32, 3.313
1.852, 12.462, 3.521
3.043, 12.376, 5.356
0.883, 3.168, 1.324
1.243, 3.168, 1.725
3.919, 14.907, 5.757
1.426, 10.746, 1.879
1.85, 8.252, 3.192
2.251, 10.443, 2.648
1.748, 6.934, 2.491
1.504, 5.528, 2.332
2.547, 6.862, 3.875
2.467, 10.443, 2.769
2.976, 6.942, 3.255
1.869, 8.916, 2.091
1.607, 5.106, 1.615
2.078, 5.106, 2.11
2.169, 8.757, 2.693
3.667, 8.757, 3.237
0.332, 0.235, 0.121
2.492, 6.135, 2.945
1.034, 1.961, 1.387
1.551, 10.746, 2.145
1.519, 10.746, 2.106
1.427, 10.746, 1.948
1.579, 10.746, 2.144
1.788, 10.746, 2.456
2.098, 10.746, 3.02
2.399, 10.733, 4.701
2.06, 7.583, 2.665
2.809, 7.583, 3.108
1.021, 3.185, 1.209
1.177, 3.185, 1.303
0.879, 2.316, 1.019
0.995, 2.316, 1.061
0.864, 2.315, 0.997
0.991, 2.315, 1.059
2.25, 9.598, 3.378
2.483, 9.598, 4.086
3.486, 6.869, 4.857
1.147, 6.303, 1.346
1.116, 6.079, 1.26
1.002, 4.819, 1.067
1.047, 4.819, 1.126
1.067, 4.819, 1.268
1.37, 4.811, 2.077
0.887, 2.271, 0.978
1.076, 2.271, 1.004
0.848, 2.313, 0.976
0.987, 2.313, 1.057
0.843, 2.312, 0.97
0.986, 2.312, 1.056
1.035, 2.437, 0.921
0.892, 2.437, 1.044
1.154, 6.079, 1.336
1.092, 6.079, 1.287
1.194, 6.079, 1.516
1.824, 6.049, 2.58
0.866, 2.258, 0.951
1.062, 2.258, 0.99
0.836, 2.31, 0.961
0.983, 2.31, 1.055
1.008, 2.424, 0.902
0.888, 2.424, 1.04
3.231, 6.202, 4.385
0.961, 3.422, 0.955
0.943, 3.299, 0.923
0.955, 3.299, 0.952
0.982, 3.299, 0.97
0.964, 3.299, 1.02
1.086, 3.291, 1.473
0.858, 2.252, 0.941
1.056, 2.252, 0.984
0.831, 2.309, 0.956
0.982, 2.309, 1.053
0.829, 2.308, 0.954
0.981, 2.308, 1.053
0.995, 2.414, 0.891
0.885, 2.414, 1.036
1.744, 3.414, 2.414
5.719, 13.349, 6.99
1.628, 16.57, 2.657
0.29, 0.364, 0.165
0.872, 1.32, 0.647
1.83, 12.134, 3.915
3.533, 12.134, 5.811
1.748, 11.977, 2.872
2.527, 11.977, 3.41
2.413, 5.07, 2.264
3.916, 11.791, 5.471
0.52, 0.935, 0.385
0.641, 0.935, 0.478
2.416, 8.921, 3.278
2.375, 8.921, 3.728
1.508, 13.863, 2.295
2.845, 13.681, 4.958
0.448, 0.614, 0.29
1.28, 6.645, 1.792
1.302, 6.645, 1.849
0.904, 5.938, 1.812
0.875, 4.54, 1.814
1.347, 5.938, 2.586
1.583, 6.582, 1.943
1.826, 6.291, 2.231
1.403, 4.642, 1.93
1.431, 6.524, 1.884
2.638, 6.494, 2.532
0.589, 1.053, 0.393
0.66, 1.053, 0.528
0.525, 0.905, 0.454
1.462, 9.835, 2.073
4.982, 9.669, 4.453
1.234, 7.63, 1.707
1.272, 7.63, 1.755
0.497, 3.137, 0.896
0.45, 2.015, 0.796
0.772, 3.137, 1.345
1.539, 7.612, 1.923
1.056, 4.116, 1.355
0.587, 1.743, 0.718
1.668, 7.612, 2.066
1.972, 7.612, 2.197
1.573, 7.203, 1.985
1.728, 7.203, 2.413
1.898, 6.719, 2.773
1.833, 7.203, 3.043
1.157, 2.437, 1.157
3.626, 7.465, 2.825
0.454, 0.72, 0.326
0.555, 0.72, 0.402
0.412, 0.715, 0.358
1.212, 2.863, 1.506
1.301, 13.483, 3.122
0.818, 4.066, 1.363
1.106, 4.061, 1.63
0.655, 1.856, 1.071
0.514, 1.752, 0.671
0.862, 20.01, 2.556
0.24, 0.158, 0.087
0.565, 1.648, 0.543
0.661, 1.648, 0.623
0.917, 1.629, 0.649
0.278, 0.623, 0.34
0.596, 2.415, 0.663
0.567, 2.415, 0.704
0.722, 1.718, 0.65
0.73, 2.379, 1.16
0.28, 0.62, 0.341
0.367, 1.178, 0.375
0.292, 0.662, 0.277
0.85, 2.996, 1.074
1.356, 2.959, 1.387
1.238, 9.431, 2.146
0.264, 0.192, 0.073
1.015, 2.091, 1.161
1.867, 7.765, 2.574
1.059, 1.896, 0.794
0.526, 1.476, 0.451
0.595, 1.476, 0.549
0.483, 0.712, 0.357
