1,2
1,3
1,4
1,5
1,6
1,7
1,8
1,11
1,25
1,26
8,9
8,10
11,12
11,13
13,14
13,16
13,18
14,15
16,17
18,19
18,22
19,20
19,21
22,23
23,24
26,27
27,28
27,30
27,33
28,29
30,31
31,32
34,35
34,36
34,37
34,39
34,40
34,41
34,42
34,47
37,38
42,43
42,44
44,45
45,46
47,48
47,119
48,49
48,51
49,50
51,52
51,56
51,59
51,60
51,62
51,79
51,116
51,117
52,53
53,54
53,55
56,57
57,58
60,61
62,63
62,66
63,64
63,65
66,67
66,69
66,71
66,73
66,78
67,68
69,70
71,72
73,74
73,75
75,76
76,77
79,80
79,81
81,82
81,84
81,86
81,88
82,83
84,85
86,87
88,89
88,92
89,90
89,91
92,93
93,94
93,98
94,95
94,96
96,97
98,99
99,100
99,103
100,101
100,102
103,104
103,106
103,108
103,110
103,115
104,105
106,107
108,109
110,111
110,112
112,113
113,114
117,118
119,120
119,121
122,123
122,124
122,125
122,127
125,126
127,128
129,130
129,131
129,132
129,134
129,135
129,136
129,137
129,142
132,133
137,138
137,139
139,140
140,141
142,143
142,214
143,144
143,146
144,145
146,147
146,151
146,154
146,155
146,157
146,174
146,211
146,212
147,148
148,149
148,150
151,152
152,153
155,156
157,158
157,161
158,159
158,160
161,162
161,164
161,166
161,168
161,173
162,163
164,165
166,167
168,169
168,170
170,171
171,172
174,175
174,176
176,177
176,179
176,181
176,183
177,178
179,180
181,182
183,184
183,187
184,185
184,186
187,188
188,189
188,193
189,190
189,191
191,192
193,194
194,195
194,198
195,196
195,197
198,199
198,201
198,203
198,205
198,210
199,200
201,202
203,204
205,206
205,207
207,208
208,209
212,213
214,215
214,216
217,218
217,219
217,220
217,221
217,222
217,223
217,224
217,225
217,226
217,227
217,228
217,236
217,238
217,242
228,229
228,232
229,230
229,231
232,233
233,234
234,235
236,237
238,239
239,240
239,241
242,243
243,244
243,245
243,246
243,280
246,247
246,248
246,258
246,267
246,271
246,276
248,249
248,256
249,250
249,252
250,251
252,253
252,255
253,254
256,257
258,259
258,263
259,260
260,261
260,262
263,264
264,265
265,266
267,268
268,269
268,270
271,272
272,273
273,274
274,275
276,277
277,278
278,279
281,282
281,283
281,288
281,295
281,299
281,308
281,309
281,310
281,347
281,354
281,364
283,284
283,287
284,285
284,286
288,289
288,292
289,290
289,291
292,293
292,294
295,296
296,297
296,298
299,300
300,301
300,302
300,303
303,304
304,305
305,306
305,307
310,311
310,312
310,323
312,313
313,314
314,315
315,316
315,318
315,319
315,322
316,317
319,320
320,321
323,324
323,328
323,339
324,325
325,326
325,327
328,329
329,330
329,332
329,333
329,334
329,337
329,338
330,331
334,335
335,336
339,340
340,341
340,346
341,342
342,343
343,344
343,345
347,348
347,349
349,350
350,351
350,353
351,352
354,355
355,356
356,357
356,358
356,359
359,360
359,363
360,361
360,362
365,366
365,367
365,369
365,378
367,368
369,370
369,373
370,371
370,372
373,374
374,375
374,376
376,377
379,380
380,381
381,382
382,383
384,385
384,386
384,388
384,391
386,387
388,389
389,390
391,392
391,394
392,393
394,395
395,396
395,398
396,397
398,399
398,408
398,416
398,418
399,400
399,401
401,402
402,403
403,404
404,405
404,407
405,406
408,409
408,410
410,411
411,412
412,413
412,415
413,414
416,417
418,419
418,420
420,421
420,423
421,422
423,424
423,430
424,425
424,428
425,426
425,427
428,429
430,431
430,433
431,432
433,434
433,435
433,441
435,436
436,437
437,438
438,439
439,440
441,442
441,443
444,445
444,446
444,447
444,449
444,450
444,451
444,452
444,457
447,448
452,453
452,454
454,455
455,456
457,458
457,529
458,459
458,461
459,460
461,462
461,466
461,469
461,470
461,472
461,489
461,526
461,527
462,463
463,464
463,465
466,467
467,468
470,471
472,473
472,476
473,474
473,475
476,477
476,479
476,481
476,483
476,488
477,478
479,480
481,482
483,484
483,485
485,486
486,487
489,490
489,491
491,492
491,494
491,496
491,498
492,493
494,495
496,497
498,499
498,502
499,500
499,501
502,503
503,504
503,508
504,505
504,506
506,507
508,509
509,510
509,513
510,511
510,512
513,514
513,516
513,518
513,520
513,525
514,515
516,517
518,519
520,521
520,522
522,523
523,524
527,528
529,530
529,531
532,533
532,534
532,536
532,538
532,540
532,541
532,544
532,545
532,597
532,648
534,535
536,537
538,539
541,542
542,543
545,546
545,548
546,547
548,549
548,551
548,552
549,550
552,553
552,556
553,554
553,555
556,557
556,559
556,561
556,563
556,565
556,567
556,573
556,585
557,558
559,560
561,562
563,564
565,566
567,568
567,570
568,569
570,571
571,572
573,574
573,575
575,576
575,580
576,577
577,578
577,579
580,581
580,583
581,582
583,584
585,586
585,587
587,588
587,592
588,589
589,590
589,591
592,593
592,595
593,594
595,596
597,598
597,600
598,599
600,601
600,603
600,604
601,602
604,605
604,606
606,607
607,608
607,611
608,609
608,610
611,612
611,614
611,616
611,618
611,620
611,622
611,624
611,636
612,613
614,615
616,617
618,619
620,621
622,623
624,625
624,626
626,627
626,631
627,628
628,629
628,630
631,632
631,634
632,633
634,635
636,637
636,638
638,639
638,643
639,640
640,641
640,642
643,644
643,646
644,645
646,647
649,650
649,653
649,655
649,657
650,651
650,652
653,654
655,656
657,658
658,659
658,662
658,664
658,665
658,673
659,660
660,661
662,663
665,666
665,671
666,667
666,670
667,668
668,669
671,672
674,675
674,676
674,677
674,679
674,680
674,681
674,686
677,678
681,682
681,683
683,684
684,685
686,687
686,755
687,688
687,690
688,689
690,691
690,695
690,698
690,699
690,716
690,752
690,753
691,692
692,693
692,694
695,696
696,697
699,700
699,703
700,701
700,702
703,704
703,706
703,708
703,710
703,715
704,705
706,707
708,709
710,711
710,712
712,713
713,714
716,717
716,718
718,719
718,721
718,723
718,725
719,720
721,722
723,724
725,726
725,729
726,727
726,728
729,730
730,731
730,735
731,732
731,733
733,734
735,736
736,737
736,740
737,738
737,739
740,741
740,743
740,744
740,746
740,751
741,742
744,745
746,747
746,748
748,749
749,750
753,754
755,756
755,757
757,758
758,759
760,761
760,764
760,767
761,762
761,763
764,765
765,766
767,768
768,769
768,772
768,774
768,775
768,783
769,770
770,771
772,773
775,776
775,781
776,777
776,780
777,778
778,779
781,782
784,785
784,786
784,791
784,798
784,802
784,811
784,812
784,813
784,851
784,859
784,869
786,787
786,790
787,788
787,789
791,792
791,795
792,793
792,794
795,796
795,797
798,799
799,800
799,801
802,803
803,804
803,805
803,806
806,807
807,808
808,809
808,810
813,814
813,815
813,826
815,816
816,817
817,818
818,819
818,821
818,822
818,825
819,820
822,823
823,824
826,827
826,831
826,842
827,828
828,829
828,830
831,832
832,833
832,835
832,836
832,837
832,840
832,841
833,834
837,838
838,839
842,843
843,844
843,850
844,845
844,846
846,847
847,848
847,849
851,852
851,853
853,854
854,855
854,858
855,856
855,857
859,860
860,861
861,862
861,863
861,864
864,865
864,868
865,866
865,867
870,871
870,876
870,877
871,872
872,873
872,874
872,875
877,878
878,879
878,880
878,881
878,886
881,882
882,883
882,884
882,885
887,888
887,889
887,891
887,893
887,908
887,940
889,890
891,892
893,894
893,896
894,895
896,897
896,899
896,901
896,907
897,898
899,900
901,902
901,905
902,903
902,904
905,906
908,909
908,911
909,910
911,912
912,913
912,915
913,914
915,916
915,918
915,920
915,922
915,924
915,926
915,927
915,929
915,930
915,939
916,917
918,919
920,921
922,923
924,925
927,928
930,931
930,932
932,933
933,934
933,937
934,935
934,936
937,938
941,942
941,943
941,944
941,946
941,947
941,948
941,949
941,954
944,945
949,950
949,951
951,952
952,953
954,955
954,1026
955,956
955,958
956,957
958,959
958,963
958,966
958,967
958,969
958,986
958,1023
958,1024
959,960
960,961
960,962
963,964
964,965
967,968
969,970
969,973
970,971
970,972
973,974
973,976
973,978
973,980
973,985
974,975
976,977
978,979
980,981
980,982
982,983
983,984
986,987
986,988
988,989
988,991
988,993
988,995
989,990
991,992
993,994
995,996
995,999
996,997
996,998
999,1000
1000,1001
1000,1005
1001,1002
1001,1003
1003,1004
1005,1006
1006,1007
1006,1010
1007,1008
1007,1009
1010,1011
1010,1013
1010,1015
1010,1017
1010,1022
1011,1012
1013,1014
1015,1016
1017,1018
1017,1019
1019,1020
1020,1021
1024,1025
1026,1027
1026,1028
1029,1030
1029,1031
1029,1032
1032,1033
1034,1035
1034,1036
1034,1037
1034,1039
1034,1054
1037,1038
1039,1040
1040,1041
1040,1042
1042,1043
1042,1045
1043,1044
1045,1046
1045,1047
1045,1048
1048,1049
1048,1050
1048,1051
1051,1052
1051,1053
1054,1055
1055,1056
1056,1057
1057,1058
1058,1059
1058,1060
1058,1062
1060,1061
1062,1063
1062,1076
1063,1064
1063,1066
1063,1068
1064,1065
1066,1067
1068,1069
1068,1070
1068,1075
1070,1071
1070,1073
1071,1072
1073,1074
1076,1077
1076,1078
1078,1079
1080,1081
1080,1082
1080,1083
1083,1084
1084,1085
1084,1086
1087,1088
1088,1089
1088,1090
1088,1094
1088,1095
1090,1091
1091,1092
1092,1093
1095,1096
1095,1098
1096,1097
1099,1100
1100,1101
1101,1102
1101,1103
1101,1105
1101,1112
1101,1147
1103,1104
1105,1106
1106,1107
1106,1108
1106,1111
1108,1109
1109,1110
1112,1113
1112,1114
1112,1115
1112,1116
1112,1117
1112,1118
1112,1119
1119,1120
1119,1121
1119,1122
1122,1123
1122,1146
1123,1124
1124,1125
1124,1127
1125,1126
1127,1128
1127,1129
1127,1132
1127,1136
1127,1145
1129,1130
1130,1131
1132,1133
1133,1134
1133,1135
1136,1137
1136,1142
1137,1138
1137,1139
1139,1140
1140,1141
1142,1143
1143,1144
1148,1149
1148,1155
1148,1158
1149,1150
1149,1154
1150,1151
1150,1152
1152,1153
1155,1156
1156,1157
1158,1159
1158,1181
1159,1160
1160,1161
1160,1162
1160,1163
1163,1164
1163,1168
1163,1171
1164,1165
1164,1166
1166,1167
1168,1169
1168,1170
1171,1172
1171,1178
1172,1173
1172,1177
1173,1174
1173,1175
1175,1176
1178,1179
1179,1180
1182,1183
1182,1184
1182,1185
1182,1186
1182,1188
1182,1246
1186,1187
1188,1189
1188,1191
1188,1215
1189,1190
1191,1192
1191,1194
1192,1193
1194,1195
1194,1198
1194,1214
1195,1196
1195,1197
1198,1199
1199,1200
1199,1201
1199,1204
1201,1202
1202,1203
1204,1205
1205,1206
1205,1208
1206,1207
1208,1209
1208,1210
1210,1211
1211,1212
1211,1213
1215,1216
1215,1221
1215,1223
1216,1217
1216,1219
1217,1218
1219,1220
1221,1222
1223,1224
1223,1227
1223,1243
1224,1225
1225,1226
1227,1228
1228,1229
1228,1230
1230,1231
1230,1236
1230,1242
1231,1232
1232,1233
1233,1234
1234,1235
1236,1237
1236,1240
1237,1238
1238,1239
1240,1241
1243,1244
1244,1245
1247,1248
1247,1249
1249,1250
1249,1251
1252,1253
1252,1254
1252,1259
1254,1255
1255,1256
1256,1257
1256,1258
1260,1261
1260,1263
1260,1264
1260,1265
1260,1267
1260,1313
1261,1262
1265,1266
1267,1268
1267,1271
1267,1282
1268,1269
1269,1270
1271,1272
1271,1279
1272,1273
1273,1274
1273,1275
1273,1277
1273,1278
1275,1276
1279,1280
1280,1281
1282,1283
1282,1287
1282,1291
1282,1296
1282,1304
1283,1284
1284,1285
1284,1286
1287,1288
1288,1289
1288,1290
1291,1292
1292,1293
1292,1294
1292,1295
1296,1297
1297,1298
1297,1299
1297,1300
1297,1302
1297,1303
1300,1301
1304,1305
1305,1306
1306,1307
1307,1308
1307,1309
1307,1311
1309,1310
1311,1312
1313,1314
1314,1315
1315,1316
1315,1319
1315,1322
1315,1324
1315,1336
1315,1339
1315,1370
1315,1371
1315,1452
1316,1317
1317,1318
1319,1320
1320,1321
1322,1323
1324,1325
1324,1327
1325,1326
1327,1328
1327,1331
1328,1329
1328,1330
1331,1332
1331,1335
1332,1333
1333,1334
1336,1337
1337,1338
1339,1340
1339,1341
1341,1342
1341,1353
1341,1354
1342,1343
1342,1345
1343,1344
1345,1346
1345,1350
1346,1347
1346,1348
1348,1349
1350,1351
1351,1352
1354,1355
1354,1358
1355,1356
1355,1357
1358,1359
1358,1360
1360,1361
1360,1367
1361,1362
1361,1363
1363,1364
1364,1365
1364,1366
1367,1368
1368,1369
1371,1372
1372,1373
1372,1374
1372,1375
1372,1377
1372,1378
1375,1376
1378,1379
1379,1380
1379,1427
1379,1436
1380,1381
1380,1382
1380,1383
1380,1385
1380,1389
1380,1417
1383,1384
1385,1386
1386,1387
1386,1388
1389,1390
1389,1391
1391,1392
1391,1394
1392,1393
1394,1395
1394,1397
1395,1396
1397,1398
1397,1399
1397,1408
1397,1411
1399,1400
1400,1401
1400,1403
1401,1402
1403,1404
1404,1405
1404,1406
1404,1407
1408,1409
1408,1410
1411,1412
1411,1416
1412,1413
1413,1414
1414,1415
1417,1418
1418,1419
1418,1420
1418,1423
1420,1421
1421,1422
1423,1424
1423,1425
1423,1426
1427,1428
1427,1429
1429,1430
1430,1431
1430,1435
1431,1432
1431,1433
1433,1434
1436,1437
1436,1438
1436,1439
1436,1440
1440,1441
1440,1442
1442,1443
1442,1444
1444,1445
1444,1449
1445,1446
1445,1448
1446,1447
1449,1450
1450,1451
1452,1453
1452,1454
1452,1457
1454,1455
1455,1456
1457,1458
1459,1460
1459,1461
1459,1463
1459,1465
1459,1480
1459,1512
1461,1462
1463,1464
1465,1466
1465,1468
1466,1467
1468,1469
1468,1471
1468,1473
1468,1479
1469,1470
1471,1472
1473,1474
1473,1477
1474,1475
1474,1476
1477,1478
1480,1481
1480,1483
1481,1482
1483,1484
1484,1485
1484,1487
1485,1486
1487,1488
1487,1490
1487,1492
1487,1494
1487,1496
1487,1498
1487,1499
1487,1501
1487,1502
1487,1511
1488,1489
1490,1491
1492,1493
1494,1495
1496,1497
1499,1500
1502,1503
1502,1504
1504,1505
1505,1506
1505,1509
1506,1507
1506,1508
1509,1510
