101
102
103
104
105
106
105
107
108
109
110
107
108
109
110
111
105
110
112
104
113
113
113
105
111
105
112
104
113
113
113
5
103
105
114
105
110
103
105
111
113
113
105
113
113
105
110
103
104
115
105
112
104
113
113
113
105
116
117
105
101
118
102
102
103
105
111
113
113
110
103
105
111
113
113
105
110
119
120
103
105
120
111
110
103
105
111
113
105
105
105
105
105
110
103
113
120
113
120
121
120
111
113
105
120
110
111
105
110
111
110
105
106
105
111
113
113
105
110
105
122
110
105
113
122
101
118
111
113
105
101
111
113
122
3
5
5
105
106
103
104
105
103
104
103
114
113
113
121
105
105
110
105
122
101
123
123
102
102
102
102
102
102
102
102
111
113
113
105
110
122
105
104
103
105
103
124
113
105
122
105
105
125
106
103
111
113
113
113
113
121
105
105
122
105
111
113
113
113
105
110
122
105
124
103
124
113
113
103
113
113
105
113
122
105
106
5
5
101
123
102
122
124
5
5
101
122
104
126
126
105
126
105
5
106
121
5
5
101
118
102
102
102
102
103
111
113
105
105
106
115
105
105
116
117
103
105
105
103
124
113
105
111
113
113
113
113
105
110
121
105
105
105
101
101
2
103
113
113
5
5
22
101
22
5
5
5
101
102
103
104
103
105
103
104
105
103
104
105
105
107
108
109
110
103
104
105
107
108
109
105
110
103
105
103
105
103
105
103
105
103
105
111
113
105
110
105
104
111
113
110
103
104
105
105
111
113
105
110
105
111
113
110
103
104
105
105
111
113
105
110
105
107
108
109
110
103
104
105
111
113
110
107
108
109
105
110
103
105
103
105
103
105
103
105
103
105
105
104
111
113
110
103
104
105
105
111
113
105
110
105
111
113
110
103
104
105
105
111
113
105
110
105
122
101
102
102
103
104
105
105
3
111
113
110
105
105
115
107
108
109
110
103
113
113
105
103
104
104
105
103
104
107
127
109
113
110
103
104
121
105
105
105
111
113
110
105
105
105
111
113
110
103
105
103
105
103
105
111
113
113
113
110
107
127
109
113
113
110
107
127
109
113
110
103
104
121
105
105
105
111
113
110
105
105
105
105
105
113
116
117
105
101
102
111
113
113
113
122
111
113
113
105
110
105
122
103
105
105
105
103
105
105
105
105
106
113
113
105
103
103
111
113
110
121
121
105
105
105
105
105
105
105
105
110
103
105
105
105
121
105
105
105
105
105
105
105
105
105
105
121
105
106
5
5
5
5
5
111
5
121
105
106
5
5
105
128
106
129
129
111
113
113
105
105
121
101
102
102
103
104
105
105
103
111
113
110
105
105
115
107
108
109
110
103
113
113
105
103
104
104
105
103
104
107
127
109
113
110
103
104
121
105
105
105
111
113
110
105
105
105
111
113
110
103
105
103
105
103
105
111
113
113
113
110
107
127
109
113
113
110
107
127
109
113
110
103
104
121
105
105
105
111
113
110
105
105
105
105
105
113
116
117
5
101
102
102
103
104
105
105
103
111
113
110
105
105
115
107
108
109
110
103
113
113
105
103
104
104
105
103
104
107
127
109
113
110
103
104
121
105
105
105
111
113
110
105
105
105
111
113
110
103
105
103
105
103
105
111
113
113
113
110
107
127
109
113
113
110
107
127
109
113
110
103
104
121
5
5
5
111
113
110
105
105
105
105
105
113
116
117
105
101
102
102
103
104
103
104
105
106
103
105
111
113
105
111
113
105
111
105
105
105
106
105
104
101
118
103
128
115
111
113
5
105
120
110
105
111
113
5
110
5
105
116
117
105
105
101
102
102
103
104
105
105
111
113
110
105
105
115
107
108
109
110
103
113
113
5
103
104
104
105
107
127
109
113
110
103
104
105
105
105
105
111
113
110
105
105
105
111
113
110
103
105
103
105
103
105
111
113
113
113
110
107
127
109
113
113
110
107
127
109
113
110
103
104
105
105
105
111
113
110
105
105
105
105
105
113
116
117
112
104
105
101
103
105
105
105
105
103
122
105
105
125
106
124
105
105
105
5
101
118
121
122
120
101
103
105
103
103
103
113
111
113
113
105
110
103
105
105
105
106
105
105
121
105
130
110
103
105
105
105
103
105
105
113
103
105
105
105
105
103
105
105
105
105
106
105
105
121
105
106
105
5
105
130
5
5
122
105
106
111
112
104
103
124
104
103
105
111
113
105
107
108
109
105
110
111
105
105
105
103
105
105
111
105
110
111
113
105
107
108
109
105
105
110
105
105
103
107
108
109
105
111
105
110
111
113
121
105
105
105
105
105
105
105
103
105
105
105
105
113
105
105
104
101
118
102
103
105
103
124
113
105
111
113
107
108
109
110
103
105
131
105
132
111
113
105
121
105
105
105
105
132
105
133
132
105
113
105
105
133
105
124
113
113
105
105
105
105
105
113
101
118
111
110
111
105
110
105
105
101
118
102
105
111
113
119
120
111
113
113
113
105
110
121
105
119
120
111
112
104
122
121
101
2
103
104
3
5
107
108
109
110
103
113
103
104
107
108
109
105
110
105
105
107
108
109
110
107
108
109
110
103
105
103
104
103
104
103
104
105
113
105
105
113
105
111
113
110
107
108
109
105
110
105
105
122
101
102
103
104
103
105
107
108
109
110
103
113
103
104
107
108
109
105
110
105
105
107
108
109
110
107
108
109
110
3
5
103
104
103
104
103
104
105
113
105
105
113
105
111
113
110
107
108
109
105
110
105
105
122
101
102
102
103
104
105
105
103
111
113
110
105
105
115
107
108
109
110
103
113
113
105
103
104
104
105
103
104
107
127
109
113
110
103
104
121
5
5
5
111
113
110
105
105
105
111
113
110
103
105
103
105
103
105
111
113
113
113
110
107
127
109
113
113
110
107
127
109
113
110
103
104
121
105
105
105
111
113
110
105
105
105
105
105
113
116
117
105
101
111
113
122
3
5
3
5
105
106
103
104
105
103
104
103
114
113
113
121
105
105
110
105
122
101
105
105
105
106
113
105
105
105
106
5
5
101
123
123
102
102
102
102
111
113
121
111
113
110
103
105
103
105
111
113
113
105
110
121
105
103
122
124
113
105
105
106
5
105
101
111
113
113
113
105
122
103
120
105
105
128
106
129
129
111
113
113
113
105
110
121
121
110
111
113
113
113
105
122
105
130
120
5
101
102
111
113
113
113
122
111
113
113
105
110
105
122
103
105
105
105
103
105
105
105
105
106
113
113
105
3
103
111
113
110
121
121
105
105
105
105
105
105
105
105
110
103
105
105
105
121
105
105
105
105
105
105
105
105
105
105
121
105
106
128
105
105
105
105
105
111
105
121
105
106
128
105
105
105
128
106
129
129
111
113
113
105
105
121
101
3
103
134
107
127
109
113
110
121
35
104
35
22
136
2
2
121
120
121
120
