1,2
1,3
1,4
1,6
1,29
1,30
1,35
4,5
6,7
7,8
8,9
8,14
8,19
8,24
9,10
9,11
9,12
12,13
14,15
14,16
14,17
17,18
19,20
19,21
19,22
22,23
24,25
24,26
24,27
27,28
30,31
30,34
31,32
31,33
35,36
35,39
36,37
36,38
40,41
40,42
40,45
40,47
40,55
42,43
43,44
45,46
47,48
48,49
48,50
48,53
48,54
50,51
51,52
56,57
56,58
56,62
58,59
58,60
60,61
62,63
63,64
64,65
64,66
66,67
68,69
68,70
71,72
71,73
71,86
73,74
73,76
74,75
76,77
77,78
77,79
79,80
79,81
79,84
81,82
82,83
84,85
86,87
88,89
88,90
88,93
88,99
90,91
91,92
93,94
94,95
94,97
95,96
97,98
99,100
101,102
101,103
101,104
101,112
101,114
101,116
101,117
101,123
101,124
101,126
104,105
104,107
105,106
107,108
107,109
107,111
109,110
112,113
114,115
117,118
117,121
118,119
119,120
121,122
124,125
127,128
127,129
127,130
127,132
127,155
127,156
127,161
127,166
130,131
132,133
133,134
134,135
134,140
134,145
134,150
135,136
135,137
135,138
138,139
140,141
140,142
140,143
143,144
145,146
145,147
145,148
148,149
150,151
150,152
150,153
153,154
156,157
156,160
157,158
157,159
161,162
161,165
162,163
162,164
166,167
166,169
167,168
170,171
170,172
170,173
170,175
170,193
170,194
170,199
173,174
175,176
176,177
177,178
177,183
177,188
178,179
178,180
178,181
181,182
183,184
183,185
183,186
186,187
188,189
188,190
188,191
191,192
194,195
194,198
195,196
195,197
199,200
199,203
200,201
200,202
204,205
204,206
204,208
204,210
204,212
204,214
204,216
204,225
204,244
204,246
204,248
204,299
204,301
204,308
204,310
204,311
204,314
204,320
204,325
204,326
204,346
204,348
204,367
206,207
208,209
210,211
212,213
214,215
216,217
216,220
217,218
217,219
220,221
220,223
220,224
221,222
225,226
225,227
227,228
227,230
228,229
230,231
230,232
230,240
232,233
233,234
233,236
234,235
236,237
236,238
236,239
240,241
240,242
240,243
244,245
246,247
248,249
248,250
250,251
250,252
250,255
250,292
250,298
252,253
253,254
255,256
255,257
257,258
257,260
258,259
260,261
260,262
262,263
262,265
263,264
265,266
265,267
267,268
268,269
268,270
270,271
270,273
270,280
270,284
271,272
273,274
274,275
274,276
274,278
276,277
278,279
280,281
281,282
282,283
284,285
284,289
285,286
285,287
287,288
289,290
290,291
292,293
292,294
294,295
294,296
294,297
299,300
301,302
301,303
303,304
303,306
303,307
304,305
308,309
311,312
312,313
314,315
314,316
316,317
317,318
318,319
320,321
320,322
322,323
323,324
326,327
326,328
328,329
328,332
328,340
328,342
329,330
330,331
332,333
332,334
334,335
334,338
334,339
335,336
335,337
340,341
342,343
342,344
344,345
346,347
348,349
348,352
349,350
349,351
352,353
352,355
353,354
355,356
355,357
355,363
357,358
357,360
357,361
357,362
358,359
363,364
363,365
363,366
367,368
367,369
369,370
369,371
369,374
369,376
371,372
372,373
374,375
376,377
376,380
376,426
377,378
377,379
380,381
381,382
381,384
381,385
381,422
382,383
385,386
385,387
385,419
387,388
387,398
387,403
388,389
388,391
389,390
391,392
392,393
392,394
394,395
394,396
394,397
398,399
398,400
400,401
400,402
403,404
403,416
404,405
404,408
405,406
406,407
408,409
408,410
408,412
410,411
412,413
412,414
414,415
416,417
416,418
419,420
419,421
422,423
422,424
422,425
426,427
426,428
426,431
428,429
429,430
431,432
431,433
431,435
433,434
435,436
435,437
437,438
439,440
439,441
439,443
439,445
439,447
439,450
439,453
439,455
439,458
439,460
439,463
439,466
441,442
443,444
445,446
447,448
448,449
450,451
451,452
453,454
455,456
455,457
458,459
460,461
460,462
463,464
463,465
466,467
466,468
469,470
469,471
469,472
469,474
469,492
469,493
469,498
472,473
474,475
475,476
476,477
476,482
476,487
477,478
477,479
477,480
480,481
482,483
482,484
482,485
485,486
487,488
487,489
487,490
490,491
493,494
493,497
494,495
494,496
498,499
499,500
499,501
502,503
502,504
502,506
502,512
504,505
506,507
506,510
507,508
507,509
510,511
513,514
513,515
513,516
513,519
513,521
513,523
516,517
517,518
519,520
521,522
523,524
523,526
524,525
527,528
527,529
527,530
527,532
527,561
527,562
527,566
530,531
532,533
533,534
534,535
534,546
534,551
534,556
535,536
535,537
535,538
535,540
538,539
540,541
541,542
541,543
541,544
544,545
546,547
546,548
546,549
549,550
551,552
551,553
551,554
554,555
556,557
556,558
556,559
559,560
562,563
562,565
563,564
566,567
566,569
567,568
570,571
570,572
570,574
570,576
570,580
570,582
570,586
570,590
570,594
572,573
574,575
576,577
576,578
578,579
580,581
582,583
582,584
584,585
586,587
587,588
588,589
590,591
590,592
592,593
595,596
595,597
595,598
595,600
595,618
598,599
600,601
601,602
602,603
602,608
602,613
603,604
603,605
603,606
606,607
608,609
608,610
608,611
611,612
613,614
613,615
613,616
616,617
618,619
618,622
619,620
619,621
623,624
623,625
623,626
623,628
623,646
623,651
626,627
628,629
629,630
630,631
630,636
630,641
631,632
631,633
631,634
634,635
636,637
636,638
636,639
639,640
641,642
641,643
641,644
644,645
646,647
646,650
647,648
647,649
651,652
651,655
652,653
652,654
656,657
656,658
656,660
656,662
656,664
656,666
656,668
656,670
656,671
656,673
656,678
658,659
660,661
662,663
664,665
666,667
668,669
671,672
673,674
673,677
674,675
674,676
678,679
678,682
679,680
679,681
683,684
683,685
683,690
685,686
686,687
687,688
688,689
690,691
691,692
693,694
693,695
693,697
695,696
697,698
698,699
698,701
698,704
698,708
698,709
699,700
701,702
702,703
704,705
705,706
706,707
710,711
710,712
710,713
710,715
710,733
713,714
715,716
716,717
717,718
717,723
717,728
718,719
718,720
718,721
721,722
723,724
723,725
723,726
726,727
728,729
728,730
728,731
731,732
733,734
733,737
734,735
734,736
738,739
738,740
738,741
738,742
738,743
738,744
738,749
738,752
738,756
738,758
738,759
738,760
738,808
744,745
744,746
746,747
746,748
749,750
750,751
752,753
753,754
754,755
756,757
760,761
760,762
760,793
762,763
762,766
762,774
762,777
762,785
763,764
764,765
766,767
766,768
768,769
768,772
768,773
769,770
770,771
774,775
775,776
777,778
777,779
779,780
779,783
779,784
780,781
781,782
785,786
785,787
787,788
787,789
787,792
789,790
790,791
793,794
793,796
794,795
796,797
796,798
798,799
798,800
798,803
798,807
800,801
801,802
803,804
803,805
805,806
808,809
808,810
808,950
810,811
810,813
810,815
811,812
813,814
815,816
815,821
815,944
816,817
816,820
817,818
817,819
821,822
821,825
821,828
821,830
821,831
821,832
821,891
821,904
822,823
823,824
825,826
826,827
828,829
832,833
832,834
834,835
834,836
834,838
834,839
834,857
834,866
834,870
834,890
836,837
839,840
839,841
839,855
841,842
842,843
842,848
842,851
843,844
844,845
845,846
845,847
848,849
848,850
851,852
851,853
853,854
855,856
857,858
857,859
857,863
859,860
860,861
861,862
863,864
864,865
866,867
867,868
868,869
870,871
870,874
870,888
871,872
872,873
874,875
874,887
875,876
876,877
876,879
876,881
876,884
877,878
879,880
881,882
882,883
884,885
885,886
888,889
891,892
891,893
893,894
893,901
893,902
893,903
894,895
894,896
896,897
897,898
898,899
899,900
904,905
904,942
905,906
905,910
906,907
907,908
908,909
910,911
910,912
910,917
912,913
912,915
913,914
915,916
917,918
917,920
918,919
920,921
920,924
920,935
921,922
921,923
924,925
924,929
924,930
924,931
924,933
925,926
926,927
927,928
931,932
933,934
935,936
935,939
936,937
936,938
939,940
940,941
942,943
944,945
944,947
945,946
947,948
948,949
950,951
950,952
952,953
952,954
954,955
954,958
954,960
954,962
954,997
955,956
956,957
958,959
960,961
962,963
962,968
962,993
963,964
963,967
964,965
964,966
968,969
968,970
968,977
968,987
968,992
970,971
970,972
972,973
972,975
972,976
973,974
977,978
977,979
979,980
979,985
979,986
980,981
980,982
982,983
983,984
987,988
987,989
989,990
990,991
993,994
993,996
994,995
998,999
998,1001
998,1003
998,1005
998,1006
999,1000
1001,1002
1003,1004
1006,1007
1006,1009
1007,1008
1010,1011
1010,1012
1010,1015
1010,1017
1010,1025
1012,1013
1013,1014
1015,1016
1017,1018
1018,1019
1018,1020
1018,1023
1018,1024
1020,1021
1021,1022
1026,1027
1026,1028
1026,1029
1026,1031
1029,1030
1031,1032
1033,1034
1033,1035
1033,1037
1033,1055
1035,1036
1037,1038
1037,1041
1038,1039
1038,1040
1041,1042
1041,1046
1041,1050
1041,1052
1042,1043
1042,1044
1042,1045
1046,1047
1047,1048
1047,1049
1050,1051
1052,1053
1052,1054
1056,1057
1056,1058
1056,1059
1056,1061
1056,1063
1059,1060
1061,1062
1063,1064
1063,1067
1064,1065
1064,1066
1067,1068
1067,1070
1068,1069
1070,1071
1070,1073
1070,1121
1071,1072
1073,1074
1074,1075
1074,1077
1074,1114
1075,1076
1077,1078
1078,1079
1078,1081
1078,1094
1079,1080
1081,1082
1081,1085
1082,1083
1083,1084
1085,1086
1085,1090
1086,1087
1086,1088
1088,1089
1090,1091
1090,1093
1091,1092
1094,1095
1094,1097
1095,1096
1097,1098
1097,1099
1097,1112
1099,1100
1099,1102
1100,1101
1102,1103
1102,1105
1103,1104
1105,1106
1105,1107
1107,1108
1107,1111
1108,1109
1109,1110
1112,1113
1114,1115
1114,1117
1115,1116
1117,1118
1117,1120
1118,1119
1121,1122
1122,1123
1122,1125
1122,1163
1123,1124
1125,1126
1126,1127
1126,1129
1126,1143
1127,1128
1129,1130
1129,1133
1130,1131
1131,1132
1133,1134
1133,1138
1134,1135
1134,1136
1136,1137
1138,1139
1139,1140
1139,1141
1141,1142
1143,1144
1143,1147
1144,1145
1145,1146
1147,1148
1147,1149
1147,1158
1149,1150
1149,1152
1149,1153
1150,1151
1153,1154
1154,1155
1155,1156
1156,1157
1158,1159
1159,1160
1159,1161
1161,1162
1163,1164
1164,1165
1164,1166
1166,1167
1168,1169
1168,1170
1168,1171
1168,1174
1168,1176
1168,1178
1171,1172
1172,1173
1174,1175
1176,1177
1178,1179
1178,1181
1179,1180
1182,1183
1182,1184
1182,1185
1182,1186
1182,1188
1182,1189
1182,1190
1182,1192
1182,1194
1182,1195
1182,1197
1182,1199
1186,1187
1190,1191
1192,1193
1195,1196
1197,1198
1199,1200
1199,1201
1201,1202
1202,1203
1204,1205
1204,1206
1204,1207
1204,1208
1204,1209
1204,1210
1204,1211
1204,1219
1204,1222
1204,1224
1211,1212
1211,1216
1212,1213
1212,1214
1212,1215
1216,1217
1217,1218
1219,1220
1220,1221
1222,1223
1225,1226
1225,1227
1225,1228
1225,1230
1225,1253
1225,1254
1225,1259
1228,1229
1230,1231
1231,1232
1232,1233
1232,1238
1232,1243
1232,1248
1233,1234
1233,1235
1233,1236
1236,1237
1238,1239
1238,1240
1238,1241
1241,1242
1243,1244
1243,1245
1243,1246
1246,1247
1248,1249
1248,1250
1248,1251
1251,1252
1254,1255
1254,1258
1255,1256
1255,1257
1259,1260
1259,1263
1260,1261
1260,1262
1264,1265
1264,1270
1264,1271
1265,1266
1265,1267
1265,1268
1268,1269
1271,1272
1272,1273
1274,1275
1274,1281
1274,1283
1274,1286
1274,1287
1274,1289
1275,1276
1275,1277
1275,1279
1275,1280
1277,1278
1281,1282
1283,1284
1284,1285
1287,1288
1290,1291
1290,1292
1290,1294
1290,1321
1290,1323
1290,1325
1290,1341
1290,1343
1290,1345
1290,1363
1290,1365
1290,1396
1290,1398
1292,1293
1294,1295
1294,1298
1295,1296
1295,1297
1298,1299
1298,1304
1298,1309
1298,1314
1298,1319
1299,1300
1299,1302
1300,1301
1302,1303
1304,1305
1305,1306
1305,1308
1306,1307
1309,1310
1309,1312
1310,1311
1312,1313
1314,1315
1314,1317
1315,1316
1317,1318
1319,1320
1321,1322
1323,1324
1325,1326
1325,1328
1326,1327
1328,1329
1328,1332
1328,1335
1328,1339
1329,1330
1330,1331
1332,1333
1333,1334
1335,1336
1336,1337
1337,1338
1339,1340
1341,1342
1343,1344
1345,1346
1345,1348
1346,1347
1348,1349
1348,1351
1349,1350
1351,1352
1351,1353
1351,1357
1353,1354
1354,1355
1355,1356
1357,1358
1357,1359
1359,1360
1360,1361
1361,1362
1363,1364
1365,1366
1365,1368
1366,1367
1368,1369
1368,1371
1368,1373
1368,1377
1368,1381
1368,1387
1368,1393
1368,1395
1369,1370
1371,1372
1373,1374
1374,1375
1375,1376
1377,1378
1378,1379
1379,1380
1381,1382
1381,1385
1382,1383
1383,1384
1385,1386
1387,1388
1387,1391
1388,1389
1389,1390
1391,1392
1393,1394
1396,1397
1398,1399
1398,1402
1399,1400
1399,1401
1402,1403
1402,1409
1402,1411
1402,1413
1402,1416
1402,1418
1402,1419
1402,1421
1403,1404
1404,1405
1404,1408
1405,1406
1406,1407
1409,1410
1411,1412
1413,1414
1414,1415
1416,1417
1419,1420
1421,1422
1421,1428
1422,1423
1423,1424
1423,1427
1424,1425
1425,1426
1429,1430
1429,1431
1429,1432
1429,1433
1429,1434
1429,1435
1429,1436
1429,1437
1429,1440
1437,1438
1438,1439
1440,1441
1442,1443
1442,1444
1442,1445
1445,1446
1445,1447
1445,1450
1447,1448
1447,1449
1450,1451
1450,1456
1451,1452
1451,1453
1451,1455
1453,1454
1456,1457
1456,1458
1456,1460
1456,1461
1458,1459
1462,1463
1462,1464
1464,1465
1464,1468
1465,1466
1465,1467
1468,1469
1469,1470
1469,1472
1470,1471
1472,1473
1472,1484
1473,1474
1473,1475
1473,1482
1475,1476
1476,1477
1477,1478
1478,1479
1478,1480
1478,1481
1482,1483
1484,1485
1486,1487
1486,1488
1486,1489
1486,1491
1486,1509
1489,1490
1491,1492
1492,1493
1493,1494
1493,1499
1493,1504
1494,1495
1494,1496
1494,1497
1497,1498
1499,1500
1499,1501
1499,1502
1502,1503
1504,1505
1504,1506
1504,1507
1507,1508
1509,1510
1509,1513
1510,1511
1510,1512
1514,1515
1514,1516
1514,1518
1514,1519
1514,1522
1514,1525
1514,1527
1514,1529
1514,1532
1514,1533
1514,1534
1516,1517
1519,1520
1520,1521
1522,1523
1523,1524
1525,1526
1527,1528
1529,1530
1530,1531
1534,1535
1535,1536
1537,1538
1537,1539
1537,1542
1537,1545
1537,1548
1537,1549
1537,1553
1537,1555
1537,1556
1537,1557
1539,1540
1540,1541
1542,1543
1543,1544
1545,1546
1546,1547
1549,1550
1550,1551
1550,1552
1553,1554
1557,1558
1557,1563
1558,1559
1558,1560
1558,1561
1558,1562
1564,1565
1564,1566
1564,1567
1564,1569
1564,1590
1567,1568
1569,1570
1570,1571
1571,1572
1571,1575
1571,1580
1571,1585
1572,1573
1572,1574
1575,1576
1575,1577
1575,1578
1578,1579
1580,1581
1580,1582
1580,1583
1583,1584
1585,1586
1585,1587
1585,1588
1588,1589
1590,1591
1590,1594
1591,1592
1591,1593
1595,1596
1595,1597
1595,1598
1595,1599
1595,1600
1595,1601
1601,1602
1603,1604
1603,1605
1603,1606
1603,1612
1603,1615
1603,1617
1603,1620
1603,1625
1603,1628
1603,1631
1603,1634
1603,1637
1606,1607
1606,1610
1607,1608
1607,1609
1610,1611
1612,1613
1613,1614
1615,1616
1617,1618
1618,1619
1620,1621
1620,1622
1622,1623
1623,1624
1625,1626
1625,1627
1628,1629
1628,1630
1631,1632
1632,1633
1634,1635
1634,1636
1637,1638
1637,1639
1640,1641
1640,1642
1640,1643
1640,1644
1640,1645
1640,1646
1640,1647
1640,1648
1640,1650
1640,1652
1640,1654
1640,1656
1640,1658
1648,1649
1650,1651
1652,1653
1654,1655
1656,1657
1658,1659
1660,1661
1660,1662
1660,1665
1660,1667
1660,1675
1662,1663
1663,1664
1665,1666
1667,1668
1668,1669
1668,1670
1668,1673
1668,1674
1670,1671
1671,1672
1676,1677
1676,1678
1679,1680
1679,1681
1679,1682
1682,1683
1683,1684
1684,1685
1684,1686
1684,1689
1684,1692
1684,1701
1686,1687
1686,1688
1689,1690
1689,1691
1692,1693
1692,1694
1692,1698
1694,1695
1695,1696
1696,1697
1698,1699
1699,1700
1701,1702
1703,1704
1703,1705
1703,1706
1703,1707
1703,1708
1703,1709
1703,1710
1703,1715
1703,1720
1703,1724
1703,1726
1703,1728
1703,1730
1703,1734
1703,1736
1710,1711
1710,1712
1712,1713
1713,1714
1715,1716
1715,1717
1717,1718
1718,1719
1720,1721
1721,1722
1721,1723
1724,1725
1726,1727
1728,1729
1730,1731
1731,1732
1732,1733
1734,1735
1737,1738
1737,1739
1740,1741
1740,1742
1742,1743
1743,1744
1745,1746
1745,1747
1745,1751
1745,1752
1745,1753
1745,1755
1745,1757
1745,1759
1745,1762
1745,1764
1745,1767
1745,1770
1745,1771
1747,1748
1747,1749
1749,1750
1753,1754
1755,1756
1757,1758
1759,1760
1760,1761
1762,1763
1764,1765
1764,1766
1767,1768
1767,1769
1771,1772
1771,1773
1773,1774
1775,1776
1775,1777
1775,1778
1775,1779
1779,1780
1779,1785
1779,1787
1779,1792
1779,1808
1780,1781
1780,1783
1781,1782
1783,1784
1785,1786
1787,1788
1788,1789
1788,1791
1789,1790
1792,1793
1792,1802
1792,1807
1793,1794
1794,1795
1794,1798
1794,1800
1795,1796
1795,1797
1798,1799
1800,1801
1802,1803
1802,1806
1803,1804
1803,1805
1808,1809
1808,1810
1810,1811
1811,1812
1811,1814
1812,1813
1815,1816
1815,1817
1815,1818
1818,1819
1818,1822
1818,1824
1819,1820
1819,1821
1822,1823
1824,1825
1825,1826
1825,1829
1826,1827
1826,1828
1829,1830
1831,1832
1831,1833
1831,1834
1834,1835
1836,1837
1836,1838
1838,1839
1839,1840
1840,1841
1841,1842
1842,1843
1843,1844
1844,1845
1845,1846
1846,1847
1847,1848
1848,1849
1849,1850
1850,1851
1851,1852
1852,1853
1853,1854
1854,1855
1855,1856
1856,1857
1857,1858
1858,1859
1859,1860
1860,1861
1861,1862
1862,1863
1863,1864
1864,1865
1865,1866
1866,1867
1867,1868
1869,1870
1869,1871
1869,1872
1869,1874
1869,1877
1872,1873
1874,1875
1875,1876
1877,1878
1878,1879
1878,1886
1878,1893
1879,1880
1880,1881
1881,1882
1881,1883
1881,1884
1881,1885
1886,1887
1887,1888
1887,1889
1887,1890
1890,1891
1891,1892
1893,1894
1895,1896
1895,1897
1895,1898
1895,1900
1895,1923
1895,1928
1895,1933
1898,1899
1900,1901
1901,1902
1902,1903
1902,1908
1902,1913
1902,1918
1903,1904
1903,1905
1903,1906
1906,1907
1908,1909
1908,1910
1908,1911
1911,1912
1913,1914
1913,1915
1913,1916
1916,1917
1918,1919
1918,1920
1918,1921
1921,1922
1923,1924
1923,1927
1924,1925
1924,1926
1928,1929
1928,1932
1929,1930
1929,1931
1933,1934
1933,1936
1934,1935
1937,1938
1937,1939
1937,1940
1937,1942
1937,1965
1937,1970
1940,1941
1942,1943
1943,1944
1944,1945
1944,1950
1944,1955
1944,1960
1945,1946
1945,1947
1945,1948
1948,1949
1950,1951
1950,1952
1950,1953
1953,1954
1955,1956
1955,1957
1955,1958
1958,1959
1960,1961
1960,1962
1960,1963
1963,1964
1965,1966
1965,1969
1966,1967
1966,1968
1970,1971
1970,1973
1971,1972
1974,1975
1974,1980
1974,1982
1974,1984
1974,1985
1974,1987
1974,1989
1975,1976
1975,1977
1975,1979
1977,1978
1980,1981
1982,1983
1985,1986
1987,1988
1989,1990
1990,1991
1990,1994
1991,1992
1992,1993
1995,1996
1995,1997
1995,2000
1995,2004
1995,2007
1995,2009
1995,2011
1997,1998
1998,1999
2000,2001
2000,2002
2002,2003
2004,2005
2004,2006
2007,2008
2009,2010
2011,2012
2013,2014
2013,2015
2013,2016
2013,2018
2013,2041
2013,2046
2016,2017
2018,2019
2019,2020
2020,2021
2020,2026
2020,2031
2020,2036
2021,2022
2021,2023
2021,2024
2024,2025
2026,2027
2026,2028
2026,2029
2029,2030
2031,2032
2031,2033
2031,2034
2034,2035
2036,2037
2036,2038
2036,2039
2039,2040
2041,2042
2041,2045
2042,2043
2042,2044
2046,2047
2046,2049
2047,2048
2050,2051
2050,2052
2050,2053
2050,2055
2050,2078
2050,2079
2050,2084
2053,2054
2055,2056
2056,2057
2057,2058
2057,2063
2057,2068
2057,2073
2058,2059
2058,2060
2058,2061
2061,2062
2063,2064
2063,2065
2063,2066
2066,2067
2068,2069
2068,2070
2068,2071
2071,2072
2073,2074
2073,2075
2073,2076
2076,2077
2079,2080
2079,2083
2080,2081
2080,2082
2084,2085
2085,2086
2085,2087
2088,2089
2088,2090
2088,2091
2088,2093
2088,2116
2088,2117
2088,2122
2088,2127
2091,2092
2093,2094
2094,2095
2095,2096
2095,2101
2095,2106
2095,2111
2096,2097
2096,2098
2096,2099
2099,2100
2101,2102
2101,2103
2101,2104
2104,2105
2106,2107
2106,2108
2106,2109
2109,2110
2111,2112
2111,2113
2111,2114
2114,2115
2117,2118
2117,2121
2118,2119
2118,2120
2122,2123
2122,2126
2123,2124
2123,2125
2127,2128
2127,2130
2128,2129
2131,2132
2131,2133
2131,2135
2131,2137
2131,2139
2131,2141
2131,2143
2131,2152
2131,2171
2131,2173
2131,2175
2131,2226
2131,2228
2131,2235
2131,2237
2131,2238
2131,2241
2131,2247
2131,2252
2131,2253
2131,2273
2131,2275
2131,2294
2133,2134
2135,2136
2137,2138
2139,2140
2141,2142
2143,2144
2143,2147
2144,2145
2144,2146
2147,2148
2147,2150
2147,2151
2148,2149
2152,2153
2152,2154
2154,2155
2154,2157
2155,2156
2157,2158
2157,2159
2157,2167
2159,2160
2160,2161
2160,2163
2161,2162
2163,2164
2163,2165
2163,2166
2167,2168
2167,2169
2167,2170
2171,2172
2173,2174
2175,2176
2175,2177
2177,2178
2177,2179
2177,2182
2177,2219
2177,2225
2179,2180
2180,2181
2182,2183
2182,2184
2184,2185
2184,2187
2185,2186
2187,2188
2187,2189
2189,2190
2189,2192
2190,2191
2192,2193
2192,2194
2194,2195
2195,2196
2195,2197
2197,2198
2197,2200
2197,2207
2197,2211
2198,2199
2200,2201
2201,2202
2201,2203
2201,2205
2203,2204
2205,2206
2207,2208
2208,2209
2209,2210
2211,2212
2211,2216
2212,2213
2212,2214
2214,2215
2216,2217
2217,2218
2219,2220
2219,2221
2221,2222
2221,2223
2221,2224
2226,2227
2228,2229
2228,2230
2230,2231
2230,2233
2230,2234
2231,2232
2235,2236
2238,2239
2239,2240
2241,2242
2241,2243
2243,2244
2244,2245
2245,2246
2247,2248
2247,2249
2249,2250
2250,2251
2253,2254
2253,2255
2255,2256
2255,2259
2255,2267
2255,2269
2256,2257
2257,2258
2259,2260
2259,2261
2261,2262
2261,2265
2261,2266
2262,2263
2262,2264
2267,2268
2269,2270
2269,2271
2271,2272
2273,2274
2275,2276
2275,2279
2276,2277
2276,2278
2279,2280
2279,2282
2280,2281
2282,2283
2282,2284
2282,2290
2284,2285
2284,2287
2284,2288
2284,2289
2285,2286
2290,2291
2290,2292
2290,2293
2294,2295
2294,2296
2296,2297
2296,2298
2296,2301
2296,2303
2298,2299
2299,2300
2301,2302
2303,2304
2303,2307
2303,2353
2304,2305
2304,2306
2307,2308
2308,2309
2308,2311
2308,2312
2308,2349
2309,2310
2312,2313
2312,2314
2312,2346
2314,2315
2314,2325
2314,2330
2315,2316
2315,2318
2316,2317
2318,2319
2319,2320
2319,2321
2321,2322
2321,2323
2321,2324
2325,2326
2325,2327
2327,2328
2327,2329
2330,2331
2330,2343
2331,2332
2331,2335
2332,2333
2333,2334
2335,2336
2335,2337
2335,2339
2337,2338
2339,2340
2339,2341
2341,2342
2343,2344
2343,2345
2346,2347
2346,2348
2349,2350
2349,2351
2349,2352
2353,2354
2353,2355
2353,2358
2355,2356
2356,2357
2358,2359
2358,2360
2358,2362
2360,2361
2362,2363
2362,2364
2364,2365
2366,2367
2366,2368
2366,2369
2366,2375
2366,2378
2366,2380
2366,2387
2366,2389
2369,2370
2369,2373
2370,2371
2370,2372
2373,2374
2375,2376
2376,2377
2378,2379
2380,2381
2380,2384
2381,2382
2381,2383
2384,2385
2385,2386
2387,2388
2389,2390
2389,2393
2390,2391
2390,2392
2393,2394
2395,2396
2395,2397
2395,2399
2395,2401
2395,2403
2395,2405
2395,2407
2395,2416
2395,2435
2395,2437
2395,2439
2395,2490
2395,2492
2395,2499
2395,2501
2395,2502
2395,2505
2395,2511
2395,2516
2395,2517
2395,2537
2395,2539
2395,2558
2397,2398
2399,2400
2401,2402
2403,2404
2405,2406
2407,2408
2407,2411
2408,2409
2408,2410
2411,2412
2411,2414
2411,2415
2412,2413
2416,2417
2416,2418
2418,2419
2418,2421
2419,2420
2421,2422
2421,2423
2421,2431
2423,2424
2424,2425
2424,2427
2425,2426
2427,2428
2427,2429
2427,2430
2431,2432
2431,2433
2431,2434
2435,2436
2437,2438
2439,2440
2439,2441
2441,2442
2441,2443
2441,2446
2441,2483
2441,2489
2443,2444
2444,2445
2446,2447
2446,2448
2448,2449
2448,2451
2449,2450
2451,2452
2451,2453
2453,2454
2453,2456
2454,2455
2456,2457
2456,2458
2458,2459
2459,2460
2459,2461
2461,2462
2461,2464
2461,2471
2461,2475
2462,2463
2464,2465
2465,2466
2465,2467
2465,2469
2467,2468
2469,2470
2471,2472
2472,2473
2473,2474
2475,2476
2475,2480
2476,2477
2476,2478
2478,2479
2480,2481
2481,2482
2483,2484
2483,2485
2485,2486
2485,2487
2485,2488
2490,2491
2492,2493
2492,2494
2494,2495
2494,2497
2494,2498
2495,2496
2499,2500
2502,2503
2503,2504
2505,2506
2505,2507
2507,2508
2508,2509
2509,2510
2511,2512
2511,2513
2513,2514
2514,2515
2517,2518
2517,2519
2519,2520
2519,2523
2519,2531
2519,2533
2520,2521
2521,2522
2523,2524
2523,2525
2525,2526
2525,2529
2525,2530
2526,2527
2526,2528
2531,2532
2533,2534
2533,2535
2535,2536
2537,2538
2539,2540
2539,2543
2540,2541
2540,2542
2543,2544
2543,2546
2544,2545
2546,2547
2546,2548
2546,2554
2548,2549
2548,2551
2548,2552
2548,2553
2549,2550
2554,2555
2554,2556
2554,2557
2558,2559
2558,2560
2560,2561
2560,2562
2560,2565
2560,2567
2562,2563
2563,2564
2565,2566
2567,2568
2567,2571
2567,2617
2568,2569
2568,2570
2571,2572
2572,2573
2572,2575
2572,2576
2572,2613
2573,2574
2576,2577
2576,2578
2576,2610
2578,2579
2578,2589
2578,2594
2579,2580
2579,2582
2580,2581
2582,2583
2583,2584
2583,2585
2585,2586
2585,2587
2585,2588
2589,2590
2589,2591
2591,2592
2591,2593
2594,2595
2594,2607
2595,2596
2595,2599
2596,2597
2597,2598
2599,2600
2599,2601
2599,2603
2601,2602
2603,2604
2603,2605
2605,2606
2607,2608
2607,2609
2610,2611
2610,2612
2613,2614
2613,2615
2613,2616
2617,2618
2617,2619
2617,2622
2619,2620
2620,2621
2622,2623
2622,2624
2622,2626
2624,2625
2626,2627
2626,2628
2628,2629
2630,2631
2630,2632
2630,2633
2630,2635
2630,2664
2630,2665
2630,2670
2630,2676
2633,2634
2635,2636
2636,2637
2637,2638
2637,2649
2637,2654
2637,2659
2638,2639
2638,2640
2638,2641
2638,2643
2641,2642
2643,2644
2644,2645
2644,2646
2644,2647
2647,2648
2649,2650
2649,2651
2649,2652
2652,2653
2654,2655
2654,2656
2654,2657
2657,2658
2659,2660
2659,2661
2659,2662
2662,2663
2665,2666
2665,2669
2666,2667
2666,2668
2670,2671
2670,2675
2671,2672
2671,2674
2672,2673
2676,2677
2676,2680
2676,2681
2677,2678
2677,2679
2681,2682
2683,2684
2683,2685
2683,2686
2683,2687
2683,2688
2683,2693
2683,2695
2683,2696
2683,2699
2688,2689
2688,2690
2690,2691
2691,2692
2693,2694
2696,2697
2697,2698
2700,2701
2700,2702
2700,2703
2700,2704
2700,2705
2700,2707
2700,2708
2700,2716
2705,2706
2708,2709
2708,2712
2709,2710
2709,2711
2712,2713
2713,2714
2713,2715
2717,2718
2717,2723
2717,2725
2717,2728
2717,2731
2717,2732
2717,2733
2717,2735
2717,2736
2718,2719
2718,2720
2718,2722
2720,2721
2723,2724
2725,2726
2726,2727
2728,2729
2729,2730
2733,2734
2736,2737
2736,2739
2736,2741
2736,2745
2736,2747
2736,2751
2736,2753
2736,2754
2737,2738
2739,2740
2741,2742
2742,2743
2742,2744
2745,2746
2747,2748
2748,2749
2749,2750
2751,2752
2754,2755
2756,2757
2756,2758
2756,2759
2756,2760
2756,2761
2756,2762
2762,2763
2764,2765
2764,2766
2764,2767
2764,2770
2764,2786
2764,2787
2767,2768
2768,2769
2770,2771
2770,2772
2772,2773
2772,2777
2772,2780
2773,2774
2774,2775
2775,2776
2777,2778
2778,2779
2780,2781
2780,2782
2782,2783
2783,2784
2784,2785
2788,2789
2788,2790
2791,2792
2791,2793
2791,2794
2791,2796
2791,2814
2794,2795
2796,2797
2797,2798
2798,2799
2798,2804
2798,2809
2799,2800
2799,2801
2799,2802
2802,2803
2804,2805
2804,2806
2804,2807
2807,2808
2809,2810
2809,2811
2809,2812
2812,2813
2814,2815
2814,2818
2815,2816
2815,2817
2819,2820
2819,2821
2819,2822
2819,2824
2819,2847
2819,2848
2819,2853
2822,2823
2824,2825
2825,2826
2826,2827
2826,2832
2826,2837
2826,2842
2827,2828
2827,2829
2827,2830
2830,2831
2832,2833
2832,2834
2832,2835
2835,2836
2837,2838
2837,2839
2837,2840
2840,2841
2842,2843
2842,2844
2842,2845
2845,2846
2848,2849
2848,2852
2849,2850
2849,2851
2853,2854
2854,2855
2854,2856
2857,2858
2857,2859
2857,2860
2857,2861
2862,2863
2862,2864
2862,2866
2862,2868
2862,2872
2862,2874
2862,2878
2862,2879
2862,2881
2862,2887
2862,2888
2862,2889
2862,2891
2862,2892
2864,2865
2866,2867
2868,2869
2869,2870
2870,2871
2872,2873
2874,2875
2874,2876
2876,2877
2879,2880
2881,2882
2882,2883
2883,2884
2883,2885
2883,2886
2889,2890
2892,2893
2892,2894
2895,2896
2895,2898
2895,2899
2895,2902
2895,2904
2895,2914
2896,2897
2899,2900
2900,2901
2902,2903
2904,2905
2904,2906
2906,2907
2906,2909
2907,2908
2909,2910
2909,2912
2910,2911
2912,2913
2915,2916
2915,2917
2917,2918
2919,2920
2919,2921
2919,2922
2919,2924
2919,2942
2919,2943
2919,2948
2922,2923
2924,2925
2925,2926
2926,2927
2926,2932
2926,2937
2927,2928
2927,2929
2927,2930
2930,2931
2932,2933
2932,2934
2932,2935
2935,2936
2937,2938
2937,2939
2937,2940
2940,2941
2943,2944
2943,2947
2944,2945
2944,2946
2948,2949
2949,2950
2949,2951
2952,2953
2952,2954
2952,2955
2952,2956
2952,2957
2952,2960
2957,2958
2958,2959
2960,2961
2960,2965
2961,2962
2961,2964
2962,2963
2965,2966
2965,2968
2965,2970
2966,2967
2968,2969
2970,2971
2970,2972
2972,2973
2972,2976
2973,2974
2974,2975
2976,2977
2976,2978
2978,2979
2978,2983
2979,2980
2980,2981
2981,2982
2984,2985
2984,2986
2984,2987
2984,2989
2984,3010
2984,3015
2987,2988
2989,2990
2990,2991
2991,2992
2991,2995
2991,3000
2991,3005
2992,2993
2992,2994
2995,2996
2995,2997
2995,2998
2998,2999
3000,3001
3000,3002
3000,3003
3003,3004
3005,3006
3005,3007
3005,3008
3008,3009
3010,3011
3010,3014
3011,3012
3011,3013
3015,3016
3015,3018
3016,3017
3019,3020
3019,3021
3019,3026
3021,3022
3022,3023
3022,3024
3022,3025
3026,3027
3027,3028
3029,3030
3029,3031
3031,3032
3033,3034
3033,3035
3036,3037
3036,3043
3036,3045
3036,3048
3036,3049
3036,3051
3037,3038
3037,3039
3037,3041
3037,3042
3039,3040
3043,3044
3045,3046
3046,3047
3049,3050
3052,3053
3052,3054
3052,3061
3052,3073
3052,3080
3054,3055
3054,3056
3056,3057
3057,3058
3058,3059
3058,3060
3061,3062
3061,3063
3063,3064
3063,3066
3064,3065
3066,3067
3066,3068
3068,3069
3069,3070
3070,3071
3071,3072
3073,3074
3073,3075
3073,3078
3075,3076
3076,3077
3078,3079
3080,3081
3080,3082
3082,3083
3083,3084
3085,3086
3085,3087
3085,3088
3085,3089
3085,3091
3085,3093
3085,3096
3085,3097
3089,3090
3091,3092
3093,3094
3094,3095
3097,3098
3099,3100
3099,3101
3099,3102
3099,3103
3099,3104
3099,3105
3099,3107
3105,3106
3108,3109
3109,3110
3109,3112
3109,3148
3109,3149
3110,3111
3112,3113
3112,3147
3113,3114
3114,3115
3115,3116
3115,3119
3115,3123
3115,3128
3115,3133
3115,3138
3115,3143
3116,3117
3116,3118
3119,3120
3119,3121
3119,3122
3123,3124
3123,3125
3123,3126
3123,3127
3128,3129
3128,3130
3128,3131
3128,3132
3133,3134
3133,3135
3133,3136
3133,3137
3138,3139
3138,3140
3138,3141
3138,3142
3143,3144
3143,3145
3143,3146
3149,3150
3149,3151
3151,3152
3153,3154
3153,3157
3154,3155
3155,3156
3157,3158
3159,3160
3159,3161
3159,3162
3159,3163
3159,3164
3159,3165
3159,3167
3159,3175
3159,3177
3159,3179
3159,3181
3159,3183
3165,3166
3167,3168
3167,3169
3169,3170
3169,3171
3169,3174
3171,3172
3172,3173
3175,3176
3177,3178
3179,3180
3181,3182
3183,3184
3183,3191
3183,3335
3184,3185
3185,3186
3186,3187
3186,3190
3187,3188
3187,3189
3191,3192
3191,3195
3191,3198
3191,3200
3191,3201
3191,3202
3191,3258
3191,3271
3191,3283
3191,3295
3192,3193
3193,3194
3195,3196
3196,3197
3198,3199
3202,3203
3202,3204
3204,3205
3204,3206
3204,3208
3204,3209
3204,3224
3204,3233
3204,3237
3204,3257
3206,3207
3209,3210
3209,3211
3209,3222
3211,3212
3212,3213
3212,3215
3212,3217
3212,3219
3213,3214
3215,3216
3217,3218
3219,3220
3219,3221
3222,3223
3224,3225
3224,3226
3224,3230
3226,3227
3227,3228
3228,3229
3230,3231
3231,3232
3233,3234
3234,3235
3235,3236
3237,3238
3237,3241
3237,3255
3238,3239
3239,3240
3241,3242
3241,3254
3242,3243
3243,3244
3243,3246
3243,3248
3243,3251
3244,3245
3246,3247
3248,3249
3249,3250
3251,3252
3252,3253
3255,3256
3258,3259
3258,3260
3260,3261
3260,3268
3260,3269
3260,3270
3261,3262
3261,3263
3263,3264
3264,3265
3265,3266
3266,3267
3271,3272
3272,3273
3272,3280
3272,3281
3272,3282
3273,3274
3273,3275
3275,3276
3276,3277
3277,3278
3278,3279
3283,3284
3284,3285
3284,3292
3284,3293
3284,3294
3285,3286
3285,3287
3287,3288
3288,3289
3289,3290
3290,3291
3295,3296
3295,3333
3296,3297
3296,3301
3297,3298
3298,3299
3299,3300
3301,3302
3301,3303
3301,3308
3303,3304
3303,3306
3304,3305
3306,3307
3308,3309
3308,3311
3309,3310
3311,3312
3311,3315
3311,3326
3312,3313
3312,3314
3315,3316
3315,3320
3315,3321
3315,3322
3315,3324
3316,3317
3317,3318
3318,3319
3322,3323
3324,3325
3326,3327
3326,3330
3327,3328
3327,3329
3330,3331
3331,3332
3333,3334
3335,3336
3335,3338
3336,3337
3338,3339
3339,3340
3341,3342
3341,3344
3341,3346
3342,3343
3344,3345
3346,3347
3347,3348
3349,3350
3349,3351
3349,3353
3349,3355
3349,3363
3351,3352
3353,3354
3355,3356
3355,3359
3356,3357
3356,3358
3359,3360
3360,3361
3361,3362
3363,3364
3363,3365
3365,3366
3366,3367
3368,3369
3368,3370
3368,3371
3368,3373
3368,3396
3368,3401
3371,3372
3373,3374
3374,3375
3375,3376
3375,3381
3375,3386
3375,3391
3376,3377
3376,3378
3376,3379
3379,3380
3381,3382
3381,3383
3381,3384
3384,3385
3386,3387
3386,3388
3386,3389
3389,3390
3391,3392
3391,3393
3391,3394
3394,3395
3396,3397
3396,3400
3397,3398
3397,3399
3401,3402
3401,3404
3402,3403
3405,3406
3405,3407
3405,3411
3405,3412
3405,3413
3405,3414
3405,3417
3405,3420
3405,3421
3405,3425
3405,3431
3405,3437
3407,3408
3407,3409
3409,3410
3414,3415
3415,3416
3417,3418
3417,3419
3421,3422
3421,3423
3423,3424
3425,3426
3425,3430
3426,3427
3426,3428
3426,3429
3431,3432
3431,3436
3432,3433
3432,3434
3432,3435
3437,3438
3437,3442
3438,3439
3438,3440
3438,3441
3443,3444
3443,3445
3443,3446
3443,3447
3443,3450
3443,3457
3443,3467
3443,3469
3443,3470
3443,3476
3443,3480
3443,3482
3443,3484
3443,3485
3443,3487
3447,3448
3448,3449
3450,3451
3451,3452
3452,3453
3452,3456
3453,3454
3453,3455
3457,3458
3457,3462
3458,3459
3458,3460
3460,3461
3462,3463
3462,3465
3462,3466
3463,3464
3467,3468
3470,3471
3471,3472
3471,3473
3473,3474
3474,3475
3476,3477
3477,3478
3478,3479
3480,3481
3482,3483
3485,3486
3487,3488
3487,3490
3488,3489
3490,3491
3490,3494
3490,3496
3491,3492
3492,3493
3494,3495
3496,3497
3498,3499
3498,3501
3498,3503
3498,3505
3498,3508
3498,3533
3499,3500
3501,3502
3503,3504
3505,3506
3506,3507
3508,3509
3508,3510
3510,3511
3510,3514
3511,3512
3512,3513
3514,3515
3514,3516
3516,3517
3516,3521
3517,3518
3518,3519
3519,3520
3521,3522
3521,3524
3522,3523
3524,3525
3525,3526
3525,3528
3526,3527
3528,3529
3528,3530
3528,3532
3530,3531
3534,3535
3534,3536
3534,3537
3534,3540
3534,3543
3534,3546
3534,3548
3534,3599
3537,3538
3538,3539
3540,3541
3541,3542
3543,3544
3544,3545
3546,3547
3548,3549
3548,3550
3550,3551
3550,3554
3551,3552
3552,3553
3554,3555
3554,3556
3554,3595
3556,3557
3556,3560
3557,3558
3558,3559
3560,3561
3560,3562
3560,3591
3562,3563
3562,3569
3562,3583
3563,3564
3563,3567
3564,3565
3565,3566
3567,3568
3569,3570
3569,3571
3571,3572
3571,3574
3571,3579
3572,3573
3574,3575
3574,3576
3576,3577
3577,3578
3579,3580
3579,3581
3581,3582
3583,3584
3584,3585
3584,3587
3585,3586
3587,3588
3587,3589
3589,3590
3591,3592
3592,3593
3593,3594
3595,3596
3596,3597
3597,3598
3599,3600
3600,3601
3600,3603
3600,3617
3600,3619
3600,3630
3600,3631
3601,3602
3603,3604
3604,3605
3604,3612
3605,3606
3605,3611
3606,3607
3607,3608
3608,3609
3609,3610
3612,3613
3612,3614
3614,3615
3615,3616
3617,3618
3619,3620
3619,3621
3621,3622
3621,3626
3622,3623
3623,3624
3624,3625
3626,3627
3627,3628
3628,3629
3632,3633
3632,3634
3632,3635
3632,3636
3632,3637
3632,3638
3632,3639
3632,3640
3632,3641
3632,3642
3632,3643
3632,3644
3632,3646
3632,3648
3632,3650
3632,3652
3632,3654
3632,3656
3632,3658
3632,3660
3632,3662
3632,3664
3644,3645
3646,3647
3648,3649
3650,3651
3652,3653
3654,3655
3656,3657
3658,3659
3660,3661
3662,3663
3664,3665
3666,3667
3666,3668
3666,3670
3666,3672
3666,3674
3668,3669
3670,3671
3672,3673
3675,3676
3675,3677
3675,3678
3675,3680
3675,3703
3678,3679
3680,3681
3681,3682
3682,3683
3682,3688
3682,3693
3682,3698
3683,3684
3683,3685
3683,3686
3686,3687
3688,3689
3688,3690
3688,3691
3691,3692
3693,3694
3693,3695
3693,3696
3696,3697
3698,3699
3698,3700
3698,3701
3701,3702
3703,3704
3703,3707
3704,3705
3704,3706
3708,3709
3708,3710
3708,3712
3708,3714
3708,3716
3708,3718
3708,3720
3708,3729
3708,3748
3708,3750
3708,3752
3708,3803
3708,3805
3708,3812
3708,3814
3708,3815
3708,3818
3708,3824
3708,3829
3708,3830
3708,3850
3708,3852
3708,3871
3710,3711
3712,3713
3714,3715
3716,3717
3718,3719
3720,3721
3720,3724
3721,3722
3721,3723
3724,3725
3724,3727
3724,3728
3725,3726
3729,3730
3729,3731
3731,3732
3731,3734
3732,3733
3734,3735
3734,3736
3734,3744
3736,3737
3737,3738
3737,3740
3738,3739
3740,3741
3740,3742
3740,3743
3744,3745
3744,3746
3744,3747
3748,3749
3750,3751
3752,3753
3752,3754
3754,3755
3754,3756
3754,3759
3754,3796
3754,3802
3756,3757
3757,3758
3759,3760
3759,3761
3761,3762
3761,3764
3762,3763
3764,3765
3764,3766
3766,3767
3766,3769
3767,3768
3769,3770
3769,3771
3771,3772
3772,3773
3772,3774
3774,3775
3774,3777
3774,3784
3774,3788
3775,3776
3777,3778
3778,3779
3778,3780
3778,3782
3780,3781
3782,3783
3784,3785
3785,3786
3786,3787
3788,3789
3788,3793
3789,3790
3789,3791
3791,3792
3793,3794
3794,3795
3796,3797
3796,3798
3798,3799
3798,3800
3798,3801
3803,3804
3805,3806
3805,3807
3807,3808
3807,3810
3807,3811
3808,3809
3812,3813
3815,3816
3816,3817
3818,3819
3818,3820
3820,3821
3821,3822
3822,3823
3824,3825
3824,3826
3826,3827
3827,3828
3830,3831
3830,3832
3832,3833
3832,3836
3832,3844
3832,3846
3833,3834
3834,3835
3836,3837
3836,3838
3838,3839
3838,3842
3838,3843
3839,3840
3839,3841
3844,3845
3846,3847
3846,3848
3848,3849
3850,3851
3852,3853
3852,3856
3853,3854
3853,3855
3856,3857
3856,3859
3857,3858
3859,3860
3859,3861
3859,3867
3861,3862
3861,3864
3861,3865
3861,3866
3862,3863
3867,3868
3867,3869
3867,3870
3871,3872
3871,3873
3873,3874
3873,3875
3873,3878
3873,3880
3875,3876
3876,3877
3878,3879
3880,3881
3880,3884
3880,3930
3881,3882
3881,3883
3884,3885
3885,3886
3885,3888
3885,3889
3885,3926
3886,3887
3889,3890
3889,3891
3889,3923
3891,3892
3891,3902
3891,3907
3892,3893
3892,3895
3893,3894
3895,3896
3896,3897
3896,3898
3898,3899
3898,3900
3898,3901
3902,3903
3902,3904
3904,3905
3904,3906
3907,3908
3907,3920
3908,3909
3908,3912
3909,3910
3910,3911
3912,3913
3912,3914
3912,3916
3914,3915
3916,3917
3916,3918
3918,3919
3920,3921
3920,3922
3923,3924
3923,3925
3926,3927
3926,3928
3926,3929
3930,3931
3930,3932
3930,3935
3932,3933
3933,3934
3935,3936
3935,3937
3935,3939
3937,3938
3939,3940
3939,3941
3941,3942
3943,3944
3943,3945
3943,3946
3943,3949
3943,3978
3943,3979
3943,3984
3943,3988
3946,3947
3947,3948
3949,3950
3950,3951
3951,3952
3951,3963
3951,3968
3951,3973
3952,3953
3952,3954
3952,3955
3952,3957
3955,3956
3957,3958
3958,3959
3958,3960
3958,3961
3961,3962
3963,3964
3963,3965
3963,3966
3966,3967
3968,3969
3968,3970
3968,3971
3971,3972
3973,3974
3973,3975
3973,3976
3976,3977
3979,3980
3979,3983
3980,3981
3980,3982
3984,3985
3984,3987
3985,3986
3988,3989
3988,3991
3989,3990
3992,3993
3992,4000
3992,4002
3992,4004
3992,4006
3992,4009
3992,4013
3992,4014
3992,4015
3992,4017
3992,4021
3992,4023
3992,4026
3992,4027
3993,3994
3993,3995
3993,3997
3993,3999
3995,3996
3997,3998
4000,4001
4002,4003
4004,4005
4006,4007
4007,4008
4009,4010
4010,4011
4010,4012
4015,4016
4017,4018
4018,4019
4018,4020
4021,4022
4023,4024
4024,4025
4027,4028
4029,4030
4029,4031
4029,4032
4029,4034
4029,4057
4029,4062
4029,4067
4032,4033
4034,4035
4035,4036
4036,4037
4036,4042
4036,4047
4036,4052
4037,4038
4037,4039
4037,4040
4040,4041
4042,4043
4042,4044
4042,4045
4045,4046
4047,4048
4047,4049
4047,4050
4050,4051
4052,4053
4052,4054
4052,4055
4055,4056
4057,4058
4057,4061
4058,4059
4058,4060
4062,4063
4062,4066
4063,4064
4063,4065
4067,4068
4067,4070
4068,4069
4071,4072
4071,4073
4071,4075
4071,4077
4071,4079
4071,4081
4071,4083
4073,4074
4075,4076
4077,4078
4079,4080
4081,4082
4083,4084
4085,4086
4086,4087
4086,4088
4088,4089
4089,4090
4091,4092
4091,4093
4091,4094
4091,4102
4091,4104
4091,4106
4091,4107
4091,4113
4091,4114
4091,4116
4094,4095
4094,4097
4095,4096
4097,4098
4097,4099
4097,4101
4099,4100
4102,4103
4104,4105
4107,4108
4107,4111
4108,4109
4109,4110
4111,4112
4114,4115
4117,4118
4117,4121
4117,4123
4117,4124
4117,4125
4117,4127
4118,4119
4118,4120
4121,4122
4125,4126
4127,4128
4127,4130
4127,4132
4127,4136
4127,4138
4127,4142
4127,4144
4127,4146
4127,4148
4128,4129
4130,4131
4132,4133
4133,4134
4133,4135
4136,4137
4138,4139
4139,4140
4140,4141
4142,4143
4144,4145
4146,4147
4148,4149
4148,4150
4148,4151
4151,4152
4152,4153
4154,4155
4154,4156
4154,4157
4154,4158
4154,4159
4160,4161
4160,4162
4160,4178
4160,4185
4160,4186
4160,4187
4162,4163
4163,4164
4163,4165
4163,4166
4163,4167
4163,4168
4163,4169
4163,4170
4163,4171
4163,4172
4163,4173
4163,4174
4163,4175
4163,4176
4163,4177
4178,4179
4179,4180
4180,4181
4180,4182
4180,4183
4180,4184
4188,4189
4189,4190
4189,4192
4189,4228
4189,4229
4190,4191
4192,4193
4192,4227
4193,4194
4194,4195
4195,4196
4195,4199
4195,4203
4195,4208
4195,4213
4195,4218
4195,4223
4196,4197
4196,4198
4199,4200
4199,4201
4199,4202
4203,4204
4203,4205
4203,4206
4203,4207
4208,4209
4208,4210
4208,4211
4208,4212
4213,4214
4213,4215
4213,4216
4213,4217
4218,4219
4218,4220
4218,4221
4218,4222
4223,4224
4223,4225
4223,4226
4229,4230
4229,4231
4231,4232
4233,4234
4233,4241
4233,4243
4233,4246
4233,4249
4233,4250
4233,4252
4233,4255
4233,4257
4234,4235
4234,4236
4234,4237
4234,4239
4234,4240
4237,4238
4241,4242
4243,4244
4244,4245
4246,4247
4247,4248
4250,4251
4252,4253
4253,4254
4255,4256
4257,4258
4259,4260
4259,4262
4259,4265
4259,4268
4260,4261
4262,4263
4263,4264
4265,4266
4266,4267
4268,4269
4268,4270
4270,4271
4270,4273
4271,4272
4273,4274
4273,4275
4275,4276
4275,4279
4276,4277
4277,4278
4279,4280
4279,4281
4281,4282
4281,4285
4282,4283
4283,4284
4285,4286
4285,4287
4287,4288
4288,4289
4288,4290
4290,4291
4290,4294
4291,4292
4292,4293
4294,4295
4294,4296
4296,4297
4298,4299
4298,4300
4300,4301
4302,4303
4302,4304
4302,4305
4302,4307
4302,4325
4305,4306
4307,4308
4308,4309
4309,4310
4309,4315
4309,4320
4310,4311
4310,4312
4310,4313
4313,4314
4315,4316
4315,4317
4315,4318
4318,4319
4320,4321
4320,4322
4320,4323
4323,4324
4325,4326
4325,4329
4326,4327
4326,4328
4330,4331
4330,4334
4330,4336
4330,4337
4330,4338
4330,4340
4331,4332
4331,4333
4334,4335
4338,4339
4340,4341
4340,4343
4340,4345
4340,4349
4340,4351
4340,4355
4340,4357
4340,4359
4340,4361
4341,4342
4343,4344
4345,4346
4346,4347
4346,4348
4349,4350
4351,4352
4352,4353
4353,4354
4355,4356
4357,4358
4359,4360
4361,4362
4361,4363
4361,4364
4364,4365
4365,4366
4367,4368
4367,4369
4367,4371
4367,4373
4367,4375
4367,4377
4367,4379
4367,4381
4367,4382
4367,4384
4367,4389
4369,4370
4371,4372
4373,4374
4375,4376
4377,4378
4379,4380
4382,4383
4384,4385
4384,4388
4385,4386
4385,4387
4389,4390
4389,4393
4390,4391
4390,4392
4394,4395
4394,4396
4394,4397
4394,4399
4394,4400
4394,4402
4394,4403
4394,4407
4394,4409
4394,4413
4394,4418
4394,4420
4394,4422
4397,4398
4400,4401
4403,4404
4404,4405
4405,4406
4407,4408
4409,4410
4409,4411
4411,4412
4413,4414
4413,4415
4415,4416
4416,4417
4418,4419
4420,4421
4423,4424
4423,4425
4423,4428
4423,4431
4425,4426
4426,4427
4428,4429
4429,4430
4432,4433
4432,4434
4432,4435
4432,4437
4432,4455
4435,4436
4437,4438
4438,4439
4439,4440
4439,4445
4439,4450
4440,4441
4440,4442
4440,4443
4443,4444
4445,4446
4445,4447
4445,4448
4448,4449
4450,4451
4450,4452
4450,4453
4453,4454
4455,4456
4455,4459
4456,4457
4456,4458
4460,4461
4460,4462
4460,4463
4460,4464
4460,4465
4460,4466
4460,4467
4460,4469
4467,4468
4469,4470
4469,4477
4469,4484
4469,4491
4469,4498
4469,4505
4469,4512
4469,4519
4469,4526
4470,4471
4471,4472
4472,4473
4472,4474
4472,4475
4472,4476
4477,4478
4478,4479
4479,4480
4479,4481
4479,4482
4479,4483
4484,4485
4485,4486
4486,4487
4486,4488
4486,4489
4486,4490
4491,4492
4492,4493
4493,4494
4493,4495
4493,4496
4493,4497
4498,4499
4499,4500
4500,4501
4500,4502
4500,4503
4500,4504
4505,4506
4506,4507
4507,4508
4507,4509
4507,4510
4507,4511
4512,4513
4513,4514
4514,4515
4514,4516
4514,4517
4514,4518
4519,4520
4520,4521
4521,4522
4521,4523
4521,4524
4521,4525
4526,4527
4528,4529
4528,4531
4528,4532
4528,4534
4529,4530
4532,4533
4534,4535
4535,4536
4536,4537
4537,4538
4537,4539
4540,4541
4540,4542
4540,4543
4540,4545
4540,4568
4540,4569
4540,4574
4543,4544
4545,4546
4546,4547
4547,4548
4547,4553
4547,4558
4547,4563
4548,4549
4548,4550
4548,4551
4551,4552
4553,4554
4553,4555
4553,4556
4556,4557
4558,4559
4558,4560
4558,4561
4561,4562
4563,4564
4563,4565
4563,4566
4566,4567
4569,4570
4569,4573
4570,4571
4570,4572
4574,4575
4575,4576
4575,4577
4578,4579
4578,4580
4578,4581
4578,4582
4578,4583
4578,4584
4578,4586
4584,4585
4587,4588
4587,4589
4587,4590
4587,4591
4591,4592
4592,4593
4593,4594
4593,4598
4593,4599
4593,4603
4593,4604
4593,4605
4593,4606
4594,4595
4595,4596
4595,4597
4599,4600
4600,4601
4600,4602
4606,4607
4606,4608
4608,4609
4610,4611
4610,4612
4612,4613
4614,4615
4614,4616
4614,4617
4614,4619
4614,4642
4614,4643
4614,4648
4617,4618
4619,4620
4620,4621
4621,4622
4621,4627
4621,4632
4621,4637
4622,4623
4622,4624
4622,4625
4625,4626
4627,4628
4627,4629
4627,4630
4630,4631
4632,4633
4632,4634
4632,4635
4635,4636
4637,4638
4637,4639
4637,4640
4640,4641
4643,4644
4643,4647
4644,4645
4644,4646
4648,4649
4649,4650
4649,4651
4652,4653
4652,4654
4652,4656
4652,4658
4652,4660
4652,4662
4652,4664
4652,4666
4652,4668
4652,4670
4652,4672
4652,4674
4652,4675
4652,4677
4652,4679
4652,4685
4652,4688
4652,4691
4652,4693
4654,4655
4656,4657
4658,4659
4660,4661
4662,4663
4664,4665
4666,4667
4668,4669
4670,4671
4672,4673
4675,4676
4677,4678
4679,4680
4680,4681
4680,4684
4681,4682
4681,4683
4685,4686
4686,4687
4688,4689
4689,4690
4691,4692
4693,4694
4695,4696
4695,4697
4695,4698
4695,4699
4695,4701
4695,4707
4699,4700
4701,4702
4701,4703
4703,4704
4704,4705
4705,4706
4707,4708
4707,4715
4708,4709
4708,4710
4710,4711
4711,4712
4712,4713
4713,4714
4715,4716
4717,4718
4717,4719
4717,4720
4717,4722
4717,4745
4717,4750
4720,4721
4722,4723
4723,4724
4724,4725
4724,4730
4724,4735
4724,4740
4725,4726
4725,4727
4725,4728
4728,4729
4730,4731
4730,4732
4730,4733
4733,4734
4735,4736
4735,4737
4735,4738
4738,4739
4740,4741
4740,4742
4740,4743
4743,4744
4745,4746
4745,4749
4746,4747
4746,4748
4750,4751
4750,4754
4751,4752
4751,4753
4755,4756
4756,4757
4756,4759
4756,4795
4756,4796
4757,4758
4759,4760
4759,4794
4760,4761
4761,4762
4762,4763
4762,4766
4762,4770
4762,4774
4762,4779
4762,4784
4762,4789
4763,4764
4763,4765
4766,4767
4766,4768
4766,4769
4770,4771
4770,4772
4770,4773
4774,4775
4774,4776
4774,4777
4774,4778
4779,4780
4779,4781
4779,4782
4779,4783
4784,4785
4784,4786
4784,4787
4784,4788
4789,4790
4789,4791
4789,4792
4789,4793
4796,4797
4796,4798
4798,4799
4800,4801
4800,4802
4800,4803
4800,4804
4800,4805
4800,4806
4806,4807
4808,4809
4808,4810
4808,4811
4808,4814
4808,4821
4808,4825
4808,4827
4808,4828
4808,4829
4808,4831
4808,4834
4808,4836
4808,4845
4808,4846
4808,4847
4808,4850
4811,4812
4812,4813
4814,4815
4814,4816
4816,4817
4817,4818
4818,4819
4819,4820
4821,4822
4822,4823
4822,4824
4825,4826
4829,4830
4831,4832
4832,4833
4834,4835
4836,4837
4836,4838
4838,4839
4838,4842
4839,4840
4840,4841
4842,4843
4842,4844
4847,4848
4848,4849
4850,4851
4851,4852
4853,4854
4853,4855
4853,4856
4853,4858
4853,4881
4853,4886
4856,4857
4858,4859
4859,4860
4860,4861
4860,4866
4860,4871
4860,4876
4861,4862
4861,4863
4861,4864
4864,4865
4866,4867
4866,4868
4866,4869
4869,4870
4871,4872
4871,4873
4871,4874
4874,4875
4876,4877
4876,4878
4876,4879
4879,4880
4881,4882
4881,4885
4882,4883
4882,4884
4886,4887
4886,4889
4887,4888
4890,4891
4890,4892
4890,4893
4890,4894
4890,4895
4890,4896
4890,4897
4890,4898
4890,4900
4890,4902
4898,4899
4900,4901
4903,4904
4903,4905
4903,4906
4903,4907
4903,4908
4903,4909
4909,4910
4911,4912
4911,4913
4911,4914
4911,4919
4911,4927
4911,4929
4914,4915
4914,4917
4915,4916
4917,4918
4919,4920
4919,4925
4920,4921
4920,4922
4922,4923
4922,4924
4925,4926
4927,4928
4929,4930
4930,4931
4930,4940
4931,4932
4931,4939
4932,4933
4932,4938
4933,4934
4933,4937
4934,4935
4934,4936
4941,4942
4941,4943
4941,4945
4943,4944
4945,4946
4947,4948
4947,4949
4947,4950
4947,4951
4947,4952
4947,4953
4953,4954
4955,4956
4955,4957
4955,4958
4955,4960
4955,4978
4955,4979
4958,4959
4960,4961
4961,4962
4962,4963
4962,4968
4962,4973
4963,4964
4963,4965
4963,4966
4966,4967
4968,4969
4968,4970
4968,4971
4971,4972
4973,4974
4973,4975
4973,4976
4976,4977
4979,4980
4979,4982
4980,4981
4983,4984
4983,4985
4983,4986
4983,4988
4983,5006
4983,5007
4983,5012
4986,4987
4988,4989
4989,4990
4990,4991
4990,4996
4990,5001
4991,4992
4991,4993
4991,4994
4994,4995
4996,4997
4996,4998
4996,4999
4999,5000
5001,5002
5001,5003
5001,5004
5004,5005
5007,5008
5007,5011
5008,5009
5008,5010
5012,5013
5013,5014
5013,5015
5016,5017
5016,5018
5016,5019
5016,5022
5016,5025
5016,5028
5016,5031
5016,5034
5016,5037
5016,5040
5016,5043
5016,5046
5016,5049
5016,5052
5016,5055
5016,5058
5016,5061
5016,5063
5016,5067
5016,5072
5016,5076
5016,5081
5016,5085
5016,5090
5016,5093
5016,5096
5016,5099
5016,5102
5016,5105
5016,5109
5016,5112
5016,5115
5016,5117
5016,5120
5019,5020
5020,5021
5022,5023
5023,5024
5025,5026
5026,5027
5028,5029
5028,5030
5031,5032
5031,5033
5034,5035
5034,5036
5037,5038
5037,5039
5040,5041
5040,5042
5043,5044
5043,5045
5046,5047
5046,5048
5049,5050
5049,5051
5052,5053
5052,5054
5055,5056
5055,5057
5058,5059
5059,5060
5061,5062
5063,5064
5064,5065
5064,5066
5067,5068
5068,5069
5068,5071
5069,5070
5072,5073
5073,5074
5073,5075
5076,5077
5077,5078
5077,5080
5078,5079
5081,5082
5082,5083
5082,5084
5085,5086
5086,5087
5086,5089
5087,5088
5090,5091
5091,5092
5093,5094
5094,5095
5096,5097
5097,5098
5099,5100
5100,5101
5102,5103
5103,5104
5105,5106
5106,5107
5106,5108
5109,5110
5110,5111
5112,5113
5113,5114
5115,5116
5117,5118
5118,5119
5120,5121
5120,5122
5120,5123
5123,5124
5124,5125
5124,5126
5124,5127
5124,5129
5127,5128
5130,5131
5130,5132
5130,5133
5130,5135
5130,5153
5130,5154
5130,5159
5130,5164
5133,5134
5135,5136
5136,5137
5137,5138
5137,5143
5137,5148
5138,5139
5138,5140
5138,5141
5141,5142
5143,5144
5143,5145
5143,5146
5146,5147
5148,5149
5148,5150
5148,5151
5151,5152
5154,5155
5154,5158
5155,5156
5155,5157
5159,5160
5159,5163
5160,5161
5160,5162
5164,5165
5164,5169
5164,5170
5165,5166
5165,5168
5166,5167
5170,5171
5172,5173
5172,5174
5172,5176
5172,5203
5172,5205
5172,5207
5172,5223
5172,5225
5172,5227
5172,5251
5172,5253
5172,5284
5172,5286
5174,5175
5176,5177
5176,5180
5177,5178
5177,5179
5180,5181
5180,5186
5180,5191
5180,5196
5180,5201
5181,5182
5181,5184
5182,5183
5184,5185
5186,5187
5187,5188
5187,5190
5188,5189
5191,5192
5191,5194
5192,5193
5194,5195
5196,5197
5196,5199
5197,5198
5199,5200
5201,5202
5203,5204
5205,5206
5207,5208
5207,5210
5208,5209
5210,5211
5210,5214
5210,5217
5210,5221
5211,5212
5212,5213
5214,5215
5215,5216
5217,5218
5218,5219
5219,5220
5221,5222
5223,5224
5225,5226
5227,5228
5227,5230
5228,5229
5230,5231
5230,5233
5231,5232
5233,5234
5233,5235
5233,5239
5235,5236
5236,5237
5237,5238
5239,5240
5239,5241
5239,5245
5241,5242
5242,5243
5243,5244
5245,5246
5245,5247
5247,5248
5248,5249
5249,5250
5251,5252
5253,5254
5253,5256
5254,5255
5256,5257
5256,5259
5256,5261
5256,5265
5256,5269
5256,5275
5256,5281
5256,5283
5257,5258
5259,5260
5261,5262
5262,5263
5263,5264
5265,5266
5266,5267
5267,5268
5269,5270
5269,5273
5270,5271
5271,5272
5273,5274
5275,5276
5275,5279
5276,5277
5277,5278
5279,5280
5281,5282
5284,5285
5286,5287
5286,5290
5287,5288
5287,5289
5290,5291
5290,5297
5290,5299
5290,5301
5290,5304
5290,5306
5290,5307
5290,5309
5291,5292
5292,5293
5292,5296
5293,5294
5294,5295
5297,5298
5299,5300
5301,5302
5302,5303
5304,5305
5307,5308
5309,5310
5309,5316
5310,5311
5311,5312
5311,5315
5312,5313
5313,5314
5317,5318
5317,5319
5317,5320
5317,5322
5317,5340
5317,5341
5317,5346
5320,5321
5322,5323
5323,5324
5324,5325
5324,5330
5324,5335
5325,5326
5325,5327
5325,5328
5328,5329
5330,5331
5330,5332
5330,5333
5333,5334
5335,5336
5335,5337
5335,5338
5338,5339
5341,5342
5341,5345
5342,5343
5342,5344
5346,5347
5347,5348
5347,5349
5350,5351
5350,5352
5350,5353
5350,5355
5350,5378
5353,5354
5355,5356
5356,5357
5357,5358
5357,5363
5357,5368
5357,5373
5358,5359
5358,5360
5358,5361
5361,5362
5363,5364
5363,5365
5363,5366
5366,5367
5368,5369
5368,5370
5368,5371
5371,5372
5373,5374
5373,5375
5373,5376
5376,5377
5378,5379
5378,5382
5379,5380
5379,5381
5383,5384
5383,5385
5383,5388
5383,5395
5383,5398
5383,5399
5383,5404
5383,5408
5383,5409
5383,5410
5383,5413
5383,5415
5383,5416
5383,5437
5383,5438
5383,5439
5383,5441
5383,5442
5383,5445
5385,5386
5386,5387
5388,5389
5388,5390
5390,5391
5391,5392
5392,5393
5393,5394
5395,5396
5396,5397
5399,5400
5399,5401
5401,5402
5402,5403
5404,5405
5405,5406
5405,5407
5410,5411
5411,5412
5413,5414
5416,5417
5416,5418
5416,5424
5418,5419
5418,5422
5419,5420
5419,5421
5422,5423
5424,5425
5424,5428
5425,5426
5426,5427
5428,5429
5428,5433
5429,5430
5430,5431
5431,5432
5433,5434
5433,5435
5435,5436
5439,5440
5442,5443
5443,5444
5445,5446
5446,5447
5448,5449
5448,5450
5448,5451
5448,5453
5448,5476
5451,5452
5453,5454
5454,5455
5455,5456
5455,5461
5455,5466
5455,5471
5456,5457
5456,5458
5456,5459
5459,5460
5461,5462
5461,5463
5461,5464
5464,5465
5466,5467
5466,5468
5466,5469
5469,5470
5471,5472
5471,5473
5471,5474
5474,5475
5476,5477
5476,5480
5477,5478
5477,5479
5481,5482
5481,5483
5481,5485
5481,5486
5481,5489
5481,5492
5481,5494
5481,5496
5481,5499
5481,5500
5481,5501
5483,5484
5486,5487
5487,5488
5489,5490
5490,5491
5492,5493
5494,5495
5496,5497
5497,5498
5501,5502
5502,5503
5504,5505
5504,5506
5504,5507
5504,5509
5504,5532
5507,5508
5509,5510
5510,5511
5511,5512
5511,5517
5511,5522
5511,5527
5512,5513
5512,5514
5512,5515
5515,5516
5517,5518
5517,5519
5517,5520
5520,5521
5522,5523
5522,5524
5522,5525
5525,5526
5527,5528
5527,5529
5527,5530
5530,5531
5532,5533
5532,5536
5533,5534
5533,5535
5537,5538
5537,5539
5537,5541
5537,5543
5537,5544
5537,5547
5537,5551
5537,5555
5537,5557
5537,5559
5537,5562
5537,5564
5537,5567
5537,5570
5537,5574
5537,5576
5537,5579
5537,5582
5539,5540
5541,5542
5544,5545
5545,5546
5547,5548
5548,5549
5549,5550
5551,5552
5552,5553
5553,5554
5555,5556
5557,5558
5559,5560
5560,5561
5562,5563
5564,5565
5564,5566
5567,5568
5568,5569
5570,5571
5571,5572
5571,5573
5574,5575
5576,5577
5576,5578
5579,5580
5580,5581
5582,5583
5582,5586
5583,5584
5584,5585
5586,5587
5588,5589
5588,5590
5588,5592
5588,5610
5590,5591
5592,5593
5592,5596
5593,5594
5593,5595
5596,5597
5596,5601
5596,5605
5596,5607
5597,5598
5597,5599
5597,5600
5601,5602
5602,5603
5602,5604
5605,5606
5607,5608
5607,5609
5611,5612
5611,5613
5613,5614
5615,5616
5615,5617
5615,5618
5615,5619
5615,5620
5615,5621
5615,5622
5622,5623
5622,5626
5622,5636
5622,5638
5622,5640
5622,5642
5622,5644
5622,5700
5623,5624
5624,5625
5626,5627
5626,5629
5627,5628
5629,5630
5629,5631
5629,5635
5631,5632
5631,5633
5633,5634
5636,5637
5638,5639
5640,5641
5642,5643
5644,5645
5644,5646
5646,5647
5647,5648
5647,5655
5647,5696
5648,5649
5649,5650
5650,5651
5650,5654
5651,5652
5651,5653
5655,5656
5655,5657
5655,5664
5655,5674
5655,5682
5655,5690
5655,5695
5657,5658
5657,5659
5659,5660
5659,5662
5659,5663
5660,5661
5664,5665
5664,5666
5666,5667
5666,5672
5666,5673
5667,5668
5667,5669
5669,5670
5670,5671
5674,5675
5675,5676
5675,5681
5676,5677
5676,5678
5678,5679
5679,5680
5682,5683
5683,5684
5683,5689
5684,5685
5684,5686
5686,5687
5687,5688
5690,5691
5690,5692
5692,5693
5693,5694
5696,5697
5696,5699
5697,5698
5701,5702
5701,5703
5701,5704
5701,5706
5701,5707
5704,5705
5707,5708
5707,5710
5708,5709
5710,5711
5710,5716
5710,5722
5710,5728
5711,5712
5711,5713
5711,5714
5714,5715
5716,5717
5716,5719
5716,5720
5716,5721
5717,5718
5722,5723
5722,5725
5722,5726
5722,5727
5723,5724
5728,5729
5728,5731
5728,5734
5729,5730
5731,5732
5731,5733
5735,5736
5735,5737
5735,5738
5735,5739
5735,5741
5735,5743
5739,5740
5741,5742
5743,5744
5745,5746
5745,5747
5747,5748
5747,5752
5747,5756
5747,5758
5747,5760
5747,5763
5747,5764
5748,5749
5749,5750
5750,5751
5752,5753
5752,5754
5754,5755
5756,5757
5758,5759
5760,5761
5761,5762
5764,5765
5764,5766
5764,5768
5766,5767
5769,5770
5769,5771
5769,5772
5769,5773
5769,5775
5769,5798
5769,5799
5769,5804
5769,5808
5773,5774
5775,5776
5776,5777
5777,5778
5777,5783
5777,5788
5777,5793
5778,5779
5778,5780
5778,5781
5781,5782
5783,5784
5783,5785
5783,5786
5786,5787
5788,5789
5788,5790
5788,5791
5791,5792
5793,5794
5793,5795
5793,5796
5796,5797
5799,5800
5799,5803
5800,5801
5800,5802
5804,5805
5805,5806
5805,5807
5808,5809
5808,5811
5809,5810
5812,5813
5812,5814
5812,5815
5812,5817
5812,5846
5812,5847
5815,5816
5817,5818
5818,5819
5819,5820
5819,5831
5819,5836
5819,5841
5820,5821
5820,5822
5820,5823
5820,5825
5823,5824
5825,5826
5826,5827
5826,5828
5826,5829
5829,5830
5831,5832
5831,5833
5831,5834
5834,5835
5836,5837
5836,5838
5836,5839
5839,5840
5841,5842
5841,5843
5841,5844
5844,5845
5847,5848
5847,5850
5848,5849
5851,5852
5851,5855
5851,5857
5851,5858
5851,5860
5851,5862
5852,5853
5852,5854
5855,5856
5858,5859
5860,5861
5862,5863
5862,5864
5862,5892
5864,5865
5864,5867
5864,5870
5864,5877
5864,5881
5864,5883
5864,5888
5864,5890
5865,5866
5867,5868
5868,5869
5870,5871
5870,5873
5871,5872
5873,5874
5874,5875
5875,5876
5877,5878
5878,5879
5879,5880
5881,5882
5883,5884
5883,5885
5885,5886
5886,5887
5888,5889
5890,5891
5892,5893
5893,5894
5895,5896
5895,5897
5895,5898
5895,5901
5895,5919
5895,5920
5895,5925
5895,5929
5898,5899
5899,5900
5901,5902
5902,5903
5903,5904
5903,5909
5903,5914
5904,5905
5904,5906
5904,5907
5907,5908
5909,5910
5909,5911
5909,5912
5912,5913
5914,5915
5914,5916
5914,5917
5917,5918
5920,5921
5920,5924
5921,5922
5921,5923
5925,5926
5925,5928
5926,5927
5929,5930
5929,5932
5930,5931
5933,5934
5933,5935
5933,5937
5933,5939
5933,5941
5933,5943
5935,5936
5937,5938
5939,5940
5941,5942
5944,5945
5944,5946
5944,5947
5944,5950
5944,5979
5944,5980
5944,5985
5944,5989
5944,5993
5947,5948
5948,5949
5950,5951
5951,5952
5952,5953
5952,5964
5952,5969
5952,5974
5953,5954
5953,5955
5953,5956
5953,5958
5956,5957
5958,5959
5959,5960
5959,5961
5959,5962
5962,5963
5964,5965
5964,5966
5964,5967
5967,5968
5969,5970
5969,5971
5969,5972
5972,5973
5974,5975
5974,5976
5974,5977
5977,5978
5980,5981
5980,5984
5981,5982
5981,5983
5985,5986
5985,5988
5986,5987
5989,5990
5989,5992
5990,5991
5993,5994
5993,5996
5994,5995
5997,5998
5997,5999
5997,6016
5999,6000
5999,6001
6001,6002
6001,6005
6002,6003
6003,6004
6005,6006
6005,6007
6007,6008
6007,6010
6008,6009
6010,6011
6010,6014
6011,6012
6011,6013
6014,6015
6017,6018
6017,6019
6017,6020
6017,6024
6017,6026
6017,6028
6017,6030
6017,6032
6017,6034
6020,6021
6021,6022
6022,6023
6024,6025
6026,6027
6028,6029
6030,6031
6032,6033
6034,6035
6036,6037
6036,6038
6036,6039
6036,6041
6036,6059
6036,6060
6036,6065
6036,6070
6039,6040
6041,6042
6042,6043
6043,6044
6043,6049
6043,6054
6044,6045
6044,6046
6044,6047
6047,6048
6049,6050
6049,6051
6049,6052
6052,6053
6054,6055
6054,6056
6054,6057
6057,6058
6060,6061
6060,6064
6061,6062
6061,6063
6065,6066
6065,6069
6066,6067
6066,6068
6070,6071
6070,6075
6070,6076
6071,6072
6071,6074
6072,6073
6076,6077
6078,6079
6078,6080
6078,6081
6078,6082
6078,6083
6078,6084
6078,6085
6078,6086
6078,6088
6078,6090
6078,6092
6078,6094
6078,6096
6086,6087
6088,6089
6090,6091
6092,6093
6094,6095
6096,6097
6096,6107
6096,6117
6096,6127
6096,6137
6096,6147
6096,6157
6096,6167
6096,6177
6097,6098
6098,6099
6099,6100
6099,6101
6099,6102
6099,6103
6099,6104
6099,6105
6099,6106
6107,6108
6108,6109
6109,6110
6109,6111
6109,6112
6109,6113
6109,6114
6109,6115
6109,6116
6117,6118
6118,6119
6119,6120
6119,6121
6119,6122
6119,6123
6119,6124
6119,6125
6119,6126
6127,6128
6128,6129
6129,6130
6129,6131
6129,6132
6129,6133
6129,6134
6129,6135
6129,6136
6137,6138
6138,6139
6139,6140
6139,6141
6139,6142
6139,6143
6139,6144
6139,6145
6139,6146
6147,6148
6148,6149
6149,6150
6149,6151
6149,6152
6149,6153
6149,6154
6149,6155
6149,6156
6157,6158
6158,6159
6159,6160
6159,6161
6159,6162
6159,6163
6159,6164
6159,6165
6159,6166
6167,6168
6168,6169
6169,6170
6169,6171
6169,6172
6169,6173
6169,6174
6169,6175
6169,6176
6177,6178
6179,6180
6179,6184
6179,6186
6179,6188
6179,6189
6179,6191
6179,6192
6179,6194
6180,6181
6180,6182
6180,6183
6184,6185
6186,6187
6189,6190
6192,6193
6194,6195
6194,6197
6194,6199
6194,6203
6194,6205
6194,6207
6195,6196
6197,6198
6199,6200
6200,6201
6201,6202
6203,6204
6205,6206
6207,6208
6207,6209
6207,6210
6210,6211
6211,6212
6213,6214
6213,6215
6213,6217
6213,6219
6213,6221
6215,6216
6217,6218
6219,6220
6222,6223
6222,6229
6222,6230
6222,6232
6222,6235
6222,6238
6222,6242
6222,6243
6222,6244
6222,6246
6222,6250
6222,6251
6222,6258
6223,6224
6223,6225
6223,6226
6223,6228
6226,6227
6230,6231
6232,6233
6233,6234
6235,6236
6236,6237
6238,6239
6239,6240
6239,6241
6244,6245
6246,6247
6247,6248
6247,6249
6251,6252
6251,6253
6253,6254
6254,6255
6255,6256
6255,6257
6259,6260
6259,6261
6259,6262
6259,6263
6259,6264
6259,6265
6259,6266
6259,6267
6259,6268
6259,6270
6259,6272
6259,6274
6259,6289
6259,6291
6259,6294
6259,6300
6259,6303
6259,6304
6259,6305
6259,6306
6259,6311
6259,6320
6259,6323
6259,6329
6259,6332
6268,6269
6270,6271
6272,6273
6274,6275
6274,6276
6274,6279
6276,6277
6277,6278
6279,6280
6279,6283
6279,6285
6280,6281
6280,6282
6283,6284
6285,6286
6286,6287
6287,6288
6289,6290
6291,6292
6292,6293
6294,6295
6295,6296
6295,6297
6297,6298
6298,6299
6300,6301
6301,6302
6306,6307
6307,6308
6308,6309
6309,6310
6311,6312
6311,6316
6312,6313
6313,6314
6314,6315
6316,6317
6317,6318
6318,6319
6320,6321
6321,6322
6323,6324
6323,6325
6325,6326
6326,6327
6327,6328
6329,6330
6330,6331
6332,6333
6334,6335
6334,6341
6334,6342
6334,6344
6334,6347
6334,6348
6334,6349
6335,6336
6335,6337
6335,6338
6335,6340
6338,6339
6342,6343
6344,6345
6345,6346
6349,6350
6351,6352
6351,6356
6351,6358
6351,6362
6351,6366
6351,6370
6351,6371
6351,6372
6351,6374
6351,6375
6351,6377
6351,6379
6352,6353
6352,6354
6352,6355
6356,6357
6358,6359
6359,6360
6359,6361
6362,6363
6363,6364
6363,6365
6366,6367
6367,6368
6367,6369
6372,6373
6375,6376
6377,6378
6379,6380
6379,6381
6379,6383
6381,6382
6383,6384
6383,6388
6383,6390
6383,6393
6383,6394
6383,6395
6383,6397
6383,6399
6384,6385
6385,6386
6386,6387
6388,6389
6390,6391
6391,6392
6395,6396
6397,6398
6399,6400
6399,6402
6400,6401
6402,6403
6403,6404
6405,6406
6405,6407
6405,6408
6405,6416
6405,6418
6405,6419
6405,6425
6405,6426
6405,6428
6408,6409
6408,6411
6409,6410
6411,6412
6411,6413
6411,6415
6413,6414
6416,6417
6419,6420
6419,6423
6420,6421
6421,6422
6423,6424
6426,6427
6429,6430
6429,6433
6430,6431
6431,6432
6433,6434
6433,6435
6435,6436
6435,6439
6436,6437
6437,6438
6439,6440
6439,6441
6441,6442
6441,6444
6441,6447
6442,6443
6444,6445
6445,6446
6447,6448
6447,6449
6449,6450
6450,6451
6452,6453
6452,6454
6452,6455
6452,6456
6452,6457
6452,6458
6452,6459
6452,6461
6459,6460
6461,6462
6461,6471
6461,6480
6461,6489
6461,6498
6461,6507
6461,6516
6461,6525
6461,6534
6462,6463
6463,6464
6464,6465
6464,6466
6464,6467
6464,6468
6464,6469
6464,6470
6471,6472
6472,6473
6473,6474
6473,6475
6473,6476
6473,6477
6473,6478
6473,6479
6480,6481
6481,6482
6482,6483
6482,6484
6482,6485
6482,6486
6482,6487
6482,6488
6489,6490
6490,6491
6491,6492
6491,6493
6491,6494
6491,6495
6491,6496
6491,6497
6498,6499
6499,6500
6500,6501
6500,6502
6500,6503
6500,6504
6500,6505
6500,6506
6507,6508
6508,6509
6509,6510
6509,6511
6509,6512
6509,6513
6509,6514
6509,6515
6516,6517
6517,6518
6518,6519
6518,6520
6518,6521
6518,6522
6518,6523
6518,6524
6525,6526
6526,6527
6527,6528
6527,6529
6527,6530
6527,6531
6527,6532
6527,6533
6534,6535
6536,6537
6536,6538
6536,6540
6536,6558
6538,6539
6540,6541
6540,6544
6541,6542
6541,6543
6544,6545
6544,6549
6544,6553
6544,6555
6545,6546
6545,6547
6545,6548
6549,6550
6550,6551
6550,6552
6553,6554
6555,6556
6555,6557
6559,6560
6559,6561
6559,6563
6559,6565
6559,6567
6559,6570
6559,6574
6559,6577
6559,6579
6559,6582
6559,6585
6561,6562
6563,6564
6565,6566
6567,6568
6568,6569
6570,6571
6571,6572
6572,6573
6574,6575
6574,6576
6577,6578
6579,6580
6579,6581
6582,6583
6582,6584
6585,6586
6585,6587
6588,6589
6588,6593
6588,6595
6588,6596
6588,6598
6588,6599
6588,6601
6588,6603
6588,6605
6588,6607
6588,6609
6588,6613
6588,6615
6589,6590
6589,6591
6589,6592
6593,6594
6596,6597
6599,6600
6601,6602
6603,6604
6605,6606
6607,6608
6609,6610
6610,6611
6611,6612
6613,6614
6615,6616
6617,6618
6617,6619
6617,6624
6617,6629
6617,6630
6617,6713
6617,6718
6619,6620
6619,6621
6621,6622
6622,6623
6624,6625
6625,6626
6625,6627
6627,6628
6630,6631
6630,6632
6630,6634
6632,6633
6634,6635
6634,6636
6634,6638
6636,6637
6638,6639
6638,6640
6638,6642
6640,6641
6642,6643
6642,6644
6642,6646
6644,6645
6646,6647
6646,6648
6646,6657
6648,6649
6649,6650
6649,6653
6649,6655
6650,6651
6650,6652
6653,6654
6655,6656
6657,6658
6657,6659
6657,6704
6659,6660
6659,6663
6660,6661
6661,6662
6663,6664
6663,6665
6663,6667
6665,6666
6667,6668
6667,6669
6667,6671
6669,6670
6671,6672
6671,6673
6671,6675
6673,6674
6675,6676
6675,6677
6675,6679
6677,6678
6679,6680
6679,6681
6679,6683
6681,6682
6683,6684
6683,6685
6683,6687
6685,6686
6687,6688
6687,6689
6687,6691
6689,6690
6691,6692
6691,6693
6691,6695
6693,6694
6695,6696
6695,6697
6695,6699
6697,6698
6699,6700
6699,6701
6701,6702
6702,6703
6704,6705
6704,6706
6704,6708
6706,6707
6708,6709
6709,6710
6710,6711
6711,6712
6713,6714
6713,6715
6715,6716
6716,6717
6719,6720
6719,6721
6719,6722
6719,6730
6722,6723
6722,6725
6723,6724
6725,6726
6725,6727
6725,6729
6727,6728
6730,6731
6731,6732
6733,6734
6733,6735
6733,6747
6735,6736
6735,6737
6737,6738
6738,6739
6739,6740
6739,6742
6740,6741
6742,6743
6743,6744
6744,6745
6745,6746
6748,6749
6748,6750
6750,6751
6750,6754
6751,6752
6751,6753
6754,6755
6755,6756
6755,6758
6756,6757
6758,6759
6758,6770
6759,6760
6759,6761
6759,6768
6761,6762
6762,6763
6763,6764
6764,6765
6764,6766
6764,6767
6768,6769
6770,6771
6772,6773
6772,6774
6774,6775
6776,6777
6776,6778
6776,6780
6776,6781
6776,6784
6776,6787
6776,6790
6776,6792
6776,6796
6776,6798
6776,6800
6776,6804
6776,6805
6776,6808
6776,6810
6776,6814
6778,6779
6781,6782
6782,6783
6784,6785
6785,6786
6787,6788
6788,6789
6790,6791
6792,6793
6792,6795
6793,6794
6796,6797
6798,6799
6800,6801
6801,6802
6801,6803
6805,6806
6806,6807
6808,6809
6810,6811
6810,6813
6811,6812
6814,6815
6814,6818
6815,6816
6815,6817
6819,6820
6819,6821
6819,6822
6819,6823
6819,6824
6819,6825
6819,6826
6819,6828
6819,6832
6819,6837
6826,6827
6828,6829
6828,6830
6830,6831
6832,6833
6833,6834
6833,6835
6835,6836
6837,6838
6838,6839
6838,6840
6841,6842
6841,6845
6842,6843
6843,6844
6845,6846
6846,6847
6848,6849
6848,6850
6848,6852
6848,6862
6850,6851
6852,6853
6852,6858
6853,6854
6853,6855
6853,6856
6856,6857
6858,6859
6859,6860
6860,6861
6863,6864
6863,6865
6863,6867
6863,6870
6863,6873
6863,6874
6865,6866
6867,6868
6867,6869
6870,6871
6870,6872
6874,6875
6876,6877
6876,6878
6876,6883
6876,6886
6876,6889
6876,6892
6876,6944
6878,6879
6878,6880
6878,6881
6881,6882
6883,6884
6884,6885
6886,6887
6886,6888
6889,6890
6890,6891
6892,6893
6892,6937
6893,6894
6894,6895
6894,6897
6894,6900
6894,6936
6895,6896
6897,6898
6898,6899
6900,6901
6900,6903
6901,6902
6903,6904
6903,6907
6903,6910
6903,6912
6903,6913
6903,6915
6904,6905
6905,6906
6907,6908
6907,6909
6910,6911
6913,6914
6915,6916
6916,6917
6916,6918
6916,6921
6916,6925
6916,6928
6916,6932
6918,6919
6918,6920
6921,6922
6921,6923
6923,6924
6925,6926
6925,6927
6928,6929
6928,6930
6930,6931
6932,6933
6932,6934
6934,6935
6937,6938
6937,6940
6937,6942
6938,6939
6940,6941
6942,6943
6944,6945
6946,6947
6946,6948
6946,6950
6946,6951
6948,6949
6951,6952
6951,6954
6951,6956
6952,6953
6954,6955
6956,6957
6958,6959
6958,6960
6958,6963
6958,6966
6960,6961
6961,6962
6963,6964
6964,6965
6967,6968
6967,6969
6967,6970
6967,6972
6967,6995
6967,6996
6967,7001
6967,7005
6970,6971
6972,6973
6973,6974
6974,6975
6974,6980
6974,6985
6974,6990
6975,6976
6975,6977
6975,6978
6978,6979
6980,6981
6980,6982
6980,6983
6983,6984
6985,6986
6985,6987
6985,6988
6988,6989
6990,6991
6990,6992
6990,6993
6993,6994
6996,6997
6996,7000
6997,6998
6997,6999
7001,7002
7002,7003
7002,7004
7005,7006
7005,7008
7006,7007
7009,7010
7009,7011
7009,7013
7009,7040
7009,7042
7009,7044
7009,7060
7009,7062
7009,7064
7009,7082
7009,7084
7009,7115
7009,7117
7011,7012
7013,7014
7013,7017
7014,7015
7014,7016
7017,7018
7017,7023
7017,7028
7017,7033
7017,7038
7018,7019
7018,7021
7019,7020
7021,7022
7023,7024
7024,7025
7024,7027
7025,7026
7028,7029
7028,7031
7029,7030
7031,7032
7033,7034
7033,7036
7034,7035
7036,7037
7038,7039
7040,7041
7042,7043
7044,7045
7044,7047
7045,7046
7047,7048
7047,7051
7047,7054
7047,7058
7048,7049
7049,7050
7051,7052
7052,7053
7054,7055
7055,7056
7056,7057
7058,7059
7060,7061
7062,7063
7064,7065
7064,7067
7065,7066
7067,7068
7067,7070
7068,7069
7070,7071
7070,7072
7070,7076
7072,7073
7073,7074
7074,7075
7076,7077
7076,7078
7078,7079
7079,7080
7080,7081
7082,7083
7084,7085
7084,7087
7085,7086
7087,7088
7087,7090
7087,7092
7087,7096
7087,7100
7087,7106
7087,7112
7087,7114
7088,7089
7090,7091
7092,7093
7093,7094
7094,7095
7096,7097
7097,7098
7098,7099
7100,7101
7100,7104
7101,7102
7102,7103
7104,7105
7106,7107
7106,7110
7107,7108
7108,7109
7110,7111
7112,7113
7115,7116
7117,7118
7117,7121
7118,7119
7118,7120
7121,7122
7121,7128
7121,7130
7121,7132
7121,7135
7121,7137
7121,7138
7121,7140
7122,7123
7123,7124
7123,7127
7124,7125
7125,7126
7128,7129
7130,7131
7132,7133
7133,7134
7135,7136
7138,7139
7140,7141
7140,7147
7141,7142
7142,7143
7142,7146
7143,7144
7144,7145
7148,7149
7148,7150
7148,7151
7148,7152
7148,7170
7152,7153
7152,7157
7152,7166
7153,7154
7153,7156
7154,7155
7157,7158
7157,7161
7157,7163
7157,7165
7158,7159
7159,7160
7161,7162
7163,7164
7166,7167
7166,7169
7167,7168
7171,7172
7171,7173
7171,7174
7171,7176
7171,7194
7171,7195
7171,7200
7174,7175
7176,7177
7177,7178
7178,7179
7178,7184
7178,7189
7179,7180
7179,7181
7179,7182
7182,7183
7184,7185
7184,7186
7184,7187
7187,7188
7189,7190
7189,7191
7189,7192
7192,7193
7195,7196
7195,7199
7196,7197
7196,7198
7200,7201
7200,7204
7201,7202
7201,7203
7205,7206
7205,7207
7205,7208
7205,7210
7205,7228
7208,7209
7210,7211
7211,7212
7212,7213
7212,7218
7212,7223
7213,7214
7213,7215
7213,7216
7216,7217
7218,7219
7218,7220
7218,7221
7221,7222
7223,7224
7223,7225
7223,7226
7226,7227
7228,7229
7228,7232
7229,7230
7229,7231
7233,7234
7233,7239
7233,7241
7233,7244
7233,7247
7233,7248
7233,7249
7233,7251
7233,7252
7234,7235
7234,7236
7234,7238
7236,7237
7239,7240
7241,7242
7242,7243
7244,7245
7245,7246
7249,7250
7252,7253
7252,7255
7252,7257
7252,7261
7252,7263
7252,7267
7252,7269
7252,7270
7253,7254
7255,7256
7257,7258
7258,7259
7258,7260
7261,7262
7263,7264
7264,7265
7265,7266
7267,7268
7270,7271
7272,7273
7272,7274
7272,7275
7272,7277
7272,7279
7275,7276
7277,7278
7279,7280
7279,7283
7280,7281
7280,7282
7283,7284
7283,7286
7284,7285
7286,7287
7286,7289
7286,7337
7287,7288
7289,7290
7290,7291
7290,7293
7290,7330
7291,7292
7293,7294
7294,7295
7294,7297
7294,7310
7295,7296
7297,7298
7297,7301
7298,7299
7299,7300
7301,7302
7301,7306
7302,7303
7302,7304
7304,7305
7306,7307
7306,7309
7307,7308
7310,7311
7310,7313
7311,7312
7313,7314
7313,7315
7313,7328
7315,7316
7315,7318
7316,7317
7318,7319
7318,7321
7319,7320
7321,7322
7321,7323
7323,7324
7323,7327
7324,7325
7325,7326
7328,7329
7330,7331
7330,7333
7331,7332
7333,7334
7333,7336
7334,7335
7337,7338
7338,7339
7338,7341
7338,7379
7339,7340
7341,7342
7342,7343
7342,7345
7342,7359
7343,7344
7345,7346
7345,7349
7346,7347
7347,7348
7349,7350
7349,7354
7350,7351
7350,7352
7352,7353
7354,7355
7355,7356
7355,7357
7357,7358
7359,7360
7359,7363
7360,7361
7361,7362
7363,7364
7363,7365
7363,7374
7365,7366
7365,7368
7365,7369
7366,7367
7369,7370
7370,7371
7371,7372
7372,7373
7374,7375
7375,7376
7375,7377
7377,7378
7379,7380
7380,7381
7380,7382
7382,7383
7384,7385
7384,7386
7384,7387
7384,7388
7384,7396
7388,7389
7388,7392
7389,7390
7389,7391
7392,7393
7393,7394
7394,7395
7396,7397
7396,7400
7397,7398
7397,7399
7400,7401
7401,7402
7402,7403
7404,7405
7404,7406
7404,7407
7404,7408
7408,7409
7410,7411
7410,7412
7410,7414
7410,7415
7410,7416
7410,7418
7410,7419
7410,7420
7410,7422
7410,7424
7410,7426
7410,7428
7410,7430
7410,7432
7410,7434
7410,7437
7412,7413
7416,7417
7420,7421
7422,7423
7424,7425
7426,7427
7428,7429
7430,7431
7432,7433
7434,7435
7434,7436
7437,7438
7437,7439
7439,7440
7441,7442
7441,7443
7441,7444
7441,7446
7441,7464
7441,7469
7444,7445
7446,7447
7447,7448
7448,7449
7448,7454
7448,7459
7449,7450
7449,7451
7449,7452
7452,7453
7454,7455
7454,7456
7454,7457
7457,7458
7459,7460
7459,7461
7459,7462
7462,7463
7464,7465
7464,7468
7465,7466
7465,7467
7469,7470
7469,7473
7470,7471
7470,7472
7474,7475
7474,7481
7474,7483
7474,7486
7474,7489
7474,7492
7474,7493
7474,7494
7474,7495
7474,7496
7474,7497
7474,7498
7474,7499
7474,7501
7475,7476
7475,7477
7475,7479
7475,7480
7477,7478
7481,7482
7483,7484
7484,7485
7486,7487
7487,7488
7489,7490
7490,7491
7499,7500
7501,7502
7503,7504
7503,7505
7503,7506
7503,7508
7503,7531
7503,7536
7503,7541
7506,7507
7508,7509
7509,7510
7510,7511
7510,7516
7510,7521
7510,7526
7511,7512
7511,7513
7511,7514
7514,7515
7516,7517
7516,7518
7516,7519
7519,7520
7521,7522
7521,7523
7521,7524
7524,7525
7526,7527
7526,7528
7526,7529
7529,7530
7531,7532
7531,7535
7532,7533
7532,7534
7536,7537
7536,7540
7537,7538
7537,7539
7541,7542
7541,7544
7542,7543
7545,7546
7545,7547
7545,7548
7545,7551
7545,7554
7545,7556
7545,7558
7545,7564
7545,7565
7545,7569
7545,7570
7545,7571
7545,7574
7545,7575
7545,7579
7545,7581
7545,7583
7545,7586
7545,7595
7545,7596
7545,7599
7545,7602
7548,7549
7549,7550
7551,7552
7552,7553
7554,7555
7556,7557
7558,7559
7558,7560
7560,7561
7561,7562
7561,7563
7565,7566
7566,7567
7566,7568
7571,7572
7572,7573
7575,7576
7575,7577
7577,7578
7579,7580
7581,7582
7583,7584
7584,7585
7586,7587
7586,7591
7587,7588
7588,7589
7589,7590
7591,7592
7591,7593
7593,7594
7596,7597
7597,7598
7599,7600
7600,7601
7602,7603
7603,7604
7605,7606
7605,7607
7607,7608
7608,7609
7609,7610
7610,7611
7611,7612
7612,7613
7613,7614
7614,7615
7615,7616
7616,7617
7617,7618
7618,7619
7619,7620
7620,7621
7621,7622
7622,7623
7624,7625
7624,7626
7624,7627
7624,7629
7624,7647
7624,7648
7624,7653
7624,7659
7627,7628
7629,7630
7630,7631
7631,7632
7631,7637
7631,7642
7632,7633
7632,7634
7632,7635
7635,7636
7637,7638
7637,7639
7637,7640
7640,7641
7642,7643
7642,7644
7642,7645
7645,7646
7648,7649
7648,7652
7649,7650
7649,7651
7653,7654
7653,7658
7654,7655
7654,7657
7655,7656
7659,7660
7659,7663
7659,7664
7660,7661
7660,7662
7664,7665
7666,7667
7666,7668
7666,7669
7666,7671
7666,7684
7669,7670
7671,7672
7672,7673
7673,7674
7673,7679
7674,7675
7674,7676
7674,7677
7677,7678
7679,7680
7679,7681
7679,7682
7682,7683
7684,7685
7684,7688
7685,7686
7685,7687
7689,7690
7689,7691
7689,7692
7689,7693
7689,7695
7689,7696
7689,7697
7689,7699
7689,7702
7689,7704
7689,7705
7689,7707
7689,7709
7689,7714
7693,7694
7697,7698
7699,7700
7700,7701
7702,7703
7705,7706
7707,7708
7709,7710
7709,7711
7711,7712
7712,7713
7714,7715
7714,7716
7717,7718
7718,7719
7718,7721
7718,7757
7718,7758
7719,7720
7721,7722
7721,7756
7722,7723
7723,7724
7724,7725
7724,7728
7724,7732
7724,7736
7724,7741
7724,7746
7724,7751
7725,7726
7725,7727
7728,7729
7728,7730
7728,7731
7732,7733
7732,7734
7732,7735
7736,7737
7736,7738
7736,7739
7736,7740
7741,7742
7741,7743
7741,7744
7741,7745
7746,7747
7746,7748
7746,7749
7746,7750
7751,7752
7751,7753
7751,7754
7751,7755
7758,7759
7758,7760
7760,7761
7762,7763
7762,7764
7762,7767
7764,7765
7765,7766
7767,7768
7767,7769
7770,7771
7770,7772
7770,7773
7770,7774
7770,7775
7770,7776
7776,7777
7778,7779
7778,7780
7778,7781
7778,7782
7778,7783
7778,7784
7784,7785
7785,7786
7786,7787
7786,7789
7786,7790
7786,7794
7786,7798
7786,7802
7786,7806
7786,7810
7786,7816
7786,7830
7786,7880
7786,7889
7787,7788
7790,7791
7791,7792
7791,7793
7794,7795
7794,7796
7796,7797
7798,7799
7798,7800
7800,7801
7802,7803
7803,7804
7803,7805
7806,7807
7807,7808
7807,7809
7810,7811
7811,7812
7812,7813
7812,7814
7812,7815
7816,7817
7817,7818
7817,7819
7817,7820
7817,7823
7817,7826
7820,7821
7821,7822
7823,7824
7824,7825
7826,7827
7827,7828
7828,7829
7830,7831
7830,7835
7830,7836
7830,7844
7830,7845
7830,7849
7830,7854
7830,7859
7830,7862
7830,7869
7830,7871
7830,7874
7830,7875
7830,7876
7831,7832
7832,7833
7832,7834
7836,7837
7836,7839
7837,7838
7839,7840
7840,7841
7841,7842
7842,7843
7845,7846
7846,7847
7846,7848
7849,7850
7850,7851
7851,7852
7852,7853
7854,7855
7855,7856
7856,7857
7857,7858
7859,7860
7860,7861
7862,7863
7863,7864
7864,7865
7865,7866
7866,7867
7867,7868
7869,7870
7871,7872
7872,7873
7876,7877
7876,7878
7878,7879
7880,7881
7880,7885
7881,7882
7882,7883
7882,7884
7885,7886
7885,7887
7887,7888
7889,7890
7891,7892
7891,7893
7891,7894
7891,7896
7891,7925
7891,7926
7891,7931
7891,7937
7891,7944
7894,7895
7896,7897
7897,7898
7898,7899
7898,7910
7898,7915
7898,7920
7899,7900
7899,7901
7899,7902
7899,7904
7902,7903
7904,7905
7905,7906
7905,7907
7905,7908
7908,7909
7910,7911
7910,7912
7910,7913
7913,7914
7915,7916
7915,7917
7915,7918
7918,7919
7920,7921
7920,7922
7920,7923
7923,7924
7926,7927
7926,7930
7927,7928
7927,7929
7931,7932
7931,7936
7932,7933
7932,7935
7933,7934
7937,7938
7937,7941
7937,7942
7938,7939
7938,7940
7942,7943
7944,7945
7944,7947
7945,7946
7948,7949
7948,7950
7948,7951
7948,7953
7948,7976
7948,7981
7951,7952
7953,7954
7954,7955
7955,7956
7955,7961
7955,7966
7955,7971
7956,7957
7956,7958
7956,7959
7959,7960
7961,7962
7961,7963
7961,7964
7964,7965
7966,7967
7966,7968
7966,7969
7969,7970
7971,7972
7971,7973
7971,7974
7974,7975
7976,7977
7976,7980
7977,7978
7977,7979
7981,7982
7981,7985
7982,7983
7982,7984
7986,7987
7986,7994
7986,7996
7986,7998
7986,8000
7986,8003
7986,8007
7986,8008
7986,8009
7986,8011
7986,8015
7986,8017
7986,8020
7986,8021
7987,7988
7987,7989
7987,7991
7987,7993
7989,7990
7991,7992
7994,7995
7996,7997
7998,7999
8000,8001
8001,8002
8003,8004
8004,8005
8004,8006
8009,8010
8011,8012
8012,8013
8012,8014
8015,8016
8017,8018
8018,8019
8021,8022
8023,8024
8023,8025
8023,8028
8023,8037
8025,8026
8026,8027
8028,8029
8029,8030
8029,8031
8029,8033
8029,8035
8029,8036
8031,8032
8033,8034
8038,8039
8038,8040
8038,8041
8038,8044
8038,8057
8038,8058
8038,8063
8038,8068
8041,8042
8041,8043
8044,8045
8045,8046
8046,8047
8046,8052
8047,8048
8047,8049
8047,8050
8050,8051
8052,8053
8052,8054
8052,8055
8055,8056
8058,8059
8058,8062
8059,8060
8059,8061
8063,8064
8063,8067
8064,8065
8064,8066
8068,8069
8068,8071
8069,8070
8072,8073
8073,8074
8073,8076
8073,8112
8073,8113
8074,8075
8076,8077
8076,8111
8077,8078
8078,8079
8079,8080
8079,8083
8079,8087
8079,8092
8079,8097
8079,8102
8079,8107
8080,8081
8080,8082
8083,8084
8083,8085
8083,8086
8087,8088
8087,8089
8087,8090
8087,8091
8092,8093
8092,8094
8092,8095
8092,8096
8097,8098
8097,8099
8097,8100
8097,8101
8102,8103
8102,8104
8102,8105
8102,8106
8107,8108
8107,8109
8107,8110
8113,8114
8113,8115
8115,8116
8117,8118
8117,8119
8117,8121
8117,8125
8117,8127
8117,8129
8117,8131
8117,8133
8117,8135
8117,8143
8119,8120
8121,8122
8122,8123
8123,8124
8125,8126
8127,8128
8129,8130
8131,8132
8133,8134
8135,8136
8136,8137
8136,8138
8138,8139
8139,8140
8140,8141
8141,8142
8143,8144
8145,8146
8145,8147
8145,8148
8145,8149
8145,8150
8145,8151
8152,8153
8152,8154
8152,8155
8156,8157
8156,8158
8156,8159
8156,8162
8156,8165
8156,8167
8156,8169
8156,8170
8156,8172
8156,8174
8156,8176
8156,8177
8156,8179
8156,8182
8156,8185
8156,8186
8159,8160
8160,8161
8162,8163
8163,8164
8165,8166
8167,8168
8170,8171
8172,8173
8174,8175
8177,8178
8179,8180
8180,8181
8182,8183
8183,8184
8186,8187
8187,8188
8189,8190
8191,8192
8191,8193
8191,8194
8194,8195
8196,8197
8196,8198
8196,8199
8196,8201
8196,8219
8199,8200
8201,8202
8202,8203
8203,8204
8203,8209
8203,8214
8204,8205
8204,8206
8204,8207
8207,8208
8209,8210
8209,8211
8209,8212
8212,8213
8214,8215
8214,8216
8214,8217
8217,8218
8219,8220
8219,8223
8220,8221
8220,8222
8224,8225
8224,8226
8224,8228
8224,8230
8224,8231
8224,8233
8224,8235
8224,8237
8224,8239
8226,8227
8228,8229
8231,8232
8233,8234
8235,8236
8237,8238
8239,8240
8240,8241
8242,8243
8242,8244
8242,8248
8242,8249
8242,8250
8242,8252
8242,8254
8242,8256
8242,8259
8242,8261
8242,8264
8242,8267
8242,8268
8244,8245
8244,8246
8246,8247
8250,8251
8252,8253
8254,8255
8256,8257
8257,8258
8259,8260
8261,8262
8261,8263
8264,8265
8264,8266
8268,8269
8268,8270
8270,8271
8272,8273
8272,8277
8272,8279
8272,8280
8272,8282
8272,8283
8272,8285
8272,8287
8272,8289
8272,8291
8272,8293
8272,8297
8272,8299
8273,8274
8273,8275
8273,8276
8277,8278
8280,8281
8283,8284
8285,8286
8287,8288
8289,8290
8291,8292
8293,8294
8294,8295
8295,8296
8297,8298
8299,8300
8301,8302
8301,8303
8301,8305
8301,8306
8301,8309
8301,8312
8301,8314
8301,8316
8301,8319
8301,8320
8301,8321
8303,8304
8306,8307
8307,8308
8309,8310
8310,8311
8312,8313
8314,8315
8316,8317
8317,8318
8322,8323
8322,8324
8322,8325
8322,8327
8322,8350
8322,8351
8322,8356
8325,8326
8327,8328
8328,8329
8329,8330
8329,8335
8329,8340
8329,8345
8330,8331
8330,8332
8330,8333
8333,8334
8335,8336
8335,8337
8335,8338
8338,8339
8340,8341
8340,8342
8340,8343
8343,8344
8345,8346
8345,8347
8345,8348
8348,8349
8351,8352
8351,8355
8352,8353
8352,8354
8356,8357
8357,8358
8357,8359
8360,8361
8360,8362
8362,8363
8363,8364
8364,8365
8366,8367
8367,8368
8367,8370
8367,8406
8367,8407
8368,8369
8370,8371
8370,8405
8371,8372
8372,8373
8373,8374
8373,8377
8373,8382
8373,8387
8373,8391
8373,8395
8373,8400
8374,8375
8374,8376
8377,8378
8377,8379
8377,8380
8377,8381
8382,8383
8382,8384
8382,8385
8382,8386
8387,8388
8387,8389
8387,8390
8391,8392
8391,8393
8391,8394
8395,8396
8395,8397
8395,8398
8395,8399
8400,8401
8400,8402
8400,8403
8400,8404
8407,8408
8407,8409
8409,8410
8411,8412
8411,8413
8411,8415
8411,8416
8413,8414
8416,8417
8416,8419
8416,8421
8417,8418
8419,8420
8421,8422
8423,8424
8423,8425
8423,8426
8423,8432
8423,8435
8423,8437
8423,8444
8423,8446
8426,8427
8426,8430
8427,8428
8427,8429
8430,8431
8432,8433
8433,8434
8435,8436
8437,8438
8437,8441
8438,8439
8438,8440
8441,8442
8442,8443
8444,8445
8446,8447
8446,8450
8447,8448
8447,8449
8450,8451
8452,8453
8452,8458
8452,8460
8452,8463
8452,8466
8452,8467
8452,8468
8452,8470
8452,8471
8453,8454
8453,8455
8453,8457
8455,8456
8458,8459
8460,8461
8461,8462
8463,8464
8464,8465
8468,8469
8471,8472
8471,8474
8471,8476
8471,8480
8471,8482
8471,8486
8471,8488
8471,8489
8472,8473
8474,8475
8476,8477
8477,8478
8477,8479
8480,8481
8482,8483
8483,8484
8484,8485
8486,8487
8489,8490
8491,8492
8491,8493
8491,8494
8491,8495
8491,8496
8491,8497
8491,8498
8491,8503
8491,8508
8491,8512
8491,8514
8491,8516
8491,8518
8491,8522
8491,8524
8498,8499
8498,8500
8500,8501
8501,8502
8503,8504
8503,8505
8505,8506
8506,8507
8508,8509
8509,8510
8509,8511
8512,8513
8514,8515
8516,8517
8518,8519
8519,8520
8520,8521
8522,8523
8525,8526
8525,8527
8525,8528
8525,8529
8525,8530
8525,8531
8525,8536
8525,8539
8525,8543
8525,8545
8525,8546
8525,8547
8525,8595
8531,8532
8531,8533
8533,8534
8533,8535
8536,8537
8537,8538
8539,8540
8540,8541
8541,8542
8543,8544
8547,8548
8547,8549
8547,8580
8549,8550
8549,8553
8549,8561
8549,8564
8549,8572
8550,8551
8551,8552
8553,8554
8553,8555
8555,8556
8555,8559
8555,8560
8556,8557
8557,8558
8561,8562
8562,8563
8564,8565
8564,8566
8566,8567
8566,8570
8566,8571
8567,8568
8568,8569
8572,8573
8572,8574
8574,8575
8574,8576
8574,8579
8576,8577
8577,8578
8580,8581
8580,8583
8581,8582
8583,8584
8583,8585
8585,8586
8585,8587
8585,8590
8585,8594
8587,8588
8588,8589
8590,8591
8590,8592
8592,8593
8595,8596
8595,8597
8595,8737
8597,8598
8597,8600
8597,8602
8598,8599
8600,8601
8602,8603
8602,8608
8602,8731
8603,8604
8603,8607
8604,8605
8604,8606
8608,8609
8608,8612
8608,8615
8608,8617
8608,8618
8608,8619
8608,8678
8608,8691
8609,8610
8610,8611
8612,8613
8613,8614
8615,8616
8619,8620
8619,8621
8621,8622
8621,8623
8621,8625
8621,8626
8621,8644
8621,8653
8621,8657
8621,8677
8623,8624
8626,8627
8626,8628
8626,8642
8628,8629
8629,8630
8629,8635
8629,8638
8630,8631
8631,8632
8632,8633
8632,8634
8635,8636
8635,8637
8638,8639
8638,8640
8640,8641
8642,8643
8644,8645
8644,8646
8644,8650
8646,8647
8647,8648
8648,8649
8650,8651
8651,8652
8653,8654
8654,8655
8655,8656
8657,8658
8657,8661
8657,8675
8658,8659
8659,8660
8661,8662
8661,8674
8662,8663
8663,8664
8663,8666
8663,8668
8663,8671
8664,8665
8666,8667
8668,8669
8669,8670
8671,8672
8672,8673
8675,8676
8678,8679
8678,8680
8680,8681
8680,8688
8680,8689
8680,8690
8681,8682
8681,8683
8683,8684
8684,8685
8685,8686
8686,8687
8691,8692
8691,8729
8692,8693
8692,8697
8693,8694
8694,8695
8695,8696
8697,8698
8697,8699
8697,8704
8699,8700
8699,8702
8700,8701
8702,8703
8704,8705
8704,8707
8705,8706
8707,8708
8707,8711
8707,8722
8708,8709
8708,8710
8711,8712
8711,8716
8711,8717
8711,8718
8711,8720
8712,8713
8713,8714
8714,8715
8718,8719
8720,8721
8722,8723
8722,8726
8723,8724
8723,8725
8726,8727
8727,8728
8729,8730
8731,8732
8731,8734
8732,8733
8734,8735
8735,8736
8737,8738
8737,8739
8739,8740
8739,8741
8741,8742
8741,8745
8741,8747
8741,8749
8741,8784
8742,8743
8743,8744
8745,8746
8747,8748
8749,8750
8749,8755
8749,8780
8750,8751
8750,8754
8751,8752
8751,8753
8755,8756
8755,8757
8755,8764
8755,8774
8755,8779
8757,8758
8757,8759
8759,8760
8759,8762
8759,8763
8760,8761
8764,8765
8764,8766
8766,8767
8766,8772
8766,8773
8767,8768
8767,8769
8769,8770
8770,8771
8774,8775
8774,8776
8776,8777
8777,8778
8780,8781
8780,8783
8781,8782
8785,8786
8785,8787
8785,8794
8785,8806
8785,8810
8787,8788
8787,8789
8789,8790
8790,8791
8791,8792
8791,8793
8794,8795
8794,8796
8796,8797
8796,8799
8797,8798
8799,8800
8799,8801
8801,8802
8802,8803
8803,8804
8804,8805
8806,8807
8806,8808
8808,8809
8810,8811
8810,8812
8812,8813
8813,8814
8815,8816
8815,8817
8815,8820
8815,8827
8815,8830
8815,8831
8815,8836
8815,8840
8815,8841
8815,8842
8815,8845
8815,8847
8815,8848
8815,8869
8815,8870
8815,8871
8815,8873
8815,8874
8815,8877
8817,8818
8818,8819
8820,8821
8820,8822
8822,8823
8823,8824
8824,8825
8825,8826
8827,8828
8828,8829
8831,8832
8831,8833
8833,8834
8834,8835
8836,8837
8837,8838
8837,8839
8842,8843
8843,8844
8845,8846
8848,8849
8848,8850
8848,8856
8850,8851
8850,8854
8851,8852
8851,8853
8854,8855
8856,8857
8856,8860
8857,8858
8858,8859
8860,8861
8860,8865
8861,8862
8862,8863
8863,8864
8865,8866
8865,8867
8867,8868
8871,8872
8874,8875
8875,8876
8877,8878
8878,8879
