1,2
1,3
3,4
3,5
6,7
6,8
6,10
6,19
8,9
10,11
10,14
11,12
11,13
14,15
15,16
15,17
17,18
20,21
20,22
20,24
20,26
20,41
20,73
22,23
24,25
26,27
26,29
27,28
29,30
29,32
29,34
29,40
30,31
32,33
34,35
34,38
35,36
35,37
38,39
41,42
41,44
42,43
44,45
45,46
45,48
46,47
48,49
48,51
48,53
48,55
48,57
48,59
48,60
48,62
48,63
48,72
49,50
51,52
53,54
55,56
57,58
60,61
63,64
63,65
65,66
66,67
66,70
67,68
67,69
70,71
74,75
74,76
74,77
74,79
74,80
74,81
74,82
74,87
77,78
82,83
82,84
84,85
85,86
87,88
87,159
88,89
88,91
89,90
91,92
91,96
91,99
91,100
91,102
91,119
91,156
91,157
92,93
93,94
93,95
96,97
97,98
100,101
102,103
102,106
103,104
103,105
106,107
106,109
106,111
106,113
106,118
107,108
109,110
111,112
113,114
113,115
115,116
116,117
119,120
119,121
121,122
121,124
121,126
121,128
122,123
124,125
126,127
128,129
128,132
129,130
129,131
132,133
133,134
133,138
134,135
134,136
136,137
138,139
139,140
139,143
140,141
140,142
143,144
143,146
143,148
143,150
143,155
144,145
146,147
148,149
150,151
150,152
152,153
153,154
157,158
159,160
159,161
162,163
162,164
162,165
162,167
165,166
167,168
169,170
169,171
169,176
169,183
169,187
169,196
169,197
169,198
169,236
169,244
169,254
171,172
171,175
172,173
172,174
176,177
176,180
177,178
177,179
180,181
180,182
183,184
184,185
184,186
187,188
188,189
188,190
188,191
191,192
192,193
193,194
193,195
198,199
198,200
198,211
200,201
201,202
202,203
203,204
203,206
203,207
203,210
204,205
207,208
208,209
211,212
211,216
211,227
212,213
213,214
213,215
216,217
217,218
217,220
217,221
217,222
217,225
217,226
218,219
222,223
223,224
227,228
228,229
228,235
229,230
229,231
231,232
232,233
232,234
236,237
236,238
238,239
239,240
239,243
240,241
240,242
244,245
245,246
246,247
246,248
246,249
249,250
249,253
250,251
250,252
255,256
255,257
255,258
255,259
255,260
255,261
255,262
255,265
255,279
255,280
262,263
262,264
265,266
265,267
267,268
267,270
267,272
268,269
270,271
272,273
272,276
273,274
273,275
276,277
277,278
280,281
281,282
281,284
281,287
282,283
284,285
285,286
288,289
288,290
288,291
291,292
292,293
292,294
295,296
296,297
296,298
296,302
296,303
298,299
299,300
300,301
303,304
303,306
304,305
307,308
307,309
307,311
307,313
307,328
307,360
309,310
311,312
313,314
313,316
314,315
316,317
316,319
316,321
316,327
317,318
319,320
321,322
321,325
322,323
322,324
325,326
328,329
328,331
329,330
331,332
332,333
332,335
333,334
335,336
335,338
335,340
335,342
335,344
335,346
335,347
335,349
335,350
335,359
336,337
338,339
340,341
342,343
344,345
347,348
350,351
350,352
352,353
353,354
353,357
354,355
354,356
357,358
361,362
361,364
361,365
361,366
361,368
361,414
362,363
366,367
368,369
368,372
368,383
369,370
370,371
372,373
372,380
373,374
374,375
374,376
374,378
374,379
376,377
380,381
381,382
383,384
383,388
383,392
383,397
383,405
384,385
385,386
385,387
388,389
389,390
389,391
392,393
393,394
393,395
393,396
397,398
398,399
398,400
398,401
398,403
398,404
401,402
405,406
406,407
407,408
408,409
408,410
408,412
410,411
412,413
414,415
415,416
416,417
416,420
416,423
416,425
416,437
416,440
416,471
416,472
416,553
417,418
418,419
420,421
421,422
423,424
425,426
425,428
426,427
428,429
428,432
429,430
429,431
432,433
432,436
433,434
434,435
437,438
438,439
440,441
440,442
442,443
442,454
442,455
443,444
443,446
444,445
446,447
446,451
447,448
447,449
449,450
451,452
452,453
455,456
455,459
456,457
456,458
459,460
459,461
461,462
461,468
462,463
462,464
464,465
465,466
465,467
468,469
469,470
472,473
473,474
473,475
473,476
473,478
473,479
476,477
479,480
480,481
480,528
480,537
481,482
481,483
481,484
481,486
481,490
481,518
484,485
486,487
487,488
487,489
490,491
490,492
492,493
492,495
493,494
495,496
495,498
496,497
498,499
498,500
498,509
498,512
500,501
501,502
501,504
502,503
504,505
505,506
505,507
505,508
509,510
509,511
512,513
512,517
513,514
514,515
515,516
518,519
519,520
519,521
519,524
521,522
522,523
524,525
524,526
524,527
528,529
528,530
530,531
531,532
531,536
532,533
532,534
534,535
537,538
537,539
537,540
537,541
541,542
541,543
543,544
543,545
545,546
545,550
546,547
546,549
547,548
550,551
551,552
553,554
553,555
553,558
555,556
556,557
558,559
560,561
561,562
562,563
563,564
565,566
565,567
565,568
565,569
565,571
565,629
569,570
571,572
571,574
571,598
572,573
574,575
574,577
575,576
577,578
577,581
577,597
578,579
578,580
581,582
582,583
582,584
582,587
584,585
585,586
587,588
588,589
588,591
589,590
591,592
591,593
593,594
594,595
594,596
598,599
598,604
598,606
599,600
599,602
600,601
602,603
604,605
606,607
606,610
606,626
607,608
608,609
610,611
611,612
611,613
613,614
613,619
613,625
614,615
615,616
616,617
617,618
619,620
619,623
620,621
621,622
623,624
626,627
627,628
630,631
630,632
630,633
630,634
630,635
630,636
630,637
630,638
630,639
630,640
630,641
630,649
630,651
630,655
641,642
641,645
642,643
642,644
645,646
646,647
647,648
649,650
651,652
652,653
652,654
655,656
656,657
656,658
656,659
656,693
659,660
659,661
659,671
659,680
659,684
659,689
661,662
661,669
662,663
662,665
663,664
665,666
665,668
666,667
669,670
671,672
671,676
672,673
673,674
673,675
676,677
677,678
678,679
680,681
681,682
681,683
684,685
685,686
686,687
687,688
689,690
690,691
691,692
694,695
694,698
694,701
695,696
695,697
698,699
699,700
701,702
702,703
702,706
702,708
702,709
702,717
703,704
704,705
706,707
709,710
709,715
710,711
710,714
711,712
712,713
715,716
718,719
718,725
718,728
719,720
719,724
720,721
720,722
722,723
725,726
726,727
728,729
728,751
729,730
730,731
730,732
730,733
733,734
733,738
733,741
734,735
734,736
736,737
738,739
738,740
741,742
741,748
742,743
742,747
743,744
743,745
745,746
748,749
749,750
752,753
752,754
752,756
752,759
754,755
756,757
757,758
759,760
759,762
760,761
762,763
763,764
763,766
764,765
766,767
766,776
766,784
766,786
767,768
767,769
769,770
770,771
771,772
772,773
772,775
773,774
776,777
776,778
778,779
779,780
780,781
780,783
781,782
784,785
786,787
786,788
788,789
788,791
789,790
791,792
791,798
792,793
792,796
793,794
793,795
796,797
798,799
798,801
799,800
801,802
801,803
801,809
803,804
804,805
805,806
806,807
807,808
809,810
809,811
812,813
812,814
812,815
815,816
817,818
817,819
817,820
817,822
817,823
817,824
817,825
817,830
820,821
825,826
825,827
827,828
828,829
830,831
830,902
831,832
831,834
832,833
834,835
834,839
834,842
834,843
834,845
834,862
834,899
834,900
835,836
836,837
836,838
839,840
840,841
843,844
845,846
845,849
846,847
846,848
849,850
849,852
849,854
849,856
849,861
850,851
852,853
854,855
856,857
856,858
858,859
859,860
862,863
862,864
864,865
864,867
864,869
864,871
865,866
867,868
869,870
871,872
871,875
872,873
872,874
875,876
876,877
876,881
877,878
877,879
879,880
881,882
882,883
882,886
883,884
883,885
886,887
886,889
886,891
886,893
886,898
887,888
889,890
891,892
893,894
893,895
895,896
896,897
900,901
902,903
902,904
905,906
905,907
905,908
905,910
905,911
905,912
905,913
905,918
908,909
913,914
913,915
915,916
916,917
918,919
918,990
919,920
919,922
920,921
922,923
922,927
922,930
922,931
922,933
922,950
922,987
922,988
923,924
924,925
924,926
927,928
928,929
931,932
933,934
933,937
934,935
934,936
937,938
937,940
937,942
937,944
937,949
938,939
940,941
942,943
944,945
944,946
946,947
947,948
950,951
950,952
952,953
952,955
952,957
952,959
953,954
955,956
957,958
959,960
959,963
960,961
960,962
963,964
964,965
964,969
965,966
965,967
967,968
969,970
970,971
970,974
971,972
971,973
974,975
974,977
974,979
974,981
974,986
975,976
977,978
979,980
981,982
981,983
983,984
984,985
988,989
990,991
990,992
993,994
994,995
995,996
995,997
995,999
995,1006
995,1041
997,998
999,1000
1000,1001
1000,1002
1000,1005
1002,1003
1003,1004
1006,1007
1006,1008
1006,1009
1006,1010
1006,1011
1006,1012
1006,1013
1013,1014
1013,1015
1013,1016
1016,1017
1016,1040
1017,1018
1018,1019
1018,1021
1019,1020
1021,1022
1021,1023
1021,1026
1021,1030
1021,1039
1023,1024
1024,1025
1026,1027
1027,1028
1027,1029
1030,1031
1030,1036
1031,1032
1031,1033
1033,1034
1034,1035
1036,1037
1037,1038
1042,1043
1042,1044
1042,1046
1042,1048
1042,1050
1042,1051
1042,1054
1042,1055
1042,1107
1042,1158
1044,1045
1046,1047
1048,1049
1051,1052
1052,1053
1055,1056
1055,1058
1056,1057
1058,1059
1058,1061
1058,1062
1059,1060
1062,1063
1062,1066
1063,1064
1063,1065
1066,1067
1066,1069
1066,1071
1066,1073
1066,1075
1066,1077
1066,1083
1066,1095
1067,1068
1069,1070
1071,1072
1073,1074
1075,1076
1077,1078
1077,1080
1078,1079
1080,1081
1081,1082
1083,1084
1083,1085
1085,1086
1085,1090
1086,1087
1087,1088
1087,1089
1090,1091
1090,1093
1091,1092
1093,1094
1095,1096
1095,1097
1097,1098
1097,1102
1098,1099
1099,1100
1099,1101
1102,1103
1102,1105
1103,1104
1105,1106
1107,1108
1107,1110
1108,1109
1110,1111
1110,1113
1110,1114
1111,1112
1114,1115
1114,1116
1116,1117
1117,1118
1117,1121
1118,1119
1118,1120
1121,1122
1121,1124
1121,1126
1121,1128
1121,1130
1121,1132
1121,1134
1121,1146
1122,1123
1124,1125
1126,1127
1128,1129
1130,1131
1132,1133
1134,1135
1134,1136
1136,1137
1136,1141
1137,1138
1138,1139
1138,1140
1141,1142
1141,1144
1142,1143
1144,1145
1146,1147
1146,1148
1148,1149
1148,1153
1149,1150
1150,1151
1150,1152
1153,1154
1153,1156
1154,1155
1156,1157
1159,1160
1159,1165
1159,1166
1160,1161
1161,1162
1161,1163
1161,1164
1166,1167
1167,1168
1167,1169
1167,1170
1167,1175
1170,1171
1171,1172
1171,1173
1171,1174
1176,1177
1176,1178
1176,1179
1176,1181
1176,1182
1176,1183
1176,1184
1176,1189
1179,1180
1184,1185
1184,1186
1186,1187
1187,1188
1189,1190
1189,1261
1190,1191
1190,1193
1191,1192
1193,1194
1193,1198
1193,1201
1193,1202
1193,1204
1193,1221
1193,1258
1193,1259
1194,1195
1195,1196
1195,1197
1198,1199
1199,1200
1202,1203
1204,1205
1204,1208
1205,1206
1205,1207
1208,1209
1208,1211
1208,1213
1208,1215
1208,1220
1209,1210
1211,1212
1213,1214
1215,1216
1215,1217
1217,1218
1218,1219
1221,1222
1221,1223
1223,1224
1223,1226
1223,1228
1223,1230
1224,1225
1226,1227
1228,1229
1230,1231
1230,1234
1231,1232
1231,1233
1234,1235
1235,1236
1235,1240
1236,1237
1236,1238
1238,1239
1240,1241
1241,1242
1241,1245
1242,1243
1242,1244
1245,1246
1245,1248
1245,1250
1245,1252
1245,1257
1246,1247
1248,1249
1250,1251
1252,1253
1252,1254
1254,1255
1255,1256
1259,1260
1261,1262
1261,1263
1264,1265
1264,1266
1264,1267
1264,1269
1264,1270
1264,1271
1264,1276
1267,1268
1271,1272
1271,1273
1273,1274
1274,1275
1276,1277
1276,1345
1277,1278
1277,1280
1278,1279
1280,1281
1280,1285
1280,1288
1280,1289
1280,1306
1280,1342
1280,1343
1281,1282
1282,1283
1282,1284
1285,1286
1286,1287
1289,1290
1289,1293
1290,1291
1290,1292
1293,1294
1293,1296
1293,1298
1293,1300
1293,1305
1294,1295
1296,1297
1298,1299
1300,1301
1300,1302
1302,1303
1303,1304
1306,1307
1306,1308
1308,1309
1308,1311
1308,1313
1308,1315
1309,1310
1311,1312
1313,1314
1315,1316
1315,1319
1316,1317
1316,1318
1319,1320
1320,1321
1320,1325
1321,1322
1321,1323
1323,1324
1325,1326
1326,1327
1326,1330
1327,1328
1327,1329
1330,1331
1330,1333
1330,1334
1330,1336
1330,1341
1331,1332
1334,1335
1336,1337
1336,1338
1338,1339
1339,1340
1343,1344
1345,1346
1345,1347
1347,1348
1348,1349
1350,1351
1350,1352
1350,1357
1352,1353
1353,1354
1354,1355
1354,1356
