101
102
103
104
105
101
6
106
107
108
109
110
104
111
112
13
114
13
15
101
16
106
114
6
5
108
117
110
111
106
104
106
114
108
117
110
105
111
105
105
108
117
110
111
108
117
110
111
106
105
106
114
106
114
106
114
105
104
105
105
104
105
103
104
111
108
117
110
105
111
105
105
115
101
116
116
106
114
105
105
106
103
104
111
105
105
118
108
117
110
111
106
104
104
105
106
114
114
105
106
114
108
109
110
104
111
106
114
112
5
5
5
103
104
111
105
105
105
103
104
111
106
105
106
105
106
105
103
104
104
104
111
108
109
110
104
104
111
108
109
110
104
111
106
114
112
105
105
105
103
104
111
105
105
105
105
105
104
119
120
105
121
16
16
112
122
112
122
101
116
103
104
104
104
115
103
104
104
105
111
105
115
106
105
105
105
106
105
105
105
105
123
104
104
105
6
106
103
104
111
112
112
105
105
105
105
105
105
105
105
111
106
105
105
105
112
105
105
105
105
105
105
105
105
105
105
112
105
123
124
105
105
105
105
105
103
105
112
105
123
124
105
105
105
124
123
125
125
103
104
104
105
105
112
101
126
126
116
116
116
116
103
104
112
103
104
111
106
105
106
105
103
104
104
105
111
112
105
106
115
127
104
105
105
123
5
105
101
126
116
115
127
5
5
101
105
105
105
123
104
105
105
105
123
5
5
101
116
106
114
106
105
108
117
110
111
106
104
106
114
108
117
110
105
111
105
105
108
117
110
111
108
117
110
111
6
5
106
114
106
114
106
114
105
104
105
105
104
105
103
104
111
108
117
110
105
111
105
105
115
101
106
105
106
106
106
104
103
104
104
105
111
106
105
105
105
123
105
105
112
105
128
111
106
105
105
105
106
105
105
104
106
105
105
105
105
106
105
105
105
105
123
105
105
112
105
123
105
5
105
128
5
5
115
105
123
103
129
114
106
127
114
106
105
103
104
105
108
117
110
105
111
103
105
105
105
106
105
105
103
105
111
103
104
105
108
117
110
105
105
111
105
105
106
108
117
110
105
103
105
111
103
104
112
105
105
105
105
105
105
105
106
105
105
105
105
104
105
105
114
101
102
116
106
105
106
127
104
105
103
104
108
117
110
111
106
105
130
105
131
103
104
105
112
105
105
105
105
131
105
132
131
105
104
105
105
132
105
127
104
104
105
105
105
105
105
104
101
102
103
111
103
105
111
105
105
101
102
116
105
103
104
133
122
103
104
104
104
105
111
112
105
133
122
103
129
114
115
112
101
15
5
5
5
101
102
116
116
106
105
103
104
104
111
106
105
103
104
104
105
111
133
122
106
105
122
103
111
106
105
103
104
105
105
105
105
105
111
106
104
122
104
122
112
122
103
104
105
122
111
103
105
111
103
111
105
123
105
103
104
104
105
111
105
115
111
105
104
115
101
126
126
116
116
116
116
116
116
116
116
103
104
104
105
111
115
105
114
106
105
106
127
104
105
115
105
105
134
123
106
103
104
104
104
104
112
105
105
115
105
103
104
104
104
105
111
115
105
127
106
127
104
104
106
104
104
105
104
115
105
123
5
5
101
103
104
115
6
5
5
105
123
106
114
105
106
114
106
135
104
104
112
105
105
111
105
115
101
103
104
104
104
105
115
106
122
105
105
124
123
125
125
103
104
104
104
105
111
112
112
111
103
104
104
104
105
115
105
128
122
5
101
116
106
114
105
123
105
108
117
110
111
108
117
110
111
103
105
111
129
114
104
104
104
105
103
105
129
114
104
104
104
5
106
105
135
105
111
106
105
103
104
104
105
104
104
105
111
106
114
118
105
129
114
104
104
104
105
119
120
105
101
102
112
115
122
101
116
116
106
114
105
105
6
103
104
111
105
105
118
108
117
110
111
106
104
104
105
106
114
114
105
106
114
108
109
110
104
111
106
114
112
105
105
105
103
104
111
105
105
105
103
104
111
106
105
106
105
106
105
103
104
104
104
111
108
109
110
104
104
111
108
109
110
104
111
106
114
112
105
105
105
103
104
111
105
105
105
105
105
104
119
120
105
101
116
116
106
114
105
105
106
103
104
111
105
105
118
108
117
110
111
106
104
104
105
106
114
114
105
106
114
108
109
110
104
111
106
114
112
105
105
105
103
104
111
105
105
105
103
104
111
106
105
106
105
106
105
103
104
104
104
111
108
109
110
104
104
111
108
109
110
104
111
106
114
112
105
105
105
103
104
111
105
105
105
105
105
104
119
120
5
101
115
114
136
136
105
136
105
5
123
112
5
5
101
102
116
116
116
116
106
103
104
105
105
123
118
105
105
119
120
106
105
105
106
127
104
105
103
104
104
104
104
105
111
112
105
105
105
101
101
116
106
114
106
105
106
114
105
106
114
105
105
108
117
110
111
106
114
105
108
117
110
105
111
106
105
106
105
106
105
106
105
106
105
103
104
105
111
105
114
103
104
111
106
114
105
105
103
104
105
111
105
103
104
111
106
114
105
105
103
104
105
111
105
108
117
110
111
106
114
105
103
104
111
108
117
110
105
111
106
105
106
105
106
105
106
105
106
105
105
114
103
104
111
106
114
105
105
103
104
105
111
105
103
104
111
106
114
105
105
103
104
105
111
105
115
101
106
105
105
105
105
106
115
105
105
134
123
127
105
105
105
5
101
116
116
106
114
105
105
106
103
104
111
105
105
118
108
117
110
111
106
104
104
105
106
114
114
105
106
114
108
109
110
104
111
106
114
112
105
105
105
103
104
111
105
105
105
103
104
111
106
105
106
105
106
105
103
104
104
104
111
108
109
110
104
104
111
108
109
110
104
111
106
114
112
5
5
5
103
104
111
105
105
105
105
105
104
119
120
105
101
116
116
106
114
105
105
103
104
111
105
105
118
108
117
110
111
106
104
104
5
106
114
114
105
108
109
110
104
111
106
114
105
105
105
105
103
104
111
105
105
105
103
104
111
106
105
106
105
106
105
103
104
104
104
111
108
109
110
104
104
111
108
109
110
104
111
106
114
105
105
105
103
104
111
105
105
105
105
105
104
119
120
129
114
105
101
16
106
104
104
5
5
15
