101
102
103
104
104
103
105
103
105
101
102
106
106
104
104
104
107
101
102
106
104
107
103
104
104
104
104
104
104
101
6
108
101
102
103
105
103
105
101
102
106
106
104
104
107
101
102
106
104
107
103
104
104
104
103
104
104
104
103
104
104
104
104
101
102
104
107
103
103
108
104
107
109
110
111
112
110
111
103
113
109
104
111
103
104
104
108
104
108
4
104
111
103
105
104
109
110
110
110
108
114
111
115
108
104
109
110
111
115
108
104
107
116
117
118
104
119
104
110
110
110
110
113
104
117
118
109
110
111
113
104
117
118
109
110
110
110
107
111
104
101
102
101
102
6
2
20
20
106
102
101
106
106
106
103
105
108
103
104
109
110
111
104
109
110
111
103
114
109
110
111
104
104
111
104
101
102
104
107
103
103
108
104
107
109
110
111
112
110
111
103
113
109
4
111
3
4
4
108
4
109
111
108
4
4
111
103
105
4
109
110
110
110
108
114
111
15
108
4
109
110
111
15
108
104
107
116
117
118
104
119
104
110
110
110
110
113
104
117
118
109
110
111
113
104
117
118
109
110
110
110
107
111
104
101
102
103
104
104
104
104
103
105
104
3
4
103
104
104
104
103
104
104
101
102
15
4
4
4
4
4
101
106
106
106
104
109
110
4
110
4
4
111
108
109
111
104
109
104
111
109
4
111
103
104
107
104
115
109
104
111
108
104
104
103
104
104
109
110
111
104
101
106
109
110
111
121
105
109
111
104
104
105
107
110
110
4
101
6
6
113
3
4
4
117
118
15
15
101
106
106
106
103
105
122
103
104
109
110
111
104
109
110
111
114
111
104
101
106
109
110
111
121
105
109
111
104
104
105
107
110
110
4
101
102
6
101
6
122
104
123
106
106
106
106
103
105
104
108
107
105
107
104
104
105
107
104
104
105
101
6
6
103
105
3
4
3
124
125
108
125
108
125
108
109
4
111
103
105
4
111
103
105
4
3
4
4
4
4
108
125
116
15
1
6
6
4
101
106
104
104
108
104
108
104
108
4
103
104
103
104
104
104
104
101
102
104
104
103
105
104
103
104
104
104
104
104
104
103
104
103
104
104
103
105
4
104
104
