0.979, 3.95, 1.256
0.493, 0.861, 0.342
1.662, 3.927, 1.883
1.63, 20.922, 3.928
0.286, 0.302, 0.167
0.861, 3.188, 0.957
0.482, 1.313, 0.479
0.702, 1.308, 0.552
1.69, 3.072, 1.291
2.261, 5.896, 2.578
0.593, 1.176, 0.54
1.933, 18.056, 4.247
0.904, 1.921, 0.994
0.6, 3.575, 0.935
0.522, 1.185, 0.505
0.319, 0.993, 0.33
0.366, 0.993, 0.377
0.454, 0.993, 0.452
4.889, 13.929, 6.336
1.275, 12.535, 2.089
0.281, 0.486, 0.243
0.42, 0.985, 0.396
0.582, 3.491, 0.956
0.483, 1.44, 0.641
0.127, 0.036, 0.015
0.229, 0.253, 0.1
0.198, 0.201, 0.101
0.823, 2.956, 1.16
0.238, 0.208, 0.086
1.902, 6.133, 2.106
2.132, 6.08, 2.744
3.239, 6.08, 3.325
1.385, 12.509, 2.922
2.088, 12.491, 4.252
2.865, 12.491, 5.439
0.684, 1.583, 0.627
0.727, 1.583, 0.691
2.544, 4.785, 2.393
1.184, 16.115, 2.13
0.152, 0.087, 0.039
0.265, 0.557, 0.272
1.04, 2.585, 1.209
0.447, 0.855, 0.312
1.228, 16.115, 2.233
0.41, 0.355, 0.251
1.25, 16.115, 2.26
1.654, 3.4, 1.198
0.872, 1.674, 0.838
1.222, 16.115, 2.319
1.111, 6.321, 1.504
0.901, 4.87, 1.03
0.608, 0.885, 0.386
0.978, 4.87, 1.226
1.011, 4.87, 1.385
1.271, 4.711, 1.627
0.388, 0.184, 0.086
1.153, 2.598, 1.115
1.068, 1.806, 0.767
1.244, 1.806, 0.969
3.236, 6.321, 4.47
1.242, 15.419, 2.57
0.899, 9.375, 1.512
0.468, 1.028, 0.399
0.401, 1.176, 0.382
0.398, 1.176, 0.388
0.47, 1.111, 0.432
0.208, 0.055, 0.025
0.5, 0.969, 0.424
1.37, 9.354, 2.099
0.685, 1.907, 0.751
2.239, 9.22, 3.05
2.665, 9.21, 3.454
0.591, 0.919, 0.392
0.677, 0.919, 0.509
2.957, 5.754, 4.069
1.188, 16.115, 2.659
0.725, 4.139, 0.889
0.284, 0.428, 0.163
0.399, 1.152, 0.368
0.392, 1.152, 0.383
0.464, 1.091, 0.427
0.207, 0.048, 0.023
0.502, 0.908, 0.386
1.693, 4.066, 1.278
1.991, 4.066, 1.693
1.569, 2.701, 1.351
2.873, 5.625, 3.977
1.494, 10.804, 2.365
0.533, 1.553, 0.659
1.307, 10.481, 2.032
0.737, 2.392, 0.808
0.715, 1.375, 0.597
1.532, 10.481, 2.326
1.593, 10.481, 2.404
1.681, 10.481, 2.485
1.756, 10.481, 2.642
1.152, 4.936, 1.415
1.459, 4.936, 1.656
1.992, 4.936, 2.269
3.244, 10.481, 4.442
0.38, 0.524, 0.262
0.904, 18.33, 2.132
0.271, 0.221, 0.113
0.412, 1.24, 0.416
0.562, 1.24, 0.588
0.427, 2.172, 0.532
0.463, 2.172, 0.607
0.736, 2.128, 0.995
0.446, 1.056, 0.486
0.178, 0.337, 0.18
0.25, 0.554, 0.188
0.271, 0.554, 0.236
1.59, 6.5, 2.137
0.655, 1.69, 0.696
1.014, 3.077, 1.264
0.658, 1.666, 0.613
0.6, 1.561, 0.625
0.951, 3.492, 1.483
0.942, 2.645, 0.893
1.107, 2.645, 1.016
0.99, 3.2, 1.51
0.613, 2.202, 0.586
0.611, 1.443, 0.484
0.491, 1.42, 0.366
0.382, 0.523, 0.231
0.445, 0.699, 0.276
2.295, 13.471, 3.651
0.725, 1.491, 0.699
2.219, 4.645, 2.198
1.259, 13.616, 2.511
0.338, 0.454, 0.23
0.388, 0.809, 0.325
0.781, 3.294, 0.926
1.103, 3.28, 1.25
0.917, 1.892, 0.893
0.428, 0.493, 0.202
0.375, 0.446, 0.224
2.033, 13.499, 4.43
0.358, 0.426, 0.201
0.909, 1.487, 0.772
0.953, 3.219, 0.992
1.091, 3.219, 1.097
0.479, 0.683, 0.28
1.118, 12.905, 1.842
0.314, 0.413, 0.183
1.191, 1.744, 0.724
0.551, 0.739, 0.313
0.831, 2.895, 0.923
0.473, 1.413, 0.6
1.501, 2.809, 1.18
2.357, 1.306, 0.923
1.25, 11.648, 1.925
2.236, 11.648, 3.702
3.735, 11.648, 5.443
0.867, 2.771, 0.775
0.77, 2.042, 0.699
0.395, 0.696, 0.325
0.816, 2.771, 0.736
0.81, 1.538, 0.717
0.817, 2.754, 0.818
0.562, 1.224, 0.473
0.67, 1.224, 0.564
1.303, 3.437, 1.454
0.537, 0.657, 0.335
0.521, 1.757, 0.493
0.37, 0.516, 0.227
0.657, 1.77, 0.836
0.597, 1.181, 0.493
1.398, 18.938, 3.495
0.575, 0.716, 0.362
0.821, 3.839, 1.074
1.048, 3.839, 1.352
1.458, 3.839, 1.765
1.122, 2.278, 0.958
0.797, 0.965, 0.462
1.433, 13.616, 2.723
0.338, 0.454, 0.23
0.388, 0.809, 0.325
0.781, 3.294, 0.926
1.103, 3.28, 1.25
0.917, 1.892, 0.893
0.428, 0.493, 0.202
0.375, 0.446, 0.224
2.033, 13.499, 4.43
0.358, 0.426, 0.201
1.672, 6.765, 2.076
1.821, 6.765, 2.353
0.678, 1.257, 0.555
1.444, 19.666, 3.314
0.439, 0.71, 0.355
0.271, 0.482, 0.153
0.294, 0.482, 0.241
0.799, 2.312, 0.836
1.419, 5.801, 1.781
0.945, 2.363, 0.951
1.488, 4.207, 1.966
1.52, 5.801, 2.222
1.828, 5.801, 2.743
1.213, 8.222, 1.532
1.143, 3.113, 1.269
0.827, 1.699, 0.865
1.125, 8.222, 1.453
1.605, 8.148, 2.325
2.121, 8.014, 2.827
0.707, 1.007, 0.435
1.093, 4.932, 1.284
1.156, 1.746, 0.794
0.931, 4.886, 1.566
1.373, 4.813, 2.071
1.299, 3.614, 1.349
1.772, 3.614, 1.472
1.35, 2.374, 1.101
0.952, 3.64, 1.158
0.911, 2.051, 0.918
0.711, 3.616, 1.176
1.047, 3.596, 1.556
1.307, 3.394, 1.401
2.194, 3.391, 1.514
1.722, 3.227, 1.614
1.499, 16.488, 3.358
0.338, 0.454, 0.23
0.554, 1.413, 0.569
0.781, 3.294, 0.926
1.103, 3.28, 1.25
0.917, 1.892, 0.893
0.428, 0.493, 0.202
0.375, 0.446, 0.224
2.231, 15.081, 4.942
0.394, 0.442, 0.215
1.536, 6.711, 2.103
1.791, 6.711, 2.356
0.645, 1.522, 0.678
1.382, 14.004, 2.386
0.324, 0.255, 0.102
1.193, 4.465, 1.257
0.89, 1.412, 0.581
1.174, 4.465, 1.406
1.373, 4.465, 1.555
1.669, 4.465, 1.8
2.931, 10.667, 3.995
1.357, 14.004, 2.375
2.473, 7.936, 3.743
1.46, 14.004, 2.547
0.792, 2.333, 0.774
0.447, 0.806, 0.378
1.489, 14.004, 2.603
0.495, 1.326, 0.619
0.751, 1.933, 0.65
0.963, 1.923, 0.763
0.924, 1.074, 0.62
0.256, 0.293, 0.207
1.565, 9.477, 2.77
1.197, 3.942, 1.43
0.791, 1.491, 0.796
0.21, 0.269, 0.19
1.615, 10.332, 2.988
1.177, 3.744, 1.372
0.783, 1.491, 0.8
0.21, 0.269, 0.19
1.634, 9.72, 2.828
1.297, 3.969, 1.42
0.946, 1.492, 0.746
0.21, 0.269, 0.19
1.558, 9.155, 2.721
1.247, 4.24, 1.542
0.777, 1.492, 0.805
0.21, 0.269, 0.19
1.662, 10.629, 3.055
1.216, 3.418, 1.337
0.774, 1.494, 0.807
0.21, 0.269, 0.19
1.563, 8.557, 2.554
1.342, 4.232, 1.514
0.938, 1.492, 0.746
0.21, 0.269, 0.19
1.562, 8.684, 2.584
1.322, 4.233, 1.506
0.936, 1.495, 0.748
0.21, 0.269, 0.19
1.256, 9.791, 2.046
1.178, 2.937, 1.271
0.511, 1.079, 0.497
0.847, 3.527, 1.022
0.924, 3.527, 1.254
0.208, 0.16, 0.072
0.673, 1.207, 0.853
1.173, 12.037, 2.451
0.896, 3.78, 1.153
0.346, 0.293, 0.136
0.751, 3.981, 1.134
0.88, 3.959, 1.415
0.208, 0.181, 0.085
0.448, 0.794, 0.561
1.542, 8.851, 2.649
1.263, 4.293, 1.566
0.772, 1.492, 0.808
0.21, 0.269, 0.19
1.666, 10.728, 3.07
1.208, 2.959, 1.283
0.771, 1.495, 0.809
0.21, 0.269, 0.19
1.666, 9.862, 2.845
1.331, 3.364, 1.354
0.934, 1.495, 0.748
0.209, 0.269, 0.19
1.666, 10.058, 2.908
1.304, 3.774, 1.388
0.933, 1.495, 0.748
0.209, 0.269, 0.19
2.648, 13.943, 4.416
0.777, 2.051, 0.789
0.797, 2.051, 0.965
3.147, 6.115, 4.324
1.329, 9.197, 2.352
1.005, 3.875, 1.185
0.677, 1.482, 0.656
0.267, 0.11, 0.045
0.293, 0.463, 0.328
1.08, 10.182, 1.847
0.931, 3.057, 1.062
0.282, 0.251, 0.126
0.922, 3.285, 0.96
0.519, 1.178, 0.407
0.374, 0.549, 0.236
0.842, 3.951, 1.318
1.315, 3.846, 1.84
0.209, 0.269, 0.19
0.978, 10.554, 1.857
0.835, 2.298, 0.924
0.297, 0.32, 0.152
0.748, 2.733, 0.732
0.53, 1.047, 0.458
0.456, 1.047, 0.472
0.748, 3.981, 1.341
1.258, 3.854, 1.867
0.209, 0.269, 0.19
1.277, 11.599, 2.227
0.852, 2.965, 1.045
0.324, 0.442, 0.201
1.238, 7.338, 1.811
0.662, 1.564, 0.518
0.718, 1.564, 0.617
0.336, 0.365, 0.185
1.196, 11.599, 2.381
1.812, 11.599, 3.386
3.058, 11.58, 4.956
0.901, 1.583, 0.806
0.656, 3.109, 0.897
0.726, 3.094, 0.979
0.455, 1.012, 0.407
1.524, 4.523, 1.949
0.678, 1.496, 0.697
0.209, 0.269, 0.19
2.007, 6.99, 2.783
0.495, 0.599, 0.303
1.186, 11.37, 1.794
0.654, 1.424, 0.6
0.513, 1.233, 0.422
0.33, 0.11, 0.056
2.485, 8.648, 2.998
1.11, 0.566, 0.283
1.066, 11.37, 1.614
1.015, 11.327, 2.449
0.269, 0.462, 0.175
1.555, 11.327, 3.337
2.285, 11.327, 4.104
0.434, 0.635, 0.32
1.048, 5.586, 1.205
1.712, 5.556, 1.878
1.37, 5.556, 1.9
0.566, 1.158, 0.493
1.054, 3.525, 1.164
1.101, 3.525, 1.421
0.361, 0.72, 0.314
0.884, 1.701, 0.72
0.674, 1.701, 0.686
0.419, 0.852, 0.286
0.394, 0.643, 0.255
0.919, 1.935, 0.848
1.398, 2.531, 1.113
1.225, 19.118, 2.221
0.366, 0.228, 0.117
0.269, 0.598, 0.185
0.304, 0.598, 0.245
0.433, 0.598, 0.311
1.884, 5.149, 2.371
0.854, 2.087, 0.797
1.291, 2.175, 0.956
0.978, 3.397, 1.258
1.509, 2.607, 1.107
1.395, 4.156, 1.506
1.252, 3.075, 1.152
1.551, 4.528, 1.842
1.074, 2.912, 1.208
0.984, 3.073, 1.495
0.643, 1.595, 0.73
0.817, 2.078, 0.832
1.154, 3.493, 1.148
1.406, 3.254, 1.505
0.811, 1.477, 0.745
1.418, 14.022, 2.718
0.338, 0.454, 0.23
0.388, 0.809, 0.325
0.781, 3.294, 0.926
1.103, 3.28, 1.25
0.917, 1.892, 0.893
0.428, 0.493, 0.202
0.375, 0.446, 0.224
2.147, 13.905, 4.31
0.355, 0.436, 0.206
1.429, 6.032, 1.887
1.677, 6.032, 2.103
0.609, 1.054, 0.463
0.696, 12.659, 1.661
0.514, 1.0, 0.505
0.506, 1.289, 0.524
0.305, 0.832, 0.254
0.385, 0.825, 0.336
0.364, 0.646, 0.31
0.212, 0.242, 0.098
0.183, 0.215, 0.108
0.324, 0.962, 0.353
0.165, 0.178, 0.085
0.478, 0.983, 0.36
0.447, 0.983, 0.44
0.324, 0.543, 0.206
1.049, 3.135, 1.159
0.733, 3.135, 0.969
0.297, 0.514, 0.181
2.105, 15.478, 4.597
0.599, 1.186, 0.6
0.12, 0.031, 0.016
1.101, 12.905, 1.764
0.314, 0.413, 0.183
1.191, 1.744, 0.724
0.551, 0.739, 0.313
0.727, 1.809, 0.699
0.473, 1.413, 0.6
1.671, 0.506, 0.358
1.218, 10.058, 1.712
2.105, 10.058, 3.219
3.479, 10.058, 4.643
0.867, 2.771, 0.772
0.761, 2.042, 0.69
0.395, 0.696, 0.325
0.816, 2.771, 0.736
0.81, 1.538, 0.717
0.817, 2.754, 0.818
0.562, 1.224, 0.473
0.67, 1.224, 0.564
1.295, 3.354, 1.44
0.537, 0.657, 0.335
0.521, 1.757, 0.493
0.37, 0.516, 0.227
0.657, 1.77, 0.836
0.597, 1.181, 0.493
0.765, 10.915, 1.643
0.389, 0.81, 0.419
0.394, 0.879, 0.365
0.318, 0.846, 0.259
0.392, 0.846, 0.341
0.368, 0.645, 0.311
0.221, 0.229, 0.093
0.195, 0.205, 0.103
0.349, 0.958, 0.351
0.184, 0.163, 0.076
0.333, 0.54, 0.236
1.259, 3.738, 1.239
1.306, 3.738, 1.319
0.767, 1.961, 0.884
1.723, 18.156, 2.907
0.237, 0.089, 0.046
0.807, 2.891, 1.012
0.426, 1.388, 0.494
0.151, 0.184, 0.105
0.818, 3.289, 1.032
0.544, 0.758, 0.375
0.667, 1.556, 0.646
0.292, 0.186, 0.099
1.914, 8.475, 3.062
0.279, 0.191, 0.106
1.425, 10.806, 2.949
0.394, 1.056, 0.338
0.445, 1.046, 0.475
0.704, 3.875, 1.025
0.338, 0.675, 0.235
0.348, 0.666, 0.304
2.933, 14.427, 4.88
0.816, 1.691, 0.797
2.505, 18.147, 3.72
3.13, 18.074, 5.43
1.186, 3.557, 1.454
0.629, 1.771, 0.724
2.801, 10.204, 3.624
0.954, 3.032, 1.246
0.646, 1.562, 0.602
1.158, 3.228, 1.466
3.951, 8.741, 3.938
4.36, 9.719, 3.874
3.602, 7.707, 3.997
1.366, 8.222, 1.923
0.691, 1.414, 0.756
1.625, 8.222, 2.381
0.865, 2.381, 0.815
0.853, 2.381, 1.103
0.862, 3.343, 0.848
0.887, 1.597, 0.8
0.792, 3.343, 0.957
0.786, 3.312, 1.166
1.044, 3.312, 1.585
1.654, 3.495, 1.826
1.338, 18.96, 2.848
0.491, 0.915, 0.468
0.487, 0.95, 0.373
0.79, 3.289, 0.929
1.108, 3.275, 1.255
0.928, 1.934, 0.913
0.437, 0.536, 0.214
0.375, 0.446, 0.224
1.979, 13.084, 4.296
0.344, 0.413, 0.194
2.023, 7.675, 2.706
2.348, 7.661, 3.682
0.764, 1.466, 0.556
0.895, 2.45, 0.836
0.684, 2.45, 0.706
0.499, 1.078, 0.385
1.178, 3.101, 1.097
1.309, 3.101, 1.385
1.249, 12.821, 2.984
0.789, 4.028, 1.329
1.057, 4.014, 1.598
0.588, 1.521, 0.876
0.482, 1.739, 0.675
0.801, 3.68, 1.144
0.704, 2.834, 1.032
0.929, 2.834, 1.23
0.737, 1.98, 1.133
0.267, 0.601, 0.181
0.304, 0.601, 0.245
0.433, 0.601, 0.311
1.314, 3.435, 1.546
0.863, 2.497, 1.027
0.766, 10.915, 1.647
0.389, 0.81, 0.419
0.394, 0.879, 0.365
0.318, 0.846, 0.259
0.392, 0.846, 0.341
0.368, 0.645, 0.311
0.221, 0.226, 0.092
0.196, 0.202, 0.101
0.349, 0.958, 0.351
0.184, 0.163, 0.076
0.333, 0.54, 0.236
1.267, 3.738, 1.266
1.316, 3.738, 1.353
0.787, 2.175, 0.995
1.481, 14.263, 2.128
0.336, 0.802, 0.386
1.016, 2.587, 1.207
0.151, 0.173, 0.078
1.124, 3.436, 1.643
1.054, 2.491, 1.122
0.756, 1.802, 0.539
0.645, 1.287, 0.462
0.557, 0.701, 0.323
2.278, 9.94, 2.652
2.002, 6.299, 2.227
2.66, 6.299, 2.692
1.771, 7.256, 2.151
1.831, 7.256, 2.389
2.991, 7.256, 3.084
1.803, 8.035, 2.596
1.653, 7.161, 2.536
1.089, 5.532, 2.045
0.368, 0.456, 0.254
2.148, 7.937, 3.386
0.601, 0.914, 0.397
0.884, 2.107, 0.655
0.485, 0.359, 0.152
1.983, 10.653, 3.276
0.662, 0.973, 0.447
0.406, 0.71, 0.265
0.632, 0.825, 0.339
1.627, 14.263, 2.268
1.776, 11.652, 3.258
2.202, 11.652, 3.905
0.778, 1.623, 0.69
1.624, 14.263, 2.207
2.339, 6.225, 2.218
3.126, 6.208, 2.717
0.952, 1.669, 1.18
1.519, 8.239, 2.648
0.828, 1.646, 0.78
1.31, 5.13, 1.641
1.819, 5.13, 2.391
1.419, 7.965, 1.738
1.343, 3.164, 1.292
1.537, 7.965, 1.933
2.097, 7.965, 2.507
1.798, 4.821, 2.182
1.104, 3.119, 1.039
1.333, 3.119, 1.359
1.676, 14.263, 2.344
1.7, 9.408, 2.085
1.738, 9.408, 2.114
1.762, 9.408, 2.147
0.978, 1.565, 0.527
1.877, 9.408, 2.238
1.161, 1.92, 0.921
1.25, 1.939, 0.789
1.89, 9.408, 2.321
1.601, 8.131, 2.479
2.23, 8.131, 2.87
2.013, 4.006, 2.082
2.027, 9.376, 2.346
3.714, 9.189, 3.343
1.624, 6.482, 1.782
1.794, 5.69, 2.166
1.395, 4.438, 1.46
1.577, 4.438, 1.585
1.91, 4.438, 1.906
2.035, 6.482, 2.249
2.067, 6.482, 2.748
2.514, 7.732, 3.38
3.435, 7.809, 3.382
0.802, 1.396, 0.987
1.186, 14.259, 2.943
0.617, 3.395, 0.726
0.639, 3.288, 0.79
0.545, 0.578, 0.208
0.769, 3.286, 1.121
0.954, 3.263, 1.263
0.496, 0.865, 0.612
1.994, 5.433, 2.658
2.781, 5.422, 3.041
2.701, 5.12, 3.62
1.632, 2.734, 1.162
0.825, 3.5, 1.101
0.52, 0.61, 0.292
0.642, 2.004, 0.677
0.733, 2.004, 0.772
1.566, 16.154, 2.516
2.018, 5.483, 2.554
0.297, 0.237, 0.105
0.872, 2.572, 0.845
1.293, 2.457, 1.09
0.623, 1.658, 0.646
0.553, 1.658, 0.643
0.681, 1.645, 0.775
3.1, 9.041, 3.371
2.586, 7.644, 3.573
0.988, 2.233, 0.864
0.587, 1.477, 0.533
0.786, 1.477, 0.742
2.029, 16.151, 3.421
2.322, 16.057, 4.854
3.673, 16.057, 7.049
2.136, 13.525, 4.472
3.568, 13.516, 5.85
2.567, 11.646, 3.752
3.03, 11.646, 4.2
5.438, 11.646, 5.927
1.623, 4.537, 1.461
1.514, 4.537, 1.509
2.485, 4.292, 2.167
1.579, 4.537, 1.404
1.388, 2.57, 1.079
1.619, 2.57, 1.125
1.942, 12.13, 3.199
5.274, 11.967, 6.213
1.365, 7.06, 2.101
0.908, 2.937, 0.976
1.211, 2.937, 1.266
1.076, 3.092, 1.104
0.9, 1.5, 0.772
1.269, 3.092, 1.33
1.738, 3.092, 1.424
1.015, 4.013, 1.114
1.002, 1.916, 1.025
1.176, 4.013, 1.384
1.597, 4.013, 1.747
0.943, 4.014, 1.121
1.037, 1.918, 1.005
1.165, 4.014, 1.387
1.58, 4.014, 1.756
0.957, 4.014, 1.117
1.053, 1.926, 0.999
1.15, 4.014, 1.397
1.569, 4.014, 1.763
1.717, 6.068, 1.887
2.701, 6.068, 2.589
0.767, 1.529, 0.473
0.821, 1.529, 0.563
1.124, 19.371, 3.507
0.422, 0.56, 0.283
0.306, 0.824, 0.274
0.343, 0.824, 0.329
0.355, 0.822, 0.367
0.133, 0.159, 0.08
1.044, 4.887, 1.626
1.637, 4.79, 2.256
1.912, 14.245, 4.207
0.343, 0.672, 0.343
0.842, 2.077, 1.161
4.872, 27.528, 6.253
0.3, 0.316, 0.179
4.027, 12.564, 4.125
5.609, 11.812, 5.452
3.138, 11.875, 3.35
3.583, 11.875, 3.736
4.518, 11.875, 3.992
4.514, 6.847, 2.686
9.347, 27.076, 10.647
10.538, 21.664, 12.19
4.943, 18.974, 4.918
3.045, 4.075, 2.074
6.629, 18.968, 6.652
5.284, 11.317, 4.75
5.564, 10.708, 4.248
2.808, 7.041, 2.856
1.507, 14.478, 2.283
0.685, 3.052, 0.919
0.459, 1.998, 0.542
0.237, 0.25, 0.177
1.598, 3.002, 1.602
2.979, 0.37, 0.262
1.045, 6.558, 1.63
0.557, 1.227, 0.408
0.617, 1.227, 0.488
0.488, 0.789, 0.339
0.394, 0.016, 0.011
1.526, 14.478, 2.323
0.879, 2.355, 1.133
1.476, 2.198, 1.554
0.992, 4.552, 1.216
0.967, 2.236, 0.975
1.123, 4.495, 1.739
0.289, 0.388, 0.275
1.36, 12.673, 1.917
1.339, 12.673, 1.862
1.475, 5.808, 2.514
1.768, 8.924, 2.14
3.179, 8.848, 3.151
1.482, 3.139, 1.495
0.857, 2.72, 1.014
1.283, 12.673, 1.825
0.616, 1.45, 0.548
1.358, 12.66, 1.95
1.415, 5.537, 1.697
2.029, 5.537, 2.495
0.838, 1.425, 0.593
0.787, 1.412, 0.607
1.395, 12.66, 2.044
0.836, 1.787, 0.796
1.408, 12.064, 2.077
1.739, 8.778, 2.42
0.892, 2.666, 0.923
1.643, 8.325, 2.539
0.807, 2.106, 0.887
0.614, 1.563, 0.622
1.362, 12.063, 2.056
1.771, 12.063, 2.853
2.059, 12.046, 3.881
3.314, 12.045, 5.055
1.232, 5.403, 1.795
1.985, 5.403, 2.197
1.34, 4.411, 1.473
1.595, 4.411, 1.645
0.898, 2.733, 0.763
0.992, 2.733, 0.916
1.194, 2.733, 1.206
0.739, 1.376, 0.591
1.414, 12.66, 2.119
1.87, 12.48, 3.662
0.601, 1.471, 0.533
0.712, 1.471, 0.582
1.303, 9.42, 1.65
1.891, 9.344, 2.413
2.999, 9.301, 3.437
1.273, 3.001, 1.405
0.93, 3.316, 1.091
1.279, 2.454, 1.083
0.782, 3.304, 1.286
0.974, 4.105, 1.069
1.054, 4.097, 1.354
1.429, 3.931, 1.854
0.753, 1.839, 0.693
1.007, 4.937, 1.289
1.25, 4.896, 1.753
0.296, 0.431, 0.188
0.89, 1.961, 0.708
0.734, 1.255, 0.573
0.64, 1.438, 0.575
0.937, 4.208, 1.65
0.868, 1.559, 1.102
1.88, 11.161, 2.511
2.5, 6.014, 2.581
1.901, 11.144, 2.564
1.07, 4.097, 1.75
3.017, 10.888, 3.967
3.91, 10.856, 4.475
1.736, 5.13, 1.828
1.796, 5.13, 2.023
1.922, 5.13, 2.287
1.978, 5.708, 2.274
0.974, 3.607, 1.382
0.591, 1.023, 0.724
1.298, 10.242, 2.348
1.257, 5.069, 1.728
0.531, 0.686, 0.372
0.635, 1.563, 0.614
1.145, 4.881, 1.911
0.232, 0.307, 0.217
1.352, 9.872, 2.157
1.285, 3.232, 1.154
1.083, 2.479, 1.087
0.672, 1.535, 0.614
1.358, 4.911, 1.884
0.227, 0.297, 0.21
1.957, 14.46, 3.336
1.197, 4.727, 1.529
1.529, 4.727, 2.208
2.266, 13.422, 3.601
2.489, 13.392, 4.215
3.552, 13.392, 5.626
2.245, 10.69, 4.245
2.237, 13.285, 3.476
2.064, 13.285, 3.474
1.904, 13.285, 3.775
2.154, 13.285, 4.133
1.827, 13.285, 3.568
2.325, 13.285, 4.242
3.449, 13.232, 5.649
4.344, 8.488, 3.965
0.861, 1.739, 0.637
0.963, 1.632, 0.737
0.652, 1.949, 0.732
1.605, 3.052, 2.158
1.498, 9.071, 2.085
1.657, 4.829, 1.65
1.641, 4.829, 2.224
0.767, 1.564, 0.659
1.376, 4.259, 1.632
0.491, 0.824, 0.583
2.781, 8.542, 3.561
1.829, 13.364, 3.918
0.676, 1.066, 0.559
1.111, 2.539, 1.464
1.558, 13.516, 2.834
0.343, 0.392, 0.183
0.899, 2.293, 0.754
0.527, 1.149, 0.454
1.293, 9.158, 2.418
2.637, 9.158, 4.414
0.688, 0.818, 0.308
0.75, 0.818, 0.341
0.833, 0.461, 0.231
2.722, 13.494, 4.841
3.226, 13.494, 5.814
0.943, 10.796, 1.808
0.389, 0.81, 0.419
0.383, 0.878, 0.37
0.396, 0.825, 0.299
0.387, 0.825, 0.334
0.365, 0.637, 0.307
0.35, 0.689, 0.374
0.399, 0.963, 0.397
0.171, 0.195, 0.091
1.483, 5.505, 1.771
1.666, 5.505, 1.894
2.451, 5.505, 2.702
5.283, 23.444, 10.328
1.446, 16.884, 2.965
0.338, 0.454, 0.23
0.514, 1.209, 0.483
0.781, 3.294, 0.926
1.103, 3.28, 1.25
0.917, 1.892, 0.893
0.428, 0.493, 0.202
0.375, 0.446, 0.224
1.87, 11.901, 3.903
0.368, 0.379, 0.183
1.604, 5.531, 1.475
1.535, 5.531, 1.585
0.885, 2.066, 0.764
1.355, 2.024, 0.853
1.303, 14.129, 1.932
0.987, 9.76, 1.754
0.645, 1.507, 0.489
0.667, 1.485, 0.603
0.641, 0.891, 0.387
0.404, 0.033, 0.023
1.409, 9.76, 2.892
0.237, 0.25, 0.177
1.597, 3.102, 1.636
3.002, 0.485, 0.343
1.397, 5.282, 1.722
0.615, 1.503, 0.541
0.75, 1.503, 0.658
0.683, 1.822, 0.602
0.387, 0.447, 0.207
1.609, 11.397, 2.181
1.582, 6.552, 2.579
1.651, 10.418, 2.33
1.654, 10.418, 2.363
1.464, 10.399, 2.539
1.959, 10.383, 4.187
1.308, 4.348, 1.527
1.984, 4.219, 1.987
1.795, 9.567, 2.358
2.036, 8.074, 2.395
2.37, 8.074, 3.345
1.787, 9.567, 2.459
1.942, 7.487, 2.407
2.268, 7.452, 3.065
1.413, 5.755, 2.488
1.794, 9.567, 2.849
2.463, 9.543, 3.614
0.449, 0.734, 0.519
1.597, 11.397, 2.132
2.396, 10.883, 4.278
1.935, 11.377, 2.34
1.123, 3.907, 1.241
1.017, 3.907, 1.203
1.513, 3.907, 1.457
2.77, 8.847, 3.106
2.36, 6.585, 2.948
2.189, 11.371, 2.592
2.002, 8.638, 2.15
2.21, 5.265, 2.053
2.766, 5.265, 2.267
0.751, 2.291, 0.993
1.96, 8.638, 2.423
2.213, 8.638, 2.705
1.848, 6.462, 2.216
1.708, 6.36, 2.719
3.417, 11.268, 4.568
4.79, 11.268, 5.217
1.876, 3.99, 1.838
0.748, 1.268, 0.507
1.001, 6.923, 1.28
0.902, 2.19, 0.987
0.983, 6.923, 1.33
0.514, 1.202, 0.387
0.412, 1.076, 0.332
0.56, 1.076, 0.382
0.792, 1.6, 0.643
0.515, 0.945, 0.479
1.718, 6.851, 2.04
1.389, 4.907, 1.707
2.781, 4.907, 2.314
0.303, 0.65, 0.28
2.983, 6.839, 3.176
0.558, 1.241, 0.479
0.472, 1.112, 0.423
2.55, 5.87, 2.432
1.933, 5.87, 2.729
2.475, 6.045, 2.332
2.101, 5.775, 2.569
1.071, 1.497, 0.791
1.177, 14.129, 1.832
1.494, 10.581, 2.166
1.535, 10.581, 2.198
1.2, 6.461, 1.414
1.189, 6.461, 1.356
0.69, 1.255, 0.593
1.277, 6.455, 1.813
1.395, 6.455, 1.997
0.754, 1.605, 0.588
1.229, 5.264, 1.295
1.238, 3.038, 1.294
1.174, 5.264, 1.549
1.327, 5.264, 1.687
0.929, 2.523, 0.992
1.276, 4.238, 1.237
1.234, 4.238, 1.353
0.813, 1.29, 0.595
2.555, 4.934, 3.489
1.557, 10.565, 2.501
1.305, 7.351, 1.847
0.451, 1.163, 0.378
0.497, 1.145, 0.443
1.58, 4.143, 1.527
0.858, 2.722, 1.298
2.385, 4.056, 1.751
0.654, 1.14, 0.806
1.155, 8.379, 2.201
0.971, 8.287, 1.794
0.744, 2.317, 0.801
0.552, 1.421, 0.553
0.528, 1.009, 0.436
0.32, 0.889, 0.421
0.684, 0.919, 0.415
0.281, 0.46, 0.325
1.863, 9.301, 2.78
1.334, 5.984, 1.907
0.431, 0.958, 0.365
2.025, 3.915, 2.768
2.562, 9.514, 2.757
2.534, 9.514, 2.656
2.089, 6.896, 2.234
2.508, 6.896, 2.484
3.151, 6.896, 3.042
3.4, 6.258, 3.146
3.769, 8.549, 3.666
0.779, 1.378, 0.974
0.745, 8.171, 1.274
0.527, 1.672, 0.448
0.377, 1.104, 0.422
0.48, 1.389, 0.426
0.499, 1.389, 0.464
0.489, 1.389, 0.544
0.527, 1.672, 0.444
0.568, 1.397, 0.575
0.496, 1.672, 0.49
0.536, 1.672, 0.533
0.558, 1.672, 0.664
0.503, 1.028, 0.357
0.447, 1.028, 0.343
0.374, 0.605, 0.275
0.727, 1.348, 0.953
1.008, 5.372, 1.241
0.895, 5.103, 1.003
0.466, 1.221, 0.458
0.829, 3.16, 0.962
0.89, 3.16, 1.044
0.969, 3.16, 1.202
0.979, 5.103, 1.114
1.453, 5.021, 1.981
0.813, 2.608, 0.854
0.893, 2.608, 0.917
0.972, 2.608, 1.001
0.919, 2.762, 0.884
0.919, 2.762, 0.988
0.86, 2.729, 1.136
0.66, 1.212, 0.857
1.191, 6.158, 1.371
1.158, 6.158, 1.305
0.463, 1.221, 0.458
1.282, 6.158, 1.563
1.18, 3.108, 1.129
0.6, 1.535, 0.579
1.89, 6.092, 2.497
1.197, 5.199, 1.289
1.446, 5.096, 2.021
1.289, 4.806, 1.392
1.478, 4.806, 1.562
0.6, 1.244, 0.471
1.269, 3.054, 1.239
1.075, 3.406, 0.97
1.251, 3.318, 1.139
0.495, 0.665, 0.291
0.915, 1.836, 0.772
0.627, 1.146, 0.81
0.702, 5.644, 1.13
0.484, 1.586, 0.493
0.325, 1.101, 0.342
0.381, 1.101, 0.448
0.576, 1.586, 0.536
0.306, 0.847, 0.398
0.678, 0.919, 0.414
0.273, 0.444, 0.314
0.73, 5.65, 1.198
0.459, 1.354, 0.43
0.388, 1.205, 0.402
0.408, 1.205, 0.486
0.467, 0.96, 0.385
0.3, 0.823, 0.387
0.675, 0.919, 0.413
0.269, 0.436, 0.308
1.449, 9.613, 2.073
0.685, 1.165, 0.51
1.64, 9.613, 2.463
2.528, 9.613, 3.536
1.774, 7.14, 3.051
0.989, 2.313, 0.911
0.859, 2.313, 1.076
1.19, 2.24, 0.975
1.231, 3.452, 1.444
0.939, 1.731, 1.224
1.056, 10.124, 1.653
1.007, 10.124, 1.608
0.299, 0.37, 0.203
1.145, 2.172, 0.868
1.041, 1.728, 0.839
1.007, 10.124, 1.664
0.994, 10.124, 1.664
2.22, 5.483, 2.94
0.69, 2.806, 0.825
0.366, 0.425, 0.182
0.573, 0.999, 0.706
1.162, 10.117, 2.067
1.144, 10.097, 2.059
0.383, 0.909, 0.282
0.327, 0.42, 0.144
0.529, 0.909, 0.643
1.245, 10.084, 2.242
1.524, 10.065, 2.643
1.591, 10.05, 3.247
2.377, 9.97, 4.364
0.778, 1.08, 0.476
0.322, 0.536, 0.379
0.946, 8.074, 1.678
0.85, 6.514, 1.381
0.442, 1.208, 0.405
0.304, 0.424, 0.154
0.595, 1.053, 0.745
1.073, 6.287, 1.88
0.37, 0.652, 0.254
0.286, 0.471, 0.333
0.731, 2.868, 0.75
0.794, 2.868, 0.851
0.59, 2.199, 0.688
0.775, 2.174, 0.883
0.764, 1.066, 0.47
0.314, 0.519, 0.367
0.828, 4.545, 0.934
0.907, 4.545, 1.038
0.701, 1.749, 0.588
0.816, 1.749, 0.633
0.965, 1.749, 0.773
0.929, 1.673, 0.84
0.755, 1.056, 0.466
2.376, 4.597, 3.25
0.816, 5.198, 1.345
0.311, 0.446, 0.194
0.274, 0.44, 0.311
1.027, 4.021, 1.341
0.795, 2.438, 0.988
0.273, 0.438, 0.31
2.403, 14.09, 4.065
2.619, 14.09, 4.223
1.89, 13.041, 3.33
1.985, 13.041, 3.642
2.501, 13.041, 4.405
0.891, 2.793, 1.328
2.009, 27.54, 3.342
0.336, 0.802, 0.386
1.016, 2.587, 1.207
0.151, 0.173, 0.078
1.124, 3.436, 1.643
1.054, 2.491, 1.122
0.756, 1.802, 0.539
0.645, 1.287, 0.462
0.557, 0.701, 0.323
2.279, 9.94, 2.653
2.002, 6.301, 2.227
2.661, 6.301, 2.693
1.772, 7.263, 2.153
1.832, 7.263, 2.391
2.993, 7.263, 3.087
1.804, 8.037, 2.596
1.654, 7.16, 2.536
1.09, 5.532, 2.045
0.368, 0.456, 0.254
2.148, 7.939, 3.386
0.602, 0.913, 0.397
0.884, 2.107, 0.655
0.485, 0.359, 0.152
1.988, 10.703, 3.291
0.662, 0.973, 0.447
0.406, 0.71, 0.265
0.633, 0.825, 0.339
8.089, 23.128, 9.12
7.447, 26.172, 9.956
2.134, 15.635, 3.156
1.979, 11.328, 3.128
2.397, 11.328, 3.747
0.778, 1.623, 0.69
2.13, 15.635, 3.167
2.34, 6.231, 2.219
3.128, 6.213, 2.719
0.952, 1.669, 1.18
1.519, 8.238, 2.648
0.828, 1.645, 0.78
1.31, 5.129, 1.641
1.82, 5.129, 2.391
1.419, 7.965, 1.738
1.343, 3.164, 1.292
1.538, 7.965, 1.933
2.097, 7.965, 2.507
1.798, 4.823, 2.182
1.104, 3.119, 1.039
1.333, 3.119, 1.359
2.364, 15.635, 3.509
2.394, 15.431, 3.335
2.447, 15.431, 3.373
4.392, 15.325, 5.878
4.05, 14.361, 5.16
3.91, 14.361, 5.673
4.282, 14.361, 6.924
4.987, 13.423, 5.51
2.055, 14.339, 2.613
3.817, 14.048, 5.414
1.877, 9.407, 2.219
1.161, 1.92, 0.92
1.251, 1.939, 0.789
1.89, 9.407, 2.297
1.583, 7.717, 2.374
2.199, 7.717, 2.735
2.014, 4.007, 2.082
2.028, 9.376, 2.347
3.716, 9.189, 3.343
1.625, 6.489, 1.782
1.795, 5.691, 2.166
1.396, 4.439, 1.46
1.578, 4.439, 1.585
1.911, 4.439, 1.906
2.037, 6.489, 2.249
2.069, 6.489, 2.749
2.516, 7.74, 3.384
3.436, 7.809, 3.382
0.802, 1.396, 0.987
2.212, 15.631, 4.108
1.981, 15.631, 3.724
2.9, 15.583, 4.906
1.985, 7.619, 2.826
1.285, 4.801, 1.848
0.644, 1.243, 0.527
4.694, 14.704, 6.201
0.863, 3.288, 1.028
0.643, 1.107, 0.423
0.769, 3.286, 1.121
0.955, 3.263, 1.263
0.499, 0.872, 0.616
1.995, 5.434, 2.659
2.781, 5.423, 3.041
2.701, 5.12, 3.62
1.632, 2.735, 1.162
0.826, 3.494, 1.101
0.521, 0.612, 0.292
0.643, 2.004, 0.677
0.733, 2.004, 0.772
1.327, 13.098, 2.071
0.35, 0.582, 0.292
0.656, 1.608, 0.648
2.095, 4.127, 1.633
0.708, 1.554, 0.566
0.418, 0.296, 0.148
1.831, 7.028, 2.2
0.938, 2.506, 1.177
1.107, 10.265, 1.771
0.585, 1.437, 0.457
0.381, 0.533, 0.199
0.65, 1.519, 0.603
1.034, 5.828, 1.132
0.888, 3.165, 1.009
0.575, 1.661, 0.689
1.318, 3.164, 1.46
1.065, 5.828, 1.189
2.032, 5.81, 1.92
2.597, 5.796, 2.423
0.773, 1.644, 0.465
0.57, 1.021, 0.391
0.79, 1.648, 0.657
0.308, 0.428, 0.179
3.158, 10.237, 4.836
1.253, 9.912, 2.788
0.259, 0.329, 0.176
2.204, 9.814, 3.859
2.851, 9.765, 4.775
2.519, 8.538, 2.678
2.568, 8.538, 2.95
0.966, 1.901, 0.894
1.479, 19.243, 3.503
0.396, 0.63, 0.315
0.167, 0.121, 0.051
0.944, 4.832, 1.299
1.322, 4.817, 1.762
0.917, 1.892, 0.893
0.428, 0.493, 0.202
0.375, 0.446, 0.224
2.089, 13.759, 4.504
0.402, 0.429, 0.216
1.287, 6.7, 1.826
1.412, 6.7, 1.993
0.58, 1.383, 0.513
0.766, 1.383, 0.64
1.078, 19.147, 2.441
0.422, 0.56, 0.283
0.26, 0.561, 0.169
0.296, 0.561, 0.228
0.412, 0.561, 0.291
1.833, 3.628, 1.567
1.017, 1.454, 0.555
0.879, 1.104, 0.509
0.668, 2.008, 0.68
0.256, 0.17, 0.085
1.157, 2.272, 0.899
0.479, 0.622, 0.313
0.851, 2.302, 0.823
0.902, 1.55, 0.656
0.401, 0.759, 0.295
0.191, 0.163, 0.089
1.707, 14.098, 2.29
0.478, 0.561, 0.271
2.458, 3.262, 1.574
1.258, 3.341, 1.146
0.891, 2.232, 0.883
1.91, 14.06, 2.685
1.522, 4.648, 2.03
2.022, 14.06, 2.813
2.419, 9.758, 3.543
2.387, 9.758, 4.234
1.815, 6.803, 2.017
2.344, 6.622, 2.725
2.712, 13.977, 4.55
0.314, 0.224, 0.119
0.824, 2.868, 1.042
0.348, 0.937, 0.401
2.598, 4.767, 1.777
2.395, 4.767, 2.11
1.1, 1.714, 0.898
1.146, 13.283, 1.925
0.237, 0.089, 0.046
0.791, 2.891, 0.982
0.426, 1.388, 0.494
0.151, 0.184, 0.105
0.818, 3.289, 1.032
0.544, 0.758, 0.375
0.667, 1.556, 0.646
0.292, 0.186, 0.099
1.914, 8.475, 3.062
0.279, 0.191, 0.106
1.425, 10.806, 2.949
0.394, 1.056, 0.338
0.445, 1.046, 0.475
0.704, 3.875, 1.025
0.338, 0.675, 0.235
0.348, 0.666, 0.304
1.295, 4.382, 1.54
1.204, 3.557, 1.449
0.629, 1.771, 0.724
0.668, 1.19, 0.489
1.1, 3.032, 1.058
0.992, 3.032, 1.245
0.646, 1.562, 0.602
0.737, 2.029, 0.933
0.654, 1.111, 0.404
0.531, 0.547, 0.306
2.313, 9.9, 3.568
0.345, 0.35, 0.176
1.366, 8.221, 1.923
0.691, 1.414, 0.756
1.625, 8.221, 2.381
0.865, 2.381, 0.815
0.853, 2.381, 1.103
0.862, 3.343, 0.848
0.887, 1.597, 0.8
0.792, 3.343, 0.957
0.786, 3.312, 1.166
1.044, 3.312, 1.585
1.654, 3.495, 1.826
1.219, 12.031, 2.352
0.338, 0.454, 0.23
0.388, 0.809, 0.325
0.781, 3.294, 0.926
1.103, 3.28, 1.25
0.917, 1.892, 0.893
0.428, 0.493, 0.202
0.375, 0.446, 0.224
1.87, 11.901, 3.903
0.368, 0.379, 0.183
0.753, 1.487, 0.666
0.984, 3.237, 0.987
1.136, 3.237, 1.082
0.558, 0.893, 0.373
1.218, 12.031, 2.286
0.338, 0.454, 0.23
0.388, 0.809, 0.325
0.784, 3.28, 0.924
1.103, 3.28, 1.25
0.917, 1.892, 0.893
0.437, 0.45, 0.187
0.389, 0.402, 0.202
1.874, 11.901, 3.9
0.378, 0.379, 0.173
0.753, 1.487, 0.666
0.997, 3.245, 0.926
1.114, 3.245, 0.976
0.636, 1.302, 0.462
0.745, 1.302, 0.582
1.384, 14.004, 2.386
0.324, 0.255, 0.102
1.193, 4.465, 1.257
0.89, 1.412, 0.581
1.174, 4.465, 1.406
1.373, 4.465, 1.555
1.669, 4.465, 1.8
2.931, 10.667, 3.995
1.357, 14.004, 2.375
2.473, 7.936, 3.743
1.46, 14.004, 2.547
0.792, 2.333, 0.774
0.447, 0.806, 0.378
1.489, 14.004, 2.603
0.495, 1.326, 0.619
0.751, 1.933, 0.65
0.963, 1.923, 0.763
0.924, 1.074, 0.62
0.256, 0.293, 0.207
1.565, 9.477, 2.77
1.197, 3.942, 1.43
0.791, 1.491, 0.796
0.21, 0.269, 0.19
1.615, 10.332, 2.988
1.177, 3.744, 1.372
0.783, 1.491, 0.8
0.21, 0.269, 0.19
1.634, 9.72, 2.828
1.297, 3.969, 1.42
0.946, 1.492, 0.746
0.21, 0.269, 0.19
1.558, 9.155, 2.721
1.247, 4.24, 1.542
0.777, 1.492, 0.805
0.21, 0.269, 0.19
1.662, 10.629, 3.055
1.216, 3.418, 1.337
0.774, 1.494, 0.807
0.21, 0.269, 0.19
1.563, 8.557, 2.554
1.342, 4.232, 1.514
0.938, 1.492, 0.746
0.21, 0.269, 0.19
1.562, 8.684, 2.584
1.322, 4.233, 1.506
0.936, 1.495, 0.748
0.21, 0.269, 0.19
1.256, 9.791, 2.046
1.178, 2.937, 1.271
0.511, 1.079, 0.497
0.847, 3.527, 1.022
0.924, 3.527, 1.254
0.208, 0.16, 0.072
0.673, 1.207, 0.853
1.173, 12.037, 2.451
0.896, 3.78, 1.153
0.346, 0.293, 0.136
0.751, 3.981, 1.134
0.88, 3.959, 1.415
0.208, 0.181, 0.085
0.448, 0.794, 0.561
1.542, 8.851, 2.649
1.263, 4.293, 1.566
0.772, 1.492, 0.808
0.21, 0.269, 0.19
1.666, 10.728, 3.07
1.208, 2.959, 1.283
0.771, 1.495, 0.809
0.21, 0.269, 0.19
1.666, 9.862, 2.845
1.331, 3.364, 1.354
0.934, 1.495, 0.748
0.209, 0.269, 0.19
1.666, 10.058, 2.908
1.304, 3.774, 1.388
0.933, 1.495, 0.748
0.209, 0.269, 0.19
2.648, 13.943, 4.416
0.777, 2.051, 0.789
0.797, 2.051, 0.965
3.147, 6.115, 4.324
1.329, 9.197, 2.352
1.005, 3.875, 1.185
0.677, 1.482, 0.656
0.267, 0.11, 0.045
0.293, 0.463, 0.328
1.08, 10.182, 1.847
0.931, 3.057, 1.062
0.282, 0.251, 0.126
0.922, 3.285, 0.96
0.519, 1.178, 0.407
0.374, 0.549, 0.236
0.842, 3.951, 1.318
1.315, 3.846, 1.84
0.209, 0.269, 0.19
0.978, 10.554, 1.857
0.835, 2.298, 0.924
0.297, 0.32, 0.152
0.748, 2.733, 0.732
0.53, 1.047, 0.458
0.456, 1.047, 0.472
0.748, 3.981, 1.341
1.258, 3.854, 1.867
0.209, 0.269, 0.19
1.277, 11.599, 2.227
0.852, 2.965, 1.045
0.324, 0.442, 0.201
1.238, 7.338, 1.811
0.662, 1.564, 0.518
0.718, 1.564, 0.617
0.336, 0.365, 0.185
1.196, 11.599, 2.381
1.812, 11.599, 3.386
3.058, 11.58, 4.956
0.901, 1.583, 0.806
0.656, 3.109, 0.897
0.726, 3.094, 0.979
0.455, 1.012, 0.407
1.524, 4.523, 1.949
0.678, 1.496, 0.697
0.209, 0.269, 0.19
2.007, 6.99, 2.783
0.495, 0.599, 0.303
2.648, 13.796, 4.736
0.787, 1.731, 0.794
0.876, 10.798, 1.885
0.389, 0.81, 0.419
0.378, 0.879, 0.374
0.312, 0.832, 0.256
0.387, 0.825, 0.334
0.365, 0.637, 0.307
0.213, 0.239, 0.098
0.184, 0.219, 0.11
0.325, 0.936, 0.342
0.173, 0.191, 0.088
2.107, 6.024, 2.151
2.682, 6.024, 2.513
1.614, 17.03, 2.912
1.003, 1.492, 0.83
1.405, 4.226, 2.069
0.882, 2.079, 0.972
1.546, 5.934, 1.873
0.619, 1.554, 0.678
1.878, 5.934, 2.494
1.245, 3.688, 1.749
2.205, 16.964, 4.071
2.249, 15.62, 3.832
2.002, 9.329, 3.001
2.953, 9.329, 3.822
2.265, 15.62, 5.113
3.822, 15.62, 6.74
2.235, 16.944, 4.387
2.323, 16.944, 4.522
2.374, 16.944, 4.672
2.542, 16.941, 4.92
2.923, 16.941, 5.294
2.437, 15.907, 4.63
3.011, 15.907, 5.19
2.242, 12.662, 4.106
3.514, 12.619, 5.376
1.716, 16.429, 3.314
2.318, 8.729, 2.877
3.045, 8.729, 3.324
2.918, 6.792, 3.201
1.512, 16.429, 3.519
1.579, 16.429, 3.609
1.653, 16.429, 3.707
1.691, 16.429, 3.871
1.879, 16.429, 4.133
1.373, 14.721, 3.107
1.599, 14.721, 3.409
0.715, 2.458, 0.745
0.664, 2.458, 0.808
0.929, 2.449, 1.022
1.729, 6.175, 2.126
0.584, 0.98, 0.422
0.458, 0.513, 0.238
0.829, 1.976, 0.697
0.536, 0.673, 0.34
1.316, 5.439, 1.671
1.863, 5.439, 2.522
1.161, 7.59, 1.537
1.343, 3.415, 1.317
2.224, 7.429, 2.513
2.552, 7.429, 2.802
4.167, 7.429, 3.737
0.89, 4.668, 1.183
1.421, 4.665, 1.758
0.344, 0.57, 0.216
0.29, 0.753, 0.21
0.209, 0.345, 0.115
0.758, 2.238, 0.796
1.136, 1.958, 0.98
0.823, 2.238, 0.897
2.9, 13.213, 4.754
5.433, 13.213, 7.057
1.336, 14.435, 1.954
0.995, 9.995, 1.787
0.648, 1.485, 0.483
0.667, 1.485, 0.603
0.648, 0.891, 0.395
0.403, 0.033, 0.023
1.429, 9.995, 2.96
0.237, 0.25, 0.177
1.594, 2.853, 1.62
2.996, 0.024, 0.017
1.421, 5.281, 1.767
0.615, 1.503, 0.541
0.75, 1.503, 0.658
0.684, 1.822, 0.602
0.388, 0.446, 0.207
1.73, 11.38, 2.21
1.316, 4.792, 1.852
1.65, 10.418, 2.328
1.653, 10.418, 2.36
1.464, 10.399, 2.539
1.959, 10.383, 4.187
1.309, 4.348, 1.527
1.985, 4.219, 1.987
1.793, 9.515, 2.354
2.035, 8.063, 2.392
2.369, 8.063, 3.339
1.785, 9.515, 2.455
1.941, 7.488, 2.412
2.28, 7.453, 3.064
1.393, 5.751, 2.495
1.789, 9.515, 2.833
2.455, 9.491, 3.593
0.449, 0.734, 0.519
1.782, 11.38, 2.2
2.398, 10.885, 4.278
1.822, 11.38, 2.068
0.946, 2.69, 0.876
0.847, 2.687, 0.847
1.255, 2.687, 0.964
3.637, 8.814, 3.605
1.444, 4.046, 1.263
0.811, 1.387, 0.547
0.756, 0.998, 0.442
1.526, 3.43, 1.388
1.362, 3.43, 1.386
2.151, 11.38, 2.349
1.86, 6.756, 1.812
2.286, 6.711, 2.002
2.349, 4.834, 1.965
2.554, 4.834, 2.086
1.956, 6.711, 2.377
2.761, 6.711, 2.927
1.416, 4.664, 1.482
1.53, 4.326, 1.454
1.586, 4.326, 1.49
0.89, 1.867, 0.823
1.077, 4.375, 1.38
1.376, 4.375, 1.578
0.885, 3.019, 1.28
1.395, 3.451, 1.412
0.761, 1.261, 0.474
1.52, 9.932, 2.14
0.903, 2.19, 0.984
1.639, 9.932, 2.318
0.889, 2.555, 0.889
0.723, 2.555, 0.802
1.035, 2.555, 0.961
2.832, 9.767, 3.582
2.65, 8.18, 3.564
2.326, 6.787, 2.773
0.783, 1.66, 0.698
2.539, 5.737, 2.407
1.908, 5.737, 2.661
2.46, 6.044, 2.306
2.068, 5.632, 2.499
1.095, 1.579, 0.822
1.18, 14.435, 1.841
1.493, 10.583, 2.166
1.535, 10.583, 2.199
1.198, 6.461, 1.407
1.187, 6.461, 1.347
0.689, 1.255, 0.593
1.278, 6.455, 1.812
1.396, 6.455, 1.997
0.754, 1.604, 0.588
1.232, 5.262, 1.287
1.26, 3.18, 1.337
1.176, 5.262, 1.547
1.33, 5.262, 1.686
0.929, 2.522, 0.991
1.268, 4.062, 1.189
1.225, 4.062, 1.298
0.813, 1.29, 0.595
2.555, 4.934, 3.489
1.555, 10.568, 2.502
1.302, 7.351, 1.848
0.451, 1.163, 0.378
0.497, 1.145, 0.443
1.574, 4.143, 1.532
0.858, 2.722, 1.298
2.39, 4.037, 1.742
0.654, 1.14, 0.806
1.154, 8.379, 2.201
0.969, 8.288, 1.795
0.744, 2.316, 0.8
0.552, 1.42, 0.553
0.524, 1.009, 0.439
0.32, 0.889, 0.421
0.684, 0.919, 0.415
0.281, 0.46, 0.325
1.861, 9.302, 2.777
1.331, 5.958, 1.9
0.431, 0.958, 0.365
2.025, 3.915, 2.768
2.569, 9.518, 2.763
2.543, 9.518, 2.665
2.09, 6.896, 2.236
2.51, 6.896, 2.484
3.155, 6.896, 3.041
3.402, 6.263, 3.149
3.766, 8.549, 3.668
0.779, 1.378, 0.974
0.752, 8.522, 1.313
0.528, 1.671, 0.447
0.379, 1.104, 0.423
0.481, 1.389, 0.426
0.5, 1.389, 0.463
0.489, 1.389, 0.544
0.529, 1.671, 0.444
0.57, 1.397, 0.577
0.496, 1.671, 0.49
0.537, 1.671, 0.533
0.558, 1.671, 0.664
0.506, 1.019, 0.355
0.451, 1.019, 0.342
0.374, 0.605, 0.275
0.727, 1.348, 0.953
1.01, 5.372, 1.248
0.896, 5.141, 1.006
0.465, 1.221, 0.459
0.829, 3.161, 0.961
0.89, 3.161, 1.043
0.969, 3.161, 1.202
0.981, 5.141, 1.119
1.459, 5.06, 1.995
0.813, 2.608, 0.854
0.893, 2.608, 0.916
0.972, 2.608, 1.001
0.92, 2.762, 0.883
0.921, 2.762, 0.986
0.86, 2.729, 1.136
0.66, 1.212, 0.857
1.192, 6.138, 1.372
1.158, 6.138, 1.307
0.463, 1.221, 0.458
1.28, 6.138, 1.559
1.18, 3.111, 1.129
0.6, 1.535, 0.579
1.884, 6.072, 2.489
1.2, 5.222, 1.294
1.449, 5.119, 2.03
1.293, 4.806, 1.397
1.479, 4.806, 1.563
0.6, 1.244, 0.47
1.279, 3.109, 1.261
1.076, 3.406, 0.972
1.251, 3.318, 1.14
0.495, 0.665, 0.291
0.92, 1.87, 0.782
0.627, 1.146, 0.81
0.703, 5.644, 1.132
0.484, 1.586, 0.493
0.325, 1.101, 0.342
0.381, 1.101, 0.448
0.575, 1.586, 0.537
0.306, 0.847, 0.398
0.678, 0.919, 0.414
0.273, 0.444, 0.314
0.731, 5.65, 1.204
0.458, 1.354, 0.431
0.388, 1.205, 0.402
0.408, 1.205, 0.486
0.466, 0.96, 0.386
0.3, 0.823, 0.387
0.675, 0.919, 0.413
0.269, 0.436, 0.308
1.447, 9.613, 2.073
0.684, 1.165, 0.508
1.636, 9.613, 2.463
2.529, 9.613, 3.536
1.775, 7.137, 3.05
0.98, 2.313, 0.907
0.859, 2.313, 1.076
1.19, 2.239, 0.974
1.231, 3.452, 1.444
0.939, 1.731, 1.224
1.061, 10.131, 1.664
1.012, 10.131, 1.619
0.298, 0.37, 0.204
1.146, 2.172, 0.868
1.043, 1.709, 0.838
1.013, 10.131, 1.676
0.999, 10.131, 1.676
2.238, 5.565, 2.992
0.698, 2.889, 0.85
0.366, 0.425, 0.181
0.573, 0.999, 0.706
1.166, 10.123, 2.072
1.147, 10.104, 2.062
0.384, 0.909, 0.281
0.327, 0.42, 0.144
0.529, 0.909, 0.643
1.251, 10.09, 2.247
1.532, 10.072, 2.647
1.591, 10.061, 3.249
2.378, 9.977, 4.367
0.778, 1.083, 0.477
0.331, 0.553, 0.391
0.952, 8.28, 1.697
0.852, 6.513, 1.382
0.443, 1.208, 0.404
0.304, 0.424, 0.154
0.595, 1.053, 0.744
1.076, 6.287, 1.882
0.37, 0.653, 0.255
0.286, 0.471, 0.333
0.733, 2.879, 0.753
0.798, 2.879, 0.855
0.59, 2.203, 0.689
0.776, 2.176, 0.883
0.765, 1.071, 0.471
0.322, 0.536, 0.379
0.831, 4.581, 0.941
0.911, 4.581, 1.046
0.701, 1.752, 0.589
0.817, 1.752, 0.633
0.966, 1.752, 0.773
0.93, 1.673, 0.84
0.756, 1.062, 0.467
2.376, 4.597, 3.25
0.817, 5.198, 1.346
0.311, 0.446, 0.193
0.274, 0.44, 0.311
1.028, 4.021, 1.343
0.795, 2.435, 0.987
0.273, 0.438, 0.31
2.418, 14.396, 4.114
2.637, 14.396, 4.274
1.892, 13.068, 3.336
1.988, 13.068, 3.649
2.505, 13.068, 4.414
0.891, 2.794, 1.328
1.34, 12.51, 2.13
0.281, 0.486, 0.243
0.42, 0.985, 0.396
0.697, 3.491, 1.007
0.483, 1.44, 0.64
0.127, 0.036, 0.015
0.359, 0.672, 0.368
1.019, 3.728, 1.549
0.238, 0.208, 0.086
1.902, 6.132, 2.105
2.132, 6.08, 2.744
3.239, 6.08, 3.325
1.379, 12.484, 2.917
2.085, 12.466, 4.244
2.86, 12.466, 5.428
0.684, 1.583, 0.627
0.727, 1.583, 0.691
2.544, 4.785, 2.393
1.225, 9.431, 2.088
0.264, 0.192, 0.073
1.015, 2.091, 1.161
1.799, 7.224, 2.393
1.059, 1.896, 0.794
0.542, 1.476, 0.454
0.612, 1.476, 0.555
0.534, 0.712, 0.373
1.285, 14.238, 3.29
0.533, 0.9, 0.455
0.598, 2.38, 0.704
0.372, 0.67, 0.221
0.397, 0.67, 0.264
0.829, 18.982, 2.418
0.293, 0.158, 0.089
0.555, 1.648, 0.488
0.571, 1.648, 0.511
0.822, 1.629, 0.549
0.278, 0.623, 0.34
0.596, 2.415, 0.663
0.567, 2.415, 0.704
0.722, 1.718, 0.65
0.73, 2.379, 1.16
0.28, 0.62, 0.341
0.367, 1.178, 0.375
0.292, 0.662, 0.277
0.729, 2.603, 0.885
1.115, 2.566, 1.161
1.515, 13.535, 2.399
0.477, 0.578, 0.278
2.46, 3.262, 1.576
0.788, 3.14, 0.961
0.907, 3.14, 1.338
1.441, 9.763, 2.279
2.118, 9.74, 4.326
1.418, 9.296, 2.149
4.064, 8.547, 4.036
0.848, 1.256, 0.479
1.184, 8.574, 1.998
0.304, 0.213, 0.151
1.605, 8.574, 2.753
0.782, 2.42, 1.001
1.033, 1.756, 0.842
1.265, 9.266, 1.938
0.984, 3.353, 1.434
1.351, 9.266, 2.047
2.109, 7.527, 2.455
2.061, 7.478, 3.154
0.995, 3.418, 1.191
0.293, 0.281, 0.142
0.588, 1.463, 0.568
0.455, 1.463, 0.633
1.637, 9.179, 2.963
0.439, 0.512, 0.211
5.893, 13.366, 6.927
2.012, 11.062, 2.92
0.53, 0.841, 0.422
2.049, 11.008, 3.002
1.153, 4.597, 2.007
2.491, 9.075, 3.264
3.077, 9.075, 3.522
3.959, 9.075, 3.89
1.962, 10.919, 3.522
2.385, 10.919, 3.949
3.147, 10.919, 4.567
0.905, 18.33, 2.076
0.306, 0.135, 0.078
0.504, 1.786, 0.545
0.473, 1.786, 0.562
0.791, 1.771, 0.751
0.158, 0.279, 0.147
0.486, 2.116, 0.572
0.445, 2.116, 0.587
0.718, 2.072, 0.969
0.446, 1.043, 0.481
0.156, 0.273, 0.143
0.361, 1.203, 0.38
0.293, 0.666, 0.279
1.562, 6.373, 2.106
0.655, 1.687, 0.693
1.028, 3.078, 1.267
0.654, 1.666, 0.618
0.599, 1.568, 0.63
0.957, 3.493, 1.482
0.942, 2.664, 0.9
1.108, 2.664, 1.025
0.99, 3.203, 1.512
1.492, 10.804, 2.353
0.533, 1.553, 0.659
1.285, 10.481, 2.021
0.739, 1.821, 0.627
0.715, 1.375, 0.597
1.502, 10.481, 2.332
1.569, 10.481, 2.407
1.66, 10.481, 2.487
1.756, 10.481, 2.642
1.152, 4.936, 1.415
1.459, 4.936, 1.656
1.992, 4.936, 2.269
3.244, 10.481, 4.442
0.38, 0.524, 0.262
1.396, 11.149, 2.369
0.354, 0.706, 0.361
0.464, 0.845, 0.346
0.575, 3.553, 0.961
0.466, 1.425, 0.608
0.128, 0.036, 0.015
0.225, 0.255, 0.1
0.193, 0.202, 0.101
0.795, 2.864, 1.018
0.232, 0.239, 0.101
1.925, 10.987, 3.038
1.436, 5.448, 1.929
2.0, 5.448, 2.514
1.522, 11.006, 2.691
1.892, 11.006, 3.733
2.569, 11.006, 4.777
1.357, 7.137, 2.127
1.563, 7.137, 2.317
2.33, 7.075, 3.291
2.453, 4.547, 2.273
1.382, 14.004, 2.386
0.324, 0.255, 0.102
1.193, 4.465, 1.257
0.89, 1.412, 0.581
1.174, 4.465, 1.406
1.373, 4.465, 1.555
1.669, 4.465, 1.8
2.931, 10.667, 3.995
1.357, 14.004, 2.375
2.473, 7.936, 3.743
1.46, 14.004, 2.547
0.792, 2.333, 0.774
0.447, 0.806, 0.378
1.489, 14.004, 2.603
0.495, 1.326, 0.619
0.751, 1.933, 0.65
0.963, 1.923, 0.763
0.924, 1.074, 0.62
0.256, 0.293, 0.207
1.565, 9.477, 2.77
1.197, 3.942, 1.43
0.791, 1.491, 0.796
0.21, 0.269, 0.19
1.615, 10.332, 2.988
1.177, 3.744, 1.372
0.783, 1.491, 0.8
0.21, 0.269, 0.19
1.634, 9.72, 2.828
1.297, 3.969, 1.42
0.946, 1.492, 0.746
0.21, 0.269, 0.19
1.558, 9.155, 2.721
1.247, 4.24, 1.542
0.777, 1.492, 0.805
0.21, 0.269, 0.19
1.662, 10.629, 3.055
1.216, 3.418, 1.337
0.774, 1.494, 0.807
0.21, 0.269, 0.19
1.563, 8.557, 2.554
1.342, 4.232, 1.514
0.938, 1.492, 0.746
0.21, 0.269, 0.19
1.562, 8.684, 2.584
1.322, 4.233, 1.506
0.936, 1.495, 0.748
0.21, 0.269, 0.19
1.256, 9.791, 2.046
1.178, 2.937, 1.271
0.511, 1.079, 0.497
0.847, 3.527, 1.022
0.924, 3.527, 1.254
0.208, 0.16, 0.072
0.673, 1.207, 0.853
1.173, 12.037, 2.451
0.896, 3.78, 1.153
0.346, 0.293, 0.136
0.751, 3.981, 1.134
0.88, 3.959, 1.415
0.208, 0.181, 0.085
0.448, 0.794, 0.561
1.542, 8.851, 2.649
1.263, 4.293, 1.566
0.772, 1.492, 0.808
0.21, 0.269, 0.19
1.666, 10.728, 3.07
1.208, 2.959, 1.283
0.771, 1.495, 0.809
0.21, 0.269, 0.19
1.666, 9.862, 2.845
1.331, 3.364, 1.354
0.934, 1.495, 0.748
0.209, 0.269, 0.19
1.666, 10.058, 2.908
1.304, 3.774, 1.388
0.933, 1.495, 0.748
0.209, 0.269, 0.19
2.648, 13.943, 4.416
0.777, 2.051, 0.789
0.797, 2.051, 0.965
3.147, 6.115, 4.324
1.329, 9.197, 2.352
1.005, 3.875, 1.185
0.677, 1.482, 0.656
0.267, 0.11, 0.045
0.293, 0.463, 0.328
1.08, 10.182, 1.847
0.931, 3.057, 1.062
0.282, 0.251, 0.126
0.922, 3.285, 0.96
0.519, 1.178, 0.407
0.374, 0.549, 0.236
0.842, 3.951, 1.318
1.315, 3.846, 1.84
0.209, 0.269, 0.19
0.978, 10.554, 1.857
0.835, 2.298, 0.924
0.297, 0.32, 0.152
0.748, 2.733, 0.732
0.53, 1.047, 0.458
0.456, 1.047, 0.472
0.748, 3.981, 1.341
1.258, 3.854, 1.867
0.209, 0.269, 0.19
1.277, 11.599, 2.227
0.852, 2.965, 1.045
0.324, 0.442, 0.201
1.238, 7.338, 1.811
0.662, 1.564, 0.518
0.718, 1.564, 0.617
0.336, 0.365, 0.185
1.196, 11.599, 2.381
1.812, 11.599, 3.386
3.058, 11.58, 4.956
0.901, 1.583, 0.806
0.656, 3.109, 0.897
0.726, 3.094, 0.979
0.455, 1.012, 0.407
1.524, 4.523, 1.949
0.678, 1.496, 0.697
0.209, 0.269, 0.19
2.007, 6.99, 2.783
0.495, 0.599, 0.303
1.054, 10.738, 2.215
0.511, 0.992, 0.501
0.485, 1.291, 0.532
0.302, 0.832, 0.252
0.384, 0.825, 0.334
0.361, 0.635, 0.305
0.21, 0.234, 0.096
0.183, 0.215, 0.108
0.335, 0.936, 0.338
0.188, 0.195, 0.094
1.995, 5.738, 2.098
2.605, 5.738, 2.382
2.528, 24.543, 3.627
8.005, 12.567, 5.704
3.429, 11.218, 3.882
3.343, 11.218, 5.387
3.434, 13.145, 4.027
2.499, 9.164, 2.912
3.07, 9.164, 3.759
2.655, 6.476, 2.863
6.078, 12.91, 5.487
8.162, 12.687, 5.589
2.161, 8.663, 2.584
1.357, 3.64, 1.398
2.21, 12.137, 2.843
4.655, 11.667, 5.115
2.11, 12.137, 2.692
1.832, 9.933, 2.334
1.395, 9.904, 2.793
1.878, 9.896, 3.992
1.513, 5.77, 2.48
1.992, 8.251, 2.231
1.404, 4.798, 1.544
0.961, 2.467, 1.029
2.094, 8.199, 2.353
2.526, 8.199, 2.478
2.326, 7.067, 2.317
2.483, 7.067, 2.574
2.157, 7.067, 2.914
2.801, 6.339, 3.328
2.063, 5.254, 2.532
4.073, 8.18, 3.298
0.536, 1.733, 0.678
0.681, 1.733, 0.823
6.913, 10.771, 4.408
1.658, 14.854, 2.915
5.028, 13.162, 6.058
1.341, 14.854, 2.451
0.864, 5.385, 1.253
0.342, 1.026, 0.366
0.295, 1.004, 0.39
0.36, 0.983, 0.419
1.119, 5.385, 1.482
0.49, 1.017, 0.381
0.439, 1.017, 0.428
1.606, 5.288, 1.866
2.627, 5.268, 2.046
1.201, 4.561, 1.745
1.67, 4.42, 2.045
5.423, 14.335, 6.644
3.037, 4.882, 2.219
1.513, 11.409, 3.512
0.359, 0.554, 0.241
2.778, 14.748, 3.2
2.949, 7.487, 3.001
2.268, 3.795, 1.654
2.018, 10.065, 2.348
2.529, 7.899, 2.715
3.395, 7.899, 3.467
1.896, 10.065, 2.322
2.034, 10.065, 2.387
2.156, 10.065, 2.472
2.133, 10.065, 2.617
1.774, 4.688, 1.666
1.863, 4.47, 1.517
2.584, 4.47, 1.885
3.842, 7.743, 3.888
0.643, 3.519, 0.926
1.347, 3.519, 1.93
0.157, 0.125, 0.053
0.696, 1.196, 0.602
1.184, 16.115, 2.13
0.152, 0.087, 0.039
0.265, 0.557, 0.272
1.04, 2.585, 1.209
0.447, 0.855, 0.312
1.228, 16.115, 2.233
0.41, 0.355, 0.251
1.25, 16.115, 2.26
1.654, 3.4, 1.198
0.872, 1.674, 0.838
1.222, 16.115, 2.319
1.111, 6.321, 1.504
0.901, 4.87, 1.03
0.608, 0.885, 0.386
0.978, 4.87, 1.226
1.011, 4.87, 1.385
1.271, 4.711, 1.627
0.388, 0.184, 0.086
1.153, 2.598, 1.115
1.068, 1.806, 0.767
1.244, 1.806, 0.969
3.236, 6.321, 4.47
1.242, 15.419, 2.57
0.899, 9.375, 1.512
0.468, 1.028, 0.399
0.401, 1.176, 0.382
0.398, 1.176, 0.388
0.47, 1.111, 0.432
0.208, 0.055, 0.025
0.5, 0.969, 0.424
1.37, 9.354, 2.099
0.685, 1.907, 0.751
2.239, 9.22, 3.05
2.665, 9.21, 3.454
0.591, 0.919, 0.392
0.677, 0.919, 0.509
2.957, 5.754, 4.069
1.188, 16.115, 2.659
0.725, 4.139, 0.889
0.284, 0.428, 0.163
0.399, 1.152, 0.368
0.392, 1.152, 0.383
0.464, 1.091, 0.427
0.207, 0.048, 0.023
0.502, 0.908, 0.386
1.693, 4.066, 1.278
1.991, 4.066, 1.693
1.569, 2.701, 1.351
2.873, 5.625, 3.977
1.188, 9.463, 1.647
0.712, 1.086, 0.56
2.165, 5.771, 2.704
1.989, 7.586, 2.465
1.375, 2.744, 1.382
2.211, 5.474, 2.123
0.963, 1.841, 0.73
0.814, 1.38, 0.694
0.753, 3.189, 0.775
0.591, 2.164, 0.531
0.611, 2.164, 0.597
0.985, 2.056, 0.919
0.441, 0.711, 0.332
0.668, 1.496, 0.549
0.497, 0.628, 0.285
0.703, 2.195, 0.733
0.788, 2.165, 0.877
0.541, 1.178, 0.43
0.356, 0.302, 0.157
1.444, 10.304, 2.314
0.338, 0.454, 0.23
0.388, 0.809, 0.325
1.045, 3.28, 1.053
1.103, 3.28, 1.25
0.917, 1.892, 0.893
0.921, 2.063, 1.148
1.82, 8.537, 2.824
0.355, 0.436, 0.206
1.429, 6.032, 1.887
1.677, 6.032, 2.103
0.609, 1.053, 0.463
1.382, 14.004, 2.386
0.324, 0.255, 0.102
1.193, 4.465, 1.257
0.89, 1.412, 0.581
1.174, 4.465, 1.406
1.373, 4.465, 1.555
1.669, 4.465, 1.8
2.931, 10.667, 3.995
1.357, 14.004, 2.375
2.473, 7.936, 3.743
1.46, 14.004, 2.547
0.792, 2.333, 0.774
0.447, 0.806, 0.378
1.489, 14.004, 2.603
0.495, 1.326, 0.619
0.751, 1.933, 0.65
0.963, 1.923, 0.763
0.924, 1.074, 0.62
0.256, 0.293, 0.207
1.565, 9.477, 2.77
1.197, 3.942, 1.43
0.791, 1.491, 0.796
0.21, 0.269, 0.19
1.615, 10.332, 2.988
1.177, 3.744, 1.372
0.783, 1.491, 0.8
0.21, 0.269, 0.19
1.634, 9.72, 2.828
1.297, 3.969, 1.42
0.946, 1.492, 0.746
0.21, 0.269, 0.19
1.558, 9.155, 2.721
1.247, 4.24, 1.542
0.777, 1.492, 0.805
0.21, 0.269, 0.19
1.662, 10.629, 3.055
1.216, 3.418, 1.337
0.774, 1.494, 0.807
0.21, 0.269, 0.19
1.563, 8.557, 2.554
1.342, 4.232, 1.514
0.938, 1.492, 0.746
0.21, 0.269, 0.19
1.562, 8.684, 2.584
1.322, 4.233, 1.506
0.936, 1.495, 0.748
0.21, 0.269, 0.19
1.256, 9.791, 2.046
1.178, 2.937, 1.271
0.511, 1.079, 0.497
0.847, 3.527, 1.022
0.924, 3.527, 1.254
0.208, 0.16, 0.072
0.673, 1.207, 0.853
1.173, 12.037, 2.451
0.896, 3.78, 1.153
0.346, 0.293, 0.136
0.751, 3.981, 1.134
0.88, 3.959, 1.415
0.208, 0.181, 0.085
0.448, 0.794, 0.561
1.542, 8.851, 2.649
1.263, 4.293, 1.566
0.772, 1.492, 0.808
0.21, 0.269, 0.19
1.666, 10.728, 3.07
1.208, 2.959, 1.283
0.771, 1.495, 0.809
0.21, 0.269, 0.19
1.666, 9.862, 2.845
1.331, 3.364, 1.354
0.934, 1.495, 0.748
0.209, 0.269, 0.19
1.666, 10.058, 2.908
1.304, 3.774, 1.388
0.933, 1.495, 0.748
0.209, 0.269, 0.19
2.648, 13.943, 4.416
0.777, 2.051, 0.789
0.797, 2.051, 0.965
3.147, 6.115, 4.324
1.329, 9.197, 2.352
1.005, 3.875, 1.185
0.677, 1.482, 0.656
0.267, 0.11, 0.045
0.293, 0.463, 0.328
1.08, 10.182, 1.847
0.931, 3.057, 1.062
0.282, 0.251, 0.126
0.922, 3.285, 0.96
0.519, 1.178, 0.407
0.374, 0.549, 0.236
0.842, 3.951, 1.318
1.315, 3.846, 1.84
0.209, 0.269, 0.19
0.978, 10.554, 1.857
0.835, 2.298, 0.924
0.297, 0.32, 0.152
0.748, 2.733, 0.732
0.53, 1.047, 0.458
0.456, 1.047, 0.472
0.748, 3.981, 1.341
1.258, 3.854, 1.867
0.209, 0.269, 0.19
1.277, 11.599, 2.227
0.852, 2.965, 1.045
0.324, 0.442, 0.201
1.238, 7.338, 1.811
0.662, 1.564, 0.518
0.718, 1.564, 0.617
0.336, 0.365, 0.185
1.196, 11.599, 2.381
1.812, 11.599, 3.386
3.058, 11.58, 4.956
0.901, 1.583, 0.806
0.656, 3.109, 0.897
0.726, 3.094, 0.979
0.455, 1.012, 0.407
1.524, 4.523, 1.949
0.678, 1.496, 0.697
0.209, 0.269, 0.19
2.007, 6.99, 2.783
0.495, 0.599, 0.303
1.518, 20.363, 3.867
0.471, 0.696, 0.352
0.27, 0.477, 0.151
0.292, 0.477, 0.239
0.769, 1.532, 0.557
0.973, 3.513, 1.052
0.758, 1.724, 0.614
0.976, 1.724, 0.882
3.09, 12.43, 5.342
1.681, 13.858, 3.258
0.533, 0.9, 0.455
0.542, 1.433, 0.534
0.396, 0.501, 0.254
0.51, 1.37, 0.554
0.67, 1.37, 0.715
2.486, 8.927, 3.388
3.035, 8.927, 3.925
2.565, 8.927, 3.833
1.893, 17.479, 4.739
0.501, 0.962, 0.484
0.407, 0.476, 0.197
0.488, 0.318, 0.173
1.734, 9.763, 2.775
1.083, 2.064, 1.034
0.304, 0.232, 0.098
2.443, 5.446, 2.871
1.741, 5.835, 1.949
1.228, 4.049, 1.964
2.34, 5.827, 2.16
1.426, 3.395, 1.333
2.022, 3.003, 2.124
0.74, 10.872, 1.652
0.502, 1.057, 0.544
0.39, 0.86, 0.357
0.319, 0.89, 0.267
0.397, 0.89, 0.353
0.367, 0.644, 0.31
0.22, 0.228, 0.092
0.194, 0.203, 0.102
0.342, 0.935, 0.345
0.178, 0.171, 0.081
0.327, 0.54, 0.235
1.267, 2.973, 1.187
1.542, 2.973, 1.355
1.23, 12.031, 2.35
0.338, 0.454, 0.23
0.388, 0.809, 0.325
0.781, 3.294, 0.926
1.103, 3.28, 1.25
0.917, 1.892, 0.893
0.428, 0.493, 0.202
0.375, 0.446, 0.224
1.87, 11.901, 3.903
0.368, 0.379, 0.183
0.753, 1.487, 0.666
1.034, 3.245, 0.979
1.19, 3.245, 1.068
0.564, 0.829, 0.366
0.743, 10.886, 1.653
0.502, 1.057, 0.544
0.393, 0.859, 0.356
0.317, 0.846, 0.259
0.391, 0.846, 0.341
0.368, 0.645, 0.311
0.22, 0.227, 0.092
0.195, 0.201, 0.101
0.338, 0.958, 0.358
0.178, 0.182, 0.084
0.381, 0.551, 0.283
1.261, 2.957, 1.17
1.534, 2.957, 1.332
0.892, 10.8, 1.78
0.389, 0.81, 0.419
0.383, 0.878, 0.37
0.312, 0.832, 0.256
0.387, 0.825, 0.334
0.365, 0.637, 0.307
0.213, 0.239, 0.098
0.184, 0.219, 0.11
0.379, 0.967, 0.369
0.171, 0.195, 0.091
1.483, 5.506, 1.771
1.666, 5.506, 1.894
2.451, 5.506, 2.702
1.115, 11.923, 2.181
0.353, 0.301, 0.119
0.394, 0.684, 0.235
0.287, 0.266, 0.126
0.742, 1.925, 0.728
0.791, 1.871, 0.881
1.278, 11.923, 2.342
0.677, 4.575, 1.143
0.273, 0.507, 0.193
1.164, 4.575, 1.627
1.846, 4.575, 2.159
1.542, 11.917, 2.69
2.046, 10.32, 3.08
1.08, 2.54, 1.079
1.458, 11.917, 2.667
3.757, 11.808, 5.567
1.146, 10.553, 2.482
1.219, 10.553, 2.642
0.82, 1.216, 0.612
0.438, 1.213, 0.387
0.33, 0.312, 0.141
1.219, 3.194, 1.12
1.107, 3.194, 1.125
1.457, 3.194, 1.653
2.457, 11.821, 4.106
0.746, 1.437, 0.689
0.388, 0.653, 0.236
0.312, 0.345, 0.132
1.495, 6.931, 1.884
0.255, 0.393, 0.204
1.269, 4.147, 1.459
1.545, 6.841, 2.165
1.729, 6.841, 2.458
0.739, 0.716, 0.367
5.295, 22.399, 9.895
1.411, 14.467, 2.787
0.356, 0.711, 0.364
0.466, 0.961, 0.377
1.678, 4.476, 1.932
0.533, 1.881, 0.492
0.586, 1.881, 0.664
0.243, 0.124, 0.054
0.485, 0.561, 0.222
0.418, 0.446, 0.223
1.443, 13.376, 3.385
3.109, 13.369, 5.804
0.439, 0.761, 0.339
0.406, 0.761, 0.351
0.365, 0.676, 0.332
2.423, 14.28, 4.638
0.504, 0.491, 0.202
1.262, 4.047, 1.208
1.176, 4.047, 1.348
0.931, 1.84, 0.837
1.374, 11.405, 2.308
0.534, 1.553, 0.659
0.554, 1.046, 0.309
0.476, 0.66, 0.248
0.436, 0.578, 0.241
1.424, 10.481, 2.271
1.21, 7.524, 2.323
0.371, 0.65, 0.27
1.576, 10.481, 2.351
1.644, 10.481, 2.428
1.734, 10.481, 2.509
1.776, 10.481, 2.661
1.185, 5.252, 1.493
1.498, 5.252, 1.757
2.071, 5.252, 2.412
3.244, 10.481, 4.442
0.381, 0.524, 0.262
1.493, 14.28, 2.941
0.338, 0.454, 0.23
0.41, 0.961, 0.386
0.781, 3.294, 0.926
1.103, 3.28, 1.25
0.917, 1.892, 0.893
0.428, 0.493, 0.202
0.375, 0.446, 0.224
1.974, 13.082, 4.298
0.333, 0.413, 0.201
1.808, 5.25, 1.769
1.987, 5.25, 1.97
1.261, 3.534, 1.661
1.032, 14.555, 2.431
0.511, 0.992, 0.501
0.359, 0.879, 0.365
0.302, 0.832, 0.252
0.384, 0.825, 0.334
0.361, 0.635, 0.305
0.21, 0.234, 0.096
0.183, 0.215, 0.108
0.318, 0.936, 0.346
0.16, 0.183, 0.089
2.061, 5.677, 2.015
2.539, 5.677, 2.393
1.174, 11.379, 1.788
0.659, 1.351, 0.561
0.506, 1.233, 0.414
0.33, 0.11, 0.056
2.485, 8.648, 2.998
1.11, 0.566, 0.283
1.051, 11.379, 1.606
1.042, 11.328, 2.452
0.269, 0.462, 0.175
1.606, 11.328, 3.331
2.364, 11.328, 4.079
0.393, 0.549, 0.275
1.018, 5.593, 1.187
1.712, 5.556, 1.917
1.37, 5.556, 1.964
0.446, 0.732, 0.331
0.915, 3.055, 0.991
0.875, 3.055, 1.177
0.224, 0.356, 0.166
0.884, 1.701, 0.72
0.674, 1.701, 0.686
0.419, 0.852, 0.286
0.394, 0.643, 0.255
0.919, 1.935, 0.848
1.398, 2.531, 1.113
1.327, 13.098, 2.071
0.35, 0.582, 0.292
0.656, 1.608, 0.648
2.095, 4.127, 1.633
0.708, 1.554, 0.566
0.418, 0.296, 0.148
1.831, 7.028, 2.2
0.938, 2.506, 1.177
1.107, 10.265, 1.771
0.585, 1.437, 0.457
0.381, 0.533, 0.199
0.65, 1.519, 0.603
1.034, 5.828, 1.132
0.888, 3.165, 1.009
0.575, 1.661, 0.689
1.318, 3.164, 1.46
1.065, 5.828, 1.189
2.032, 5.81, 1.92
2.597, 5.796, 2.423
0.773, 1.644, 0.465
0.57, 1.021, 0.391
0.79, 1.648, 0.657
0.308, 0.428, 0.179
3.158, 10.237, 4.836
1.253, 9.912, 2.788
0.259, 0.329, 0.176
2.204, 9.814, 3.859
2.851, 9.765, 4.775
2.519, 8.538, 2.678
2.568, 8.538, 2.95
0.966, 1.901, 0.894
1.158, 14.617, 2.45
0.337, 0.653, 0.333
0.416, 0.625, 0.244
0.749, 6.26, 1.544
0.275, 0.678, 0.264
0.124, 0.072, 0.029
1.298, 6.209, 2.477
1.727, 6.209, 3.079
0.503, 1.553, 0.538
0.229, 0.228, 0.095
1.874, 4.267, 1.552
1.655, 4.267, 1.941
1.685, 12.421, 2.434
0.419, 0.538, 0.253
1.053, 2.319, 0.872
1.069, 2.319, 1.041
1.124, 1.802, 0.858
1.223, 1.802, 0.986
2.362, 8.953, 2.621
3.077, 8.953, 3.011
3.584, 8.926, 3.621
2.732, 8.614, 3.557
1.556, 5.721, 1.901
1.754, 5.721, 2.207
1.974, 5.721, 2.675
1.888, 12.352, 3.599
0.555, 0.757, 0.29
0.491, 0.637, 0.28
1.467, 9.475, 2.117
1.532, 9.475, 2.181
2.109, 7.909, 3.34
1.645, 9.475, 2.27
1.004, 1.667, 0.639
0.891, 1.6, 0.587
0.791, 1.6, 0.642
0.599, 0.917, 0.415
1.356, 11.063, 1.991
1.278, 2.017, 1.018
1.611, 7.094, 1.979
0.881, 2.181, 0.909
0.769, 2.153, 0.999
1.768, 7.074, 2.161
1.736, 7.074, 2.348
1.504, 7.067, 2.342
2.309, 7.067, 3.296
2.029, 10.989, 3.556
0.585, 1.44, 0.669
0.671, 1.52, 0.479
0.462, 0.675, 0.28
0.586, 0.675, 0.311
2.298, 7.071, 2.846
2.154, 6.959, 3.383
1.067, 7.637, 1.605
0.692, 1.536, 0.524
0.67, 1.536, 0.551
0.91, 1.536, 0.636
1.898, 7.58, 2.938
0.522, 0.714, 0.335
1.913, 6.058, 1.904
1.297, 2.061, 0.882
1.386, 10.609, 2.286
0.73, 1.585, 0.544
0.594, 0.915, 0.439
1.16, 3.25, 1.158
0.787, 2.009, 0.77
1.154, 2.009, 0.869
4.412, 10.5, 4.93
0.324, 0.544, 0.232
1.046, 7.266, 1.437
0.893, 5.982, 1.163
0.579, 2.555, 0.725
0.356, 0.755, 0.294
0.477, 0.755, 0.351
1.58, 5.945, 2.018
1.867, 5.945, 2.82
0.731, 1.533, 0.608
0.598, 1.533, 0.573
0.861, 1.533, 0.655
0.929, 2.082, 0.965
0.754, 2.01, 0.838
0.62, 2.01, 0.868
0.971, 9.474, 1.37
0.344, 0.264, 0.122
1.101, 3.953, 1.339
1.593, 3.953, 2.18
0.834, 2.535, 0.793
0.37, 0.385, 0.219
0.896, 2.056, 0.94
0.571, 0.918, 0.388
0.365, 0.636, 0.218
0.352, 0.287, 0.144
0.624, 2.206, 0.725
0.738, 1.503, 0.718
0.658, 2.206, 0.868
0.892, 2.206, 1.016
1.09, 3.001, 1.129
0.913, 2.503, 1.075
1.097, 2.481, 1.064
1.497, 2.481, 1.117
0.784, 2.215, 0.766
0.737, 1.775, 0.697
0.755, 2.215, 0.834
1.025, 2.215, 0.93
0.904, 3.259, 1.228
0.309, 0.438, 0.202
1.074, 2.302, 1.103
0.542, 1.752, 0.762
3.826, 9.287, 5.008
0.903, 13.264, 2.127
0.506, 0.977, 0.492
0.448, 1.106, 0.452
0.303, 0.832, 0.253
0.385, 0.825, 0.335
0.363, 0.641, 0.308
0.211, 0.239, 0.097
0.183, 0.215, 0.108
0.331, 0.935, 0.338
0.176, 0.169, 0.08
1.482, 6.262, 1.914
1.439, 6.262, 2.12
0.613, 0.808, 0.367
1.656, 9.819, 2.362
0.634, 0.884, 0.467
0.955, 2.763, 1.117
1.57, 4.646, 1.812
0.845, 2.077, 0.985
1.353, 9.102, 2.663
2.73, 9.088, 4.373
0.628, 1.53, 0.611
0.363, 0.409, 0.204
1.737, 4.491, 1.723
1.828, 4.491, 2.016
4.948, 27.519, 6.145
1.845, 3.489, 1.706
0.523, 1.207, 0.385
0.495, 1.207, 0.533
6.347, 21.337, 7.197
4.758, 14.769, 6.959
5.755, 27.459, 7.732
5.761, 27.459, 8.249
5.519, 27.459, 7.82
4.241, 13.668, 5.602
8.976, 26.11, 12.451
9.524, 24.966, 14.302
7.019, 18.774, 7.674
9.002, 18.774, 8.998
2.706, 7.164, 2.341
1.245, 1.983, 0.868
3.529, 17.895, 5.341
1.652, 3.631, 1.748
6.418, 16.742, 7.293
8.542, 16.742, 8.375
4.784, 22.736, 6.25
4.502, 9.653, 4.427
5.568, 22.538, 7.762
9.568, 21.912, 9.742
2.417, 3.414, 2.414
5.228, 26.345, 6.187
6.154, 21.558, 6.323
5.329, 13.728, 5.011
4.824, 13.314, 6.091
9.614, 20.234, 9.422
5.707, 10.598, 7.494
4.657, 25.429, 5.282
4.774, 25.419, 5.365
8.984, 23.314, 11.081
4.639, 14.315, 4.938
3.564, 14.269, 4.285
4.988, 14.269, 6.525
7.727, 13.681, 6.996
3.77, 7.071, 5.0
4.565, 15.111, 5.153
4.49, 14.784, 4.975
5.174, 14.61, 6.825
7.452, 12.329, 6.708
1.066, 1.743, 1.232
5.202, 15.642, 5.414
5.298, 13.454, 4.761
5.305, 13.454, 5.977
6.884, 12.44, 6.211
1.055, 1.721, 1.217
2.422, 5.365, 2.333
2.329, 5.286, 2.204
2.0, 2.711, 1.525
2.888, 5.596, 3.957
4.95, 24.473, 6.26
4.983, 14.863, 4.95
5.034, 14.722, 6.95
7.839, 22.969, 11.23
2.494, 4.519, 3.195
6.396, 25.262, 7.827
6.5, 24.705, 7.784
4.644, 13.593, 6.443
10.395, 23.22, 10.908
2.127, 3.786, 2.677
5.962, 23.553, 6.842
5.685, 16.202, 5.981
4.819, 13.401, 6.433
10.457, 22.109, 10.324
2.135, 3.802, 2.689
5.637, 23.436, 6.515
4.531, 13.628, 4.328
4.707, 13.628, 6.505
10.336, 22.033, 10.387
2.53, 4.224, 2.987
4.616, 14.03, 5.138
4.472, 13.843, 5.147
4.825, 13.843, 6.419
7.007, 12.868, 6.709
2.679, 4.884, 3.453
7.043, 24.767, 8.155
7.234, 24.373, 7.998
5.571, 17.655, 8.434
10.418, 23.65, 11.24
2.429, 4.023, 2.845
5.836, 25.091, 7.812
5.21, 25.091, 7.295
2.241, 5.083, 2.145
10.474, 24.019, 11.478
2.205, 3.886, 2.748
5.181, 26.34, 5.934
6.288, 14.466, 6.23
7.309, 13.188, 5.892
4.025, 13.998, 4.421
2.047, 5.48, 1.973
2.932, 5.48, 2.424
4.666, 13.556, 5.176
5.637, 13.556, 6.207
9.517, 25.64, 14.654
5.247, 13.892, 6.084
3.727, 6.62, 4.681
1.47, 6.186, 1.884
1.606, 6.186, 2.032
1.488, 6.186, 2.056
1.883, 6.125, 2.576
1.432, 19.224, 3.435
0.381, 0.584, 0.292
0.554, 1.413, 0.569
0.781, 3.294, 0.926
1.103, 3.28, 1.25
0.917, 1.892, 0.893
0.428, 0.493, 0.202
0.375, 0.446, 0.224
2.089, 13.759, 4.504
0.402, 0.429, 0.216
1.243, 6.701, 1.824
1.359, 6.701, 1.994
0.505, 1.002, 0.346
0.604, 1.002, 0.451
2.561, 13.265, 4.545
0.788, 1.735, 0.796
1.442, 16.393, 2.292
0.26, 0.207, 0.093
1.57, 2.97, 1.125
3.122, 13.129, 4.312
2.278, 6.682, 3.084
1.92, 11.175, 3.159
2.706, 11.175, 4.846
1.353, 3.547, 1.431
1.83, 3.547, 1.786
3.762, 13.728, 5.263
1.233, 10.754, 1.77
1.699, 7.346, 2.824
2.32, 10.754, 2.714
1.701, 6.769, 2.338
1.385, 4.932, 2.07
2.492, 6.698, 3.78
2.644, 10.754, 2.987
2.868, 5.701, 2.809
2.077, 9.459, 2.513
1.685, 4.933, 1.724
1.96, 4.933, 2.239
2.56, 9.316, 3.365
4.529, 9.316, 3.952
0.332, 0.235, 0.121
2.188, 4.895, 2.497
1.056, 1.918, 1.356
1.384, 9.829, 1.914
1.358, 9.829, 1.893
1.203, 9.829, 1.737
1.397, 9.829, 1.925
1.644, 9.829, 2.189
1.989, 9.829, 2.663
2.271, 9.767, 4.266
1.714, 6.83, 2.24
2.307, 6.83, 2.666
0.717, 1.68, 0.678
0.794, 1.68, 0.699
0.521, 1.289, 0.477
0.563, 1.033, 0.441
0.501, 1.126, 0.446
0.558, 1.032, 0.438
2.623, 8.288, 2.916
2.407, 8.288, 3.492
2.965, 5.757, 4.071
0.865, 6.294, 1.08
0.826, 5.061, 0.943
0.656, 3.498, 0.662
0.705, 3.498, 0.734
0.753, 3.498, 0.882
0.941, 3.459, 1.491
0.502, 1.033, 0.452
0.593, 1.033, 0.457
0.481, 1.03, 0.419
0.552, 1.03, 0.435
0.475, 1.029, 0.411
0.55, 1.029, 0.434
0.938, 1.915, 0.775
0.545, 1.097, 0.473
0.889, 4.495, 1.007
0.788, 4.495, 0.914
0.926, 4.495, 1.132
1.415, 4.457, 1.898
0.477, 1.03, 0.424
0.578, 1.03, 0.446
0.466, 1.028, 0.402
0.547, 1.028, 0.432
0.859, 1.593, 0.668
0.539, 1.084, 0.468
3.232, 6.214, 4.394
0.637, 2.143, 0.542
0.632, 1.978, 0.514
0.597, 1.978, 0.506
0.623, 1.978, 0.529
0.625, 1.978, 0.576
0.663, 1.94, 0.852
0.467, 1.029, 0.415
0.571, 1.029, 0.441
0.46, 1.026, 0.396
0.545, 1.026, 0.431
0.458, 1.026, 0.394
0.544, 1.026, 0.43
0.828, 1.544, 0.63
0.534, 1.075, 0.465
1.12, 2.135, 1.51
5.344, 11.929, 6.15
1.565, 18.33, 2.715
0.307, 0.161, 0.087
1.576, 18.33, 2.764
2.597, 11.513, 3.633
1.497, 6.823, 2.432
2.778, 6.823, 3.636
1.507, 18.33, 2.702
1.504, 18.33, 2.714
1.122, 3.46, 1.373
1.75, 18.318, 3.554
1.769, 18.318, 3.617
2.636, 15.37, 5.705
5.78, 15.334, 8.464
1.672, 18.318, 3.316
4.51, 18.203, 7.829
0.857, 3.441, 1.054
1.329, 3.441, 1.527
1.389, 11.397, 2.421
3.788, 11.279, 4.726
0.738, 3.719, 0.986
0.482, 0.958, 0.317
0.452, 0.671, 0.298
1.128, 2.856, 1.295
0.307, 0.34, 0.139
1.399, 9.89, 2.217
2.026, 6.767, 2.781
1.244, 9.89, 2.041
2.079, 8.754, 2.872
3.497, 8.754, 4.727
1.127, 9.89, 1.947
1.319, 9.851, 2.671
1.893, 9.845, 3.959
1.303, 4.717, 2.016
1.08, 9.656, 1.731
1.103, 9.656, 1.766
2.368, 9.557, 3.338
4.294, 9.557, 4.915
0.782, 5.023, 1.083
1.022, 3.34, 1.129
0.662, 1.993, 0.964
0.674, 2.771, 0.731
0.747, 2.725, 0.859
0.254, 0.019, 0.013
0.371, 0.648, 0.272
0.172, 0.139, 0.057
2.596, 5.012, 3.544
1.927, 9.739, 3.05
1.907, 9.739, 3.349
0.798, 2.412, 0.935
1.569, 20.934, 3.682
0.265, 0.302, 0.155
1.133, 4.438, 1.508
1.85, 4.358, 1.977
1.101, 4.294, 1.341
1.542, 4.227, 1.918
1.311, 3.087, 1.413
0.692, 1.56, 0.705
1.565, 18.33, 2.715
0.307, 0.161, 0.087
1.576, 18.33, 2.764
2.597, 11.513, 3.633
1.497, 6.823, 2.432
2.778, 6.823, 3.636
1.507, 18.33, 2.702
1.504, 18.33, 2.714
1.122, 3.46, 1.373
1.75, 18.318, 3.554
1.769, 18.318, 3.617
2.636, 15.37, 5.705
5.78, 15.334, 8.464
1.672, 18.318, 3.316
4.51, 18.203, 7.829
0.857, 3.441, 1.054
1.329, 3.441, 1.527
1.389, 11.397, 2.421
3.788, 11.279, 4.726
0.738, 3.719, 0.986
0.482, 0.958, 0.317
0.452, 0.671, 0.298
1.128, 2.856, 1.295
0.307, 0.34, 0.139
1.399, 9.89, 2.217
2.026, 6.767, 2.781
1.244, 9.89, 2.041
2.079, 8.754, 2.872
3.497, 8.754, 4.727
1.127, 9.89, 1.947
1.319, 9.851, 2.671
1.893, 9.845, 3.959
1.303, 4.717, 2.016
1.08, 9.656, 1.731
1.103, 9.656, 1.766
2.368, 9.557, 3.338
4.294, 9.557, 4.915
0.782, 5.023, 1.083
1.022, 3.34, 1.129
0.662, 1.993, 0.964
0.674, 2.771, 0.731
0.747, 2.725, 0.859
0.254, 0.019, 0.013
0.371, 0.648, 0.272
0.172, 0.139, 0.057
2.596, 5.012, 3.544
1.927, 9.739, 3.05
1.907, 9.739, 3.349
0.798, 2.412, 0.935
0.743, 10.872, 1.654
0.502, 1.057, 0.544
0.39, 0.86, 0.357
0.319, 0.89, 0.267
0.397, 0.89, 0.353
0.367, 0.644, 0.31
0.22, 0.228, 0.092
0.194, 0.203, 0.102
0.342, 0.935, 0.345
0.178, 0.171, 0.081
0.327, 0.54, 0.235
1.305, 2.979, 1.186
1.526, 2.979, 1.348
1.111, 19.644, 2.686
0.265, 0.317, 0.16
0.749, 2.861, 0.871
0.83, 2.861, 0.952
0.927, 2.861, 1.158
0.24, 0.168, 0.073
0.996, 4.422, 1.38
1.6, 4.402, 2.066
0.563, 1.886, 0.629
0.854, 1.882, 0.819
0.774, 1.93, 0.753
1.148, 1.897, 0.889
1.42, 14.124, 3.366
0.747, 2.057, 1.02
0.571, 1.353, 0.467
0.892, 1.353, 0.564
4.268, 27.507, 6.388
0.435, 0.572, 0.301
6.361, 25.879, 8.308
6.278, 25.879, 9.962
11.123, 23.483, 13.307
7.738, 20.725, 9.723
5.755, 24.176, 7.248
4.7, 14.023, 5.309
7.312, 12.95, 5.894
5.688, 15.89, 7.283
3.129, 8.336, 3.263
3.252, 14.821, 4.616
0.849, 3.256, 1.169
0.65, 0.977, 0.496
0.853, 3.424, 0.991
0.592, 1.403, 0.555
0.667, 0.976, 0.502
5.263, 13.492, 5.91
2.922, 13.866, 4.657
0.747, 2.544, 0.918
0.648, 0.976, 0.495
1.481, 16.884, 3.224
0.399, 0.64, 0.321
0.514, 1.209, 0.483
0.781, 3.294, 0.926
1.103, 3.28, 1.25
0.917, 1.892, 0.893
0.428, 0.493, 0.202
0.375, 0.446, 0.224
2.215, 15.082, 4.95
0.377, 0.442, 0.209
1.473, 5.539, 1.477
1.561, 5.539, 1.589
0.888, 2.073, 0.76
1.363, 1.989, 0.837
0.976, 12.416, 2.224
0.511, 0.992, 0.501
0.151, 0.071, 0.031
0.343, 0.918, 0.304
0.396, 0.911, 0.357
0.361, 0.635, 0.305
0.21, 0.234, 0.096
0.183, 0.215, 0.108
0.337, 0.936, 0.337
0.191, 0.19, 0.095
1.362, 6.149, 1.967
1.368, 6.149, 2.185
0.64, 1.353, 0.621
2.094, 12.907, 3.932
0.311, 0.577, 0.291
1.281, 2.934, 1.646
1.212, 19.011, 2.451
0.853, 2.112, 1.141
0.479, 0.81, 0.445
0.922, 3.072, 1.068
0.926, 3.072, 1.228
1.158, 2.956, 1.088
0.78, 1.285, 0.586
1.321, 4.547, 1.352
1.972, 4.541, 1.95
0.998, 2.192, 0.898
0.803, 1.26, 0.634
0.978, 6.171, 1.35
2.102, 5.385, 2.453
0.522, 1.102, 0.355
0.406, 0.266, 0.131
0.577, 1.665, 0.547
0.365, 0.244, 0.113
0.589, 1.421, 0.519
0.36, 0.248, 0.12
1.054, 2.136, 0.805
1.215, 2.129, 0.87
0.689, 12.66, 1.66
0.514, 1.0, 0.505
0.436, 0.941, 0.377
0.305, 0.832, 0.254
0.385, 0.825, 0.336
0.364, 0.646, 0.31
0.212, 0.242, 0.098
0.183, 0.215, 0.108
0.324, 0.962, 0.353
0.165, 0.178, 0.085
0.478, 0.983, 0.36
0.447, 0.983, 0.44
0.324, 0.543, 0.206
1.044, 3.135, 1.162
0.727, 3.135, 0.971
0.287, 0.514, 0.174
1.496, 22.201, 2.348
0.987, 9.76, 1.754
0.645, 1.507, 0.489
0.667, 1.485, 0.603
0.641, 0.891, 0.387
0.404, 0.033, 0.023
1.409, 9.76, 2.892
0.237, 0.25, 0.177
1.597, 3.102, 1.636
3.002, 0.485, 0.343
1.397, 5.282, 1.722
0.615, 1.503, 0.541
0.75, 1.503, 0.658
0.683, 1.822, 0.602
0.387, 0.447, 0.207
2.604, 22.181, 3.572
1.582, 6.552, 2.579
1.651, 10.418, 2.33
1.654, 10.418, 2.363
1.464, 10.399, 2.539
1.959, 10.383, 4.187
1.308, 4.348, 1.527
1.984, 4.219, 1.987
1.795, 9.567, 2.358
2.036, 8.074, 2.395
2.37, 8.074, 3.345
1.787, 9.567, 2.459
1.942, 7.487, 2.407
2.268, 7.452, 3.065
1.413, 5.755, 2.488
1.794, 9.567, 2.849
2.463, 9.543, 3.614
0.449, 0.734, 0.519
3.111, 22.181, 4.011
3.511, 15.747, 4.399
3.999, 15.747, 6.001
2.336, 8.249, 3.135
3.052, 22.181, 3.998
2.276, 12.099, 3.289
0.998, 3.738, 1.151
1.478, 3.738, 1.387
2.724, 8.814, 3.079
2.282, 6.532, 2.887
4.602, 22.099, 5.591
3.146, 9.051, 3.024
1.935, 6.525, 2.397
3.213, 20.454, 4.127
2.734, 15.559, 3.301
2.168, 5.266, 2.028
2.767, 5.266, 2.268
0.696, 2.015, 0.87
3.173, 15.559, 4.169
2.213, 8.638, 2.704
1.848, 6.457, 2.215
1.707, 6.354, 2.716
4.024, 20.39, 5.204
4.101, 20.39, 5.438
3.506, 14.816, 4.07
3.819, 14.748, 4.39
4.91, 14.421, 4.929
5.558, 14.124, 6.238
2.178, 3.953, 1.787
0.741, 1.261, 0.504
2.402, 6.036, 2.296
1.976, 6.036, 2.813
2.49, 6.044, 2.359
2.138, 5.921, 2.641
1.071, 1.497, 0.791
1.166, 13.008, 1.764
1.498, 10.58, 2.172
1.54, 10.58, 2.204
1.198, 6.461, 1.415
1.188, 6.461, 1.356
0.69, 1.255, 0.593
1.277, 6.455, 1.812
1.395, 6.455, 1.997
0.753, 1.604, 0.588
1.226, 5.261, 1.296
1.212, 3.038, 1.291
1.174, 5.261, 1.548
1.327, 5.261, 1.686
0.929, 2.521, 0.991
1.275, 4.231, 1.235
1.233, 4.231, 1.351
0.813, 1.29, 0.595
2.555, 4.934, 3.489
1.557, 10.564, 2.5
1.305, 7.351, 1.847
0.451, 1.163, 0.378
0.497, 1.145, 0.443
1.58, 4.143, 1.527
0.858, 2.722, 1.298
2.385, 4.056, 1.751
0.654, 1.14, 0.806
1.155, 8.379, 2.201
0.97, 8.287, 1.794
0.744, 2.316, 0.8
0.552, 1.421, 0.553
0.527, 1.009, 0.437
0.32, 0.889, 0.421
0.684, 0.919, 0.415
0.281, 0.46, 0.325
1.86, 9.301, 2.776
1.33, 5.95, 1.897
0.431, 0.958, 0.365
2.025, 3.915, 2.768
2.595, 9.521, 2.773
2.577, 9.521, 2.679
2.112, 6.896, 2.236
2.544, 6.896, 2.476
3.229, 6.896, 3.002
3.4, 6.259, 3.147
3.769, 8.549, 3.666
0.779, 1.378, 0.974
0.743, 8.167, 1.274
0.525, 1.671, 0.448
0.376, 1.104, 0.422
0.48, 1.389, 0.426
0.499, 1.389, 0.464
0.489, 1.389, 0.544
0.525, 1.671, 0.444
0.555, 1.397, 0.575
0.495, 1.671, 0.49
0.536, 1.671, 0.533
0.558, 1.671, 0.664
0.503, 1.027, 0.356
0.447, 1.027, 0.343
0.374, 0.605, 0.275
0.717, 1.327, 0.939
1.007, 5.421, 1.245
0.894, 5.102, 1.003
0.465, 1.221, 0.459
0.829, 3.161, 0.961
0.89, 3.161, 1.044
0.969, 3.161, 1.202
0.977, 5.102, 1.115
1.443, 5.021, 1.986
0.812, 2.608, 0.854
0.893, 2.608, 0.916
0.972, 2.608, 1.001
0.918, 2.762, 0.884
0.919, 2.762, 0.988
0.86, 2.729, 1.136
0.65, 1.193, 0.844
1.188, 6.132, 1.365
1.156, 6.132, 1.304
0.463, 1.221, 0.458
1.279, 6.132, 1.559
1.178, 3.117, 1.131
0.599, 1.535, 0.579
1.884, 6.066, 2.486
1.196, 5.198, 1.29
1.435, 5.095, 2.026
1.29, 4.806, 1.392
1.479, 4.806, 1.563
0.6, 1.244, 0.471
1.268, 3.051, 1.238
1.075, 3.406, 0.97
1.252, 3.317, 1.14
0.495, 0.665, 0.291
0.914, 1.834, 0.771
0.618, 1.129, 0.799
0.702, 5.644, 1.13
0.484, 1.586, 0.493
0.325, 1.101, 0.342
0.381, 1.101, 0.448
0.576, 1.586, 0.536
0.306, 0.847, 0.398
0.678, 0.919, 0.414
0.273, 0.444, 0.314
0.729, 5.65, 1.198
0.458, 1.354, 0.431
0.387, 1.205, 0.402
0.408, 1.205, 0.486
0.466, 0.96, 0.385
0.3, 0.823, 0.387
0.675, 0.919, 0.413
0.269, 0.436, 0.308
1.448, 9.613, 2.073
0.685, 1.165, 0.51
1.639, 9.613, 2.462
2.528, 9.613, 3.536
1.774, 7.137, 3.05
0.989, 2.313, 0.911
0.859, 2.313, 1.076
1.19, 2.239, 0.974
1.231, 3.452, 1.444
0.939, 1.731, 1.224
1.065, 10.121, 1.658
1.016, 10.121, 1.615
0.298, 0.37, 0.204
1.144, 2.172, 0.868
1.041, 1.727, 0.838
1.017, 10.121, 1.671
1.004, 10.121, 1.671
2.22, 5.483, 2.939
0.69, 2.806, 0.825
0.366, 0.425, 0.181
0.573, 0.999, 0.706
1.18, 10.113, 2.079
1.164, 10.094, 2.073
0.383, 0.909, 0.282
0.327, 0.42, 0.144
0.529, 0.909, 0.643
1.281, 10.08, 2.263
1.578, 10.062, 2.661
1.589, 10.047, 3.246
2.374, 9.968, 4.363
0.773, 1.08, 0.475
0.322, 0.536, 0.379
0.952, 8.074, 1.682
0.857, 6.514, 1.386
0.442, 1.208, 0.405
0.304, 0.424, 0.154
0.594, 1.053, 0.744
1.073, 6.287, 1.88
0.369, 0.652, 0.254
0.286, 0.471, 0.333
0.747, 2.868, 0.776
0.819, 2.868, 0.883
0.608, 2.374, 0.742
0.808, 2.348, 0.958
0.758, 1.066, 0.469
0.314, 0.519, 0.367
0.836, 4.545, 0.941
0.92, 4.545, 1.046
0.708, 1.852, 0.604
0.826, 1.852, 0.651
0.982, 1.852, 0.796
0.929, 1.673, 0.84
0.749, 1.056, 0.465
2.36, 4.565, 3.228
0.816, 5.198, 1.345
0.311, 0.446, 0.193
0.274, 0.44, 0.311
1.026, 4.021, 1.341
0.795, 2.435, 0.987
0.273, 0.438, 0.31
1.98, 12.968, 3.083
2.117, 12.968, 3.213
1.889, 12.968, 3.312
1.985, 12.968, 3.622
2.563, 12.968, 4.371
0.891, 2.793, 1.328
1.214, 15.237, 2.646
0.367, 0.311, 0.158
0.667, 2.397, 0.787
0.869, 2.397, 1.128
0.605, 3.502, 0.859
0.695, 3.502, 0.983
1.13, 3.416, 1.617
0.793, 1.948, 0.907
0.27, 0.557, 0.294
0.255, 0.636, 0.205
0.286, 0.636, 0.267
1.075, 3.789, 1.169
0.63, 1.468, 0.598
2.508, 15.15, 5.18
4.206, 15.111, 7.352
1.414, 5.557, 1.835
2.003, 5.509, 2.486
0.835, 2.472, 0.791
0.47, 0.907, 0.37
2.289, 15.207, 5.255
4.15, 15.177, 7.42
1.34, 6.628, 2.218
2.169, 6.59, 3.081
0.784, 2.28, 0.689
0.622, 1.316, 0.518
2.275, 7.962, 3.854
1.426, 9.893, 2.093
0.991, 2.981, 1.406
1.455, 9.893, 2.157
2.082, 7.284, 2.572
2.392, 7.267, 2.995
3.829, 7.267, 3.439
1.651, 7.007, 2.419
2.736, 7.007, 2.893
1.518, 9.548, 2.407
2.444, 9.468, 4.067
0.811, 1.45, 0.624
1.736, 4.218, 1.847
1.21, 9.893, 1.931
1.532, 9.848, 2.859
1.88, 9.795, 3.116
2.895, 9.792, 4.015
1.452, 9.848, 3.207
2.439, 9.844, 4.22
0.762, 3.965, 0.998
1.183, 3.902, 1.539
0.536, 1.2, 0.439
0.582, 1.2, 0.525
1.166, 2.996, 1.031
0.893, 2.217, 0.983
1.345, 2.99, 1.157
1.386, 2.26, 1.043
0.581, 1.557, 0.564
0.334, 0.216, 0.105
1.762, 10.768, 2.522
0.949, 3.794, 1.672
1.028, 4.621, 1.386
1.622, 4.621, 2.132
1.69, 7.131, 2.195
1.263, 3.24, 1.44
1.778, 10.482, 2.59
2.127, 9.796, 3.317
3.316, 9.788, 3.94
1.752, 10.482, 2.415
1.792, 10.482, 2.504
1.765, 10.482, 2.558
1.813, 10.482, 2.726
1.244, 6.101, 1.718
1.6, 6.101, 2.031
2.273, 6.101, 2.814
3.243, 10.482, 4.442
0.38, 0.525, 0.262
1.207, 19.651, 3.181
0.284, 0.344, 0.175
0.424, 1.106, 0.376
0.341, 0.591, 0.297
0.695, 1.647, 0.613
0.866, 2.496, 0.893
0.464, 0.676, 0.375
1.28, 3.036, 1.436
0.99, 2.505, 0.943
1.375, 11.412, 2.309
0.534, 1.553, 0.659
0.554, 1.046, 0.309
0.476, 0.66, 0.248
0.436, 0.578, 0.241
1.424, 10.481, 2.271
1.21, 7.524, 2.323
0.371, 0.65, 0.27
1.577, 10.481, 2.351
1.644, 10.481, 2.428
1.734, 10.481, 2.509
1.776, 10.481, 2.661
1.185, 5.252, 1.493
1.499, 5.252, 1.757
2.071, 5.252, 2.412
3.244, 10.481, 4.442
0.381, 0.524, 0.262
1.218, 12.031, 2.287
0.338, 0.454, 0.23
0.388, 0.809, 0.325
0.781, 3.294, 0.926
1.103, 3.28, 1.25
0.917, 1.892, 0.893
0.428, 0.493, 0.202
0.375, 0.446, 0.224
1.874, 11.901, 3.9
0.378, 0.379, 0.173
0.753, 1.487, 0.666
1.0, 3.245, 0.93
1.118, 3.245, 0.98
0.641, 1.301, 0.482
0.766, 1.301, 0.596
1.284, 11.146, 1.91
0.38, 0.446, 0.212
0.75, 1.556, 0.728
0.968, 3.872, 1.38
0.469, 1.008, 0.458
1.358, 11.146, 1.976
1.533, 6.902, 2.237
1.831, 6.902, 2.928
1.369, 6.141, 2.403
1.331, 11.146, 1.951
3.782, 7.571, 2.598
1.962, 5.03, 1.853
1.264, 11.102, 2.178
0.628, 0.725, 0.392
3.977, 11.091, 6.262
1.328, 7.827, 1.949
0.6, 1.015, 0.417
1.937, 7.827, 2.561
0.678, 1.337, 0.74
0.79, 2.261, 0.759
0.84, 1.831, 0.804
0.908, 2.261, 0.905
0.886, 2.837, 0.818
0.845, 2.793, 0.927
0.898, 2.793, 1.075
1.481, 6.068, 1.979
0.836, 1.226, 0.628
1.155, 10.761, 1.841
1.783, 10.732, 2.937
2.207, 6.017, 2.595
3.175, 5.913, 2.616
2.118, 10.698, 4.268
0.944, 5.459, 1.189
1.064, 3.289, 1.036
1.342, 3.248, 1.81
0.951, 5.459, 1.248
0.561, 1.211, 0.525
1.027, 5.459, 1.486
1.104, 5.459, 1.544
1.746, 3.836, 1.421
2.13, 3.836, 1.524
0.309, 1.264, 0.419
0.16, 0.14, 0.063
0.989, 4.215, 1.107
1.052, 4.215, 1.185
1.258, 4.215, 1.403
1.38, 4.215, 1.67
1.581, 7.59, 2.27
1.491, 7.59, 2.415
0.729, 2.857, 1.12
1.2, 2.747, 1.569
1.739, 7.787, 2.619
0.785, 2.475, 1.09
0.356, 1.486, 0.487
0.152, 0.167, 0.064
1.874, 26.667, 2.983
0.336, 0.802, 0.386
1.016, 2.587, 1.207
0.151, 0.173, 0.078
1.124, 3.436, 1.643
1.054, 2.491, 1.122
0.756, 1.802, 0.539
0.645, 1.287, 0.462
0.557, 0.701, 0.323
2.279, 9.94, 2.653
2.002, 6.301, 2.227
2.661, 6.301, 2.693
1.772, 7.263, 2.153
1.832, 7.263, 2.391
2.993, 7.263, 3.087
1.797, 8.037, 2.599
1.644, 7.16, 2.54
1.074, 5.532, 2.05
0.325, 0.327, 0.18
2.148, 7.939, 3.386
0.602, 0.913, 0.397
0.884, 2.107, 0.655
0.485, 0.359, 0.152
1.988, 10.703, 3.291
0.662, 0.973, 0.447
0.405, 0.71, 0.265
0.633, 0.825, 0.339
2.223, 26.667, 3.418
1.778, 11.676, 3.264
2.205, 11.676, 3.913
0.778, 1.623, 0.69
2.261, 26.667, 3.445
2.34, 6.23, 2.219
3.128, 6.212, 2.719
0.952, 1.669, 1.18
1.519, 8.238, 2.648
0.828, 1.645, 0.78
1.311, 5.129, 1.641
1.82, 5.129, 2.391
1.419, 7.965, 1.738
1.343, 3.164, 1.292
1.537, 7.965, 1.933
2.097, 7.965, 2.507
1.798, 4.822, 2.182
1.104, 3.119, 1.038
1.333, 3.119, 1.359
2.531, 26.667, 3.824
1.699, 9.408, 2.086
1.737, 9.408, 2.115
1.761, 9.408, 2.148
0.963, 1.572, 0.527
1.877, 9.408, 2.239
1.161, 1.92, 0.921
1.251, 1.939, 0.789
1.89, 9.408, 2.322
1.602, 8.131, 2.48
2.23, 8.131, 2.87
2.014, 4.007, 2.082
2.026, 9.376, 2.347
3.714, 9.189, 3.343
1.622, 6.483, 1.782
1.794, 5.691, 2.167
1.392, 4.439, 1.461
1.573, 4.439, 1.587
1.911, 4.439, 1.906
2.036, 6.483, 2.249
2.067, 6.483, 2.749
2.516, 7.738, 3.383
3.436, 7.809, 3.382
0.802, 1.396, 0.987
3.588, 26.608, 5.228
3.515, 26.608, 5.141
3.616, 26.555, 5.265
0.54, 0.578, 0.211
0.763, 3.286, 1.12
0.947, 3.263, 1.262
4.715, 26.486, 5.848
2.85, 7.729, 3.013
5.069, 26.486, 6.354
5.26, 26.486, 6.52
6.151, 26.486, 7.685
9.112, 25.898, 11.002
10.751, 24.969, 13.871
3.634, 9.564, 4.004
2.383, 7.062, 3.313
4.332, 13.161, 4.512
5.022, 13.161, 4.841
5.581, 13.161, 5.656
3.243, 6.251, 4.42
1.995, 5.433, 2.659
2.781, 5.423, 3.041
2.701, 5.12, 3.62
1.632, 2.734, 1.161
0.826, 3.505, 1.103
0.52, 0.61, 0.292
0.642, 2.004, 0.677
0.733, 2.004, 0.772
1.184, 16.115, 2.13
0.152, 0.087, 0.039
0.265, 0.557, 0.272
1.04, 2.585, 1.209
0.447, 0.855, 0.312
1.228, 16.115, 2.233
0.41, 0.355, 0.251
1.25, 16.115, 2.26
1.654, 3.4, 1.198
0.872, 1.674, 0.838
1.222, 16.115, 2.319
1.111, 6.321, 1.504
0.901, 4.87, 1.03
0.608, 0.885, 0.386
0.978, 4.87, 1.226
1.011, 4.87, 1.385
1.271, 4.711, 1.627
0.388, 0.184, 0.086
1.153, 2.598, 1.115
1.068, 1.806, 0.767
1.244, 1.806, 0.969
3.236, 6.321, 4.47
1.242, 15.419, 2.57
0.899, 9.375, 1.512
0.468, 1.028, 0.399
0.401, 1.176, 0.382
0.398, 1.176, 0.388
0.47, 1.111, 0.432
0.208, 0.055, 0.025
0.5, 0.969, 0.424
1.37, 9.354, 2.099
0.685, 1.907, 0.751
2.239, 9.22, 3.05
2.665, 9.21, 3.454
0.591, 0.919, 0.392
0.677, 0.919, 0.509
2.957, 5.754, 4.069
1.188, 16.115, 2.659
0.725, 4.139, 0.889
0.284, 0.428, 0.163
0.399, 1.152, 0.368
0.392, 1.152, 0.383
0.464, 1.091, 0.427
0.207, 0.048, 0.023
0.502, 0.908, 0.386
1.693, 4.066, 1.278
1.991, 4.066, 1.693
1.569, 2.701, 1.351
2.873, 5.625, 3.977
1.33, 18.749, 2.832
0.491, 0.915, 0.468
0.556, 1.298, 0.512
0.79, 3.289, 0.929
1.108, 3.275, 1.255
0.928, 1.934, 0.913
0.437, 0.536, 0.214
0.375, 0.446, 0.224
1.979, 13.084, 4.296
0.344, 0.413, 0.194
2.023, 7.675, 2.706
2.348, 7.661, 3.682
0.764, 1.466, 0.556
0.867, 2.45, 0.837
0.639, 2.45, 0.695
0.388, 0.673, 0.222
1.124, 3.066, 1.13
1.332, 3.066, 1.367
1.0, 10.523, 2.119
0.511, 0.992, 0.501
0.485, 1.291, 0.532
0.302, 0.832, 0.252
0.384, 0.825, 0.334
0.361, 0.635, 0.305
0.21, 0.234, 0.096
0.183, 0.215, 0.108
0.337, 0.936, 0.337
0.191, 0.19, 0.095
1.458, 6.114, 1.965
1.491, 6.114, 2.181
0.865, 2.026, 0.93
1.18, 11.415, 2.252
0.277, 0.149, 0.062
0.815, 2.261, 0.713
0.594, 0.844, 0.362
1.004, 2.229, 0.81
0.785, 1.23, 0.523
4.575, 26.802, 5.857
1.362, 2.912, 1.22
5.089, 26.802, 6.612
8.439, 25.433, 9.496
10.998, 25.433, 13.872
2.726, 5.779, 2.158
2.192, 4.429, 2.014
2.351, 4.31, 2.156
7.092, 14.584, 6.551
5.539, 12.844, 4.955
4.68, 12.485, 4.912
1.778, 5.958, 2.524
1.664, 11.839, 2.582
0.41, 0.689, 0.345
0.773, 1.791, 0.715
0.791, 3.295, 0.924
1.103, 3.28, 1.25
0.917, 1.891, 0.893
0.445, 0.494, 0.209
0.389, 0.49, 0.246
1.78, 11.839, 2.781
1.632, 10.382, 3.205
2.112, 10.344, 4.13
1.764, 9.946, 3.437
3.255, 9.927, 4.649
1.768, 11.839, 2.718
1.948, 10.665, 3.046
0.691, 1.779, 0.71
1.755, 11.839, 2.718
2.518, 8.076, 3.825
1.059, 7.149, 1.696
0.637, 1.862, 0.626
0.907, 1.86, 0.876
0.4, 0.694, 0.288
0.493, 0.694, 0.364
3.673, 7.149, 5.055
1.528, 11.238, 3.062
0.528, 2.465, 0.678
0.795, 2.369, 1.019
0.37, 0.556, 0.24
0.444, 0.556, 0.285
0.627, 1.155, 0.817
3.16, 11.343, 4.343
2.089, 3.904, 1.955
1.688, 11.791, 2.932
1.356, 11.791, 2.636
1.377, 11.791, 2.794
0.467, 0.57, 0.247
0.696, 1.325, 0.709
2.209, 11.791, 4.007
1.031, 2.407, 1.155
6.0, 11.777, 8.328
2.045, 10.058, 2.386
2.036, 10.058, 2.416
1.991, 10.058, 2.425
1.979, 10.058, 2.556
1.562, 6.522, 1.913
1.97, 6.522, 2.218
3.15, 6.522, 2.718
4.017, 10.058, 4.295
1.317, 5.67, 1.577
1.198, 5.67, 1.384
1.119, 5.67, 1.39
1.044, 5.67, 1.583
1.221, 5.67, 1.881
2.034, 5.67, 2.538
1.302, 3.561, 1.395
2.185, 3.56, 1.863
1.533, 13.896, 2.586
0.275, 0.468, 0.234
0.397, 0.66, 0.253
1.811, 3.186, 1.308
0.872, 3.284, 1.118
0.952, 3.269, 1.306
0.243, 0.124, 0.054
0.46, 0.575, 0.23
0.386, 0.481, 0.242
1.601, 9.999, 2.518
2.674, 9.971, 4.23
1.017, 2.365, 0.924
1.09, 2.365, 1.068
0.943, 1.984, 0.952
2.201, 13.707, 4.23
0.478, 0.492, 0.205
1.433, 6.833, 2.086
0.839, 1.666, 0.755
1.429, 5.365, 1.685
1.557, 5.365, 1.884
1.413, 2.908, 1.356
1.188, 9.463, 1.647
0.712, 1.086, 0.56
2.165, 5.771, 2.704
1.989, 7.586, 2.465
1.375, 2.744, 1.382
2.211, 5.474, 2.123
0.963, 1.841, 0.73
0.814, 1.38, 0.694
0.753, 3.189, 0.775
0.591, 2.164, 0.531
0.611, 2.164, 0.597
0.985, 2.056, 0.919
0.441, 0.711, 0.332
0.668, 1.496, 0.549
0.497, 0.628, 0.285
0.703, 2.195, 0.733
0.788, 2.165, 0.877
0.541, 1.178, 0.43
0.356, 0.302, 0.157
0.898, 13.279, 2.137
0.511, 0.992, 0.501
0.448, 1.106, 0.452
0.303, 0.832, 0.253
0.385, 0.825, 0.335
0.363, 0.641, 0.308
0.211, 0.239, 0.097
0.183, 0.215, 0.108
0.327, 0.936, 0.342
0.18, 0.195, 0.091
1.456, 6.266, 1.959
1.441, 6.266, 2.118
0.617, 0.792, 0.359
2.483, 12.978, 4.192
1.014, 3.072, 1.498
1.353, 11.579, 2.103
0.266, 0.053, 0.023
0.852, 2.398, 0.804
0.596, 0.833, 0.421
0.975, 2.473, 0.728
0.881, 1.301, 0.499
1.343, 8.241, 2.103
0.982, 3.019, 1.139
1.258, 3.019, 1.399
1.609, 8.225, 2.561
1.761, 8.199, 2.708
3.594, 8.17, 4.09
0.685, 1.646, 0.564
0.775, 1.646, 0.664
4.929, 11.467, 5.981
1.51, 12.933, 2.119
0.38, 0.776, 0.399
1.065, 3.188, 1.364
1.026, 2.337, 0.947
1.447, 12.901, 2.056
2.005, 7.056, 2.965
1.408, 12.901, 2.078
1.096, 2.024, 0.756
1.028, 1.578, 0.694
1.054, 2.161, 0.833
0.868, 2.148, 0.824
1.048, 2.613, 0.878
1.07, 2.613, 0.967
1.029, 1.434, 0.816
2.19, 12.89, 3.435
2.011, 12.89, 3.754
0.377, 0.499, 0.206
0.807, 1.544, 0.635
1.602, 4.967, 1.675
1.419, 4.967, 1.917
1.689, 4.967, 2.353
3.617, 6.805, 3.403
1.69, 16.384, 2.569
0.29, 0.364, 0.165
0.872, 1.32, 0.647
1.845, 11.575, 3.721
3.421, 11.575, 5.549
2.037, 10.017, 3.055
2.957, 9.995, 3.565
3.277, 9.371, 3.812
3.392, 9.901, 4.558
0.536, 0.935, 0.371
0.641, 0.935, 0.478
2.28, 8.095, 3.028
2.114, 7.646, 3.167
1.56, 12.558, 2.172
2.703, 12.404, 4.495
0.448, 0.614, 0.29
1.274, 6.799, 1.626
1.263, 6.799, 1.695
0.992, 6.799, 1.793
0.635, 2.935, 1.168
1.738, 6.799, 2.884
1.456, 5.662, 1.719
1.567, 5.662, 1.95
1.237, 3.813, 1.575
1.294, 5.564, 1.587
2.31, 5.535, 2.119
0.589, 1.053, 0.393
0.66, 1.053, 0.528
1.265, 1.845, 0.978
1.557, 8.859, 2.027
4.352, 8.721, 3.969
1.361, 7.838, 1.769
1.419, 7.838, 1.822
0.47, 1.971, 0.581
0.371, 1.417, 0.555
0.717, 1.971, 0.801
1.752, 7.838, 2.003
0.762, 2.932, 0.924
0.472, 1.17, 0.484
2.033, 7.802, 2.161
2.421, 7.756, 2.24
2.303, 7.756, 2.311
2.488, 7.756, 2.595
2.187, 7.756, 3.24
2.728, 6.247, 3.044
1.706, 5.259, 2.248
3.132, 6.394, 2.362
0.465, 0.72, 0.315
0.555, 0.72, 0.402
0.575, 0.897, 0.453
1.493, 2.99, 1.519
