0.914, 10.984, 1.861
0.359, 1.066, 0.339
0.329, 0.973, 0.319
0.173, 0.356, 0.144
0.345, 0.741, 0.322
0.538, 2.003, 0.595
0.586, 2.001, 0.722
0.935, 1.977, 0.933
0.98, 2.31, 0.94
0.735, 1.803, 0.799
1.385, 14.965, 2.573
0.58, 1.352, 0.502
0.929, 1.078, 0.45
0.704, 1.181, 0.498
0.764, 2.714, 0.813
0.605, 0.889, 0.358
1.618, 14.902, 3.462
0.787, 2.439, 1.046
2.222, 14.862, 4.345
2.612, 14.862, 4.759
1.057, 2.942, 1.231
2.699, 10.681, 4.138
1.409, 10.79, 3.036
0.441, 0.441, 0.175
1.918, 9.826, 3.925
0.492, 0.962, 0.372
1.098, 6.792, 1.897
0.446, 0.51, 0.205
1.751, 8.265, 2.687
2.208, 8.252, 2.996
2.953, 8.242, 3.835
1.091, 17.389, 2.69
0.395, 0.585, 0.267
0.473, 0.871, 0.407
2.225, 7.798, 3.254
0.353, 0.386, 0.203
0.483, 1.346, 0.403
0.619, 1.344, 0.541
0.666, 1.805, 0.576
0.402, 0.845, 0.27
0.284, 0.289, 0.145
1.485, 10.765, 3.143
0.377, 0.755, 0.282
2.869, 12.168, 5.297
0.423, 1.736, 0.377
0.415, 1.736, 0.413
0.307, 0.583, 0.176
0.33, 0.51, 0.223
1.342, 17.374, 3.663
0.387, 1.766, 0.453
0.421, 1.682, 0.538
0.247, 0.121, 0.047
0.176, 0.179, 0.126
1.605, 17.37, 4.614
0.474, 2.679, 0.861
0.16, 0.125, 0.053
0.176, 0.178, 0.126
1.603, 17.374, 4.616
0.472, 2.679, 0.862
0.156, 0.125, 0.051
0.176, 0.178, 0.126
2.741, 10.004, 4.143
4.002, 9.963, 4.717
0.592, 1.559, 0.574
0.536, 0.646, 0.334
1.691, 13.164, 2.752
1.186, 5.041, 1.568
0.324, 0.271, 0.11
1.341, 8.78, 2.564
0.508, 1.324, 0.542
1.359, 9.495, 2.664
0.697, 2.019, 0.801
1.572, 13.164, 2.622
1.409, 13.164, 2.356
1.078, 4.829, 1.19
1.064, 4.814, 1.162
1.211, 4.713, 1.319
0.843, 1.389, 0.692
1.664, 4.713, 1.738
0.687, 1.988, 0.571
0.578, 1.072, 0.498
0.814, 1.958, 0.723
5.966, 11.223, 5.984
1.546, 10.602, 2.376
0.424, 0.715, 0.289
1.343, 10.579, 2.351
1.151, 9.051, 1.866
0.825, 1.379, 0.727
1.222, 3.288, 1.37
2.0, 3.249, 1.363
0.605, 1.958, 0.713
0.935, 1.958, 0.821
2.245, 9.008, 3.575
2.186, 8.702, 2.689
1.02, 1.866, 1.052
1.321, 9.862, 2.135
2.726, 8.264, 3.892
1.087, 9.862, 1.828
1.01, 9.862, 1.789
0.773, 3.504, 1.003
0.904, 3.504, 1.135
1.011, 3.504, 1.395
1.122, 9.86, 2.301
1.276, 9.813, 2.503
0.495, 1.514, 0.469
0.288, 0.265, 0.138
0.498, 0.971, 0.546
2.708, 6.037, 3.166
1.565, 6.864, 2.435
0.958, 6.736, 1.966
1.636, 6.736, 2.92
2.22, 6.811, 2.82
2.735, 6.811, 3.139
2.962, 27.541, 4.005
2.131, 6.014, 2.673
3.5, 9.196, 4.225
3.154, 9.892, 3.951
1.193, 3.004, 1.021
0.88, 1.776, 0.755
1.733, 10.453, 2.624
1.63, 10.453, 2.63
0.761, 2.9, 0.961
1.111, 2.9, 1.315
3.63, 10.451, 4.839
0.628, 0.803, 0.359
5.108, 27.519, 7.53
3.819, 11.633, 4.624
4.115, 11.194, 6.294
3.864, 19.229, 4.376
2.569, 11.377, 3.485
3.009, 11.377, 4.851
3.015, 5.181, 2.418
4.072, 19.225, 4.515
4.151, 19.225, 4.543
5.138, 19.197, 6.287
2.852, 10.438, 4.384
9.078, 18.747, 8.214
4.024, 16.749, 4.192
6.21, 16.508, 6.564
3.88, 14.991, 3.923
4.395, 12.953, 4.413
4.946, 12.953, 5.804
5.373, 11.468, 4.753
4.325, 14.991, 4.768
4.576, 14.991, 4.952
5.29, 14.991, 5.388
5.548, 14.465, 6.192
6.435, 14.465, 7.766
3.0, 9.75, 2.745
3.397, 9.75, 3.051
2.37, 5.512, 2.339
5.307, 9.57, 3.971
2.552, 7.21, 2.641
2.505, 7.21, 2.911
1.918, 9.749, 2.632
2.063, 9.749, 3.101
2.761, 9.749, 4.04
1.77, 8.719, 2.475
1.906, 8.719, 2.709
1.9, 8.719, 2.938
2.11, 8.719, 3.765
1.726, 10.83, 2.362
1.321, 5.898, 1.927
1.98, 5.898, 2.458
1.866, 10.819, 2.57
1.983, 10.819, 2.658
2.087, 10.819, 2.768
2.276, 10.819, 2.96
1.698, 7.115, 2.269
2.086, 7.115, 2.952
3.32, 10.819, 4.481
1.266, 16.741, 2.969
0.28, 0.561, 0.292
0.312, 0.317, 0.148
0.645, 1.174, 0.543
0.533, 0.63, 0.299
0.332, 0.717, 0.225
0.273, 0.393, 0.161
0.663, 1.602, 0.526
0.418, 0.69, 0.301
0.48, 1.327, 0.466
0.989, 3.02, 0.946
0.596, 0.889, 0.352
1.689, 13.53, 3.452
0.784, 2.46, 1.049
1.963, 13.517, 3.816
2.088, 13.517, 3.944
2.156, 13.517, 4.1
2.001, 13.507, 3.864
2.487, 13.507, 4.337
1.913, 10.218, 3.282
2.655, 10.192, 4.351
3.649, 12.955, 6.343
1.721, 9.87, 2.4
0.432, 0.722, 0.363
2.367, 8.316, 3.148
1.571, 9.865, 2.338
1.4, 7.119, 2.282
0.498, 0.895, 0.464
1.559, 9.865, 2.39
0.587, 1.482, 0.452
0.545, 0.409, 0.211
1.86, 9.865, 2.718
1.853, 4.761, 2.187
1.966, 9.865, 2.932
1.981, 9.865, 3.034
3.248, 7.403, 3.868
2.043, 8.888, 3.274
3.323, 8.874, 4.036
2.164, 9.859, 3.575
3.615, 9.736, 4.358
1.138, 5.276, 1.452
0.278, 0.478, 0.239
1.069, 3.261, 1.541
1.121, 2.404, 1.041
1.006, 1.919, 0.919
1.096, 11.54, 1.785
1.215, 3.461, 1.483
0.656, 1.897, 0.657
0.405, 0.774, 0.365
0.649, 1.57, 0.549
0.688, 1.57, 0.596
1.241, 11.527, 2.269
0.626, 1.512, 0.619
0.998, 7.213, 1.742
1.044, 7.213, 1.828
1.178, 7.213, 1.97
1.298, 7.213, 2.162
0.476, 1.075, 0.35
0.443, 0.717, 0.288
2.157, 11.521, 3.721
2.407, 11.521, 4.234
3.889, 11.467, 5.375
1.929, 3.54, 1.77
3.833, 27.538, 4.783
3.599, 8.666, 3.957
6.248, 26.741, 8.242
3.742, 3.121, 1.747
4.695, 25.49, 5.42
3.227, 11.827, 3.825
2.884, 6.692, 2.43
5.034, 25.49, 5.698
5.155, 25.49, 5.773
5.967, 25.49, 8.151
4.49, 18.396, 7.907
7.726, 23.934, 10.086
5.0, 23.341, 5.054
5.214, 23.341, 5.109
6.2, 13.047, 5.722
5.378, 23.341, 5.604
5.232, 23.341, 6.094
4.469, 13.498, 4.083
5.631, 12.959, 5.068
6.783, 12.707, 5.371
4.785, 9.185, 4.101
5.803, 9.185, 4.527
2.697, 12.826, 3.447
3.795, 12.426, 3.643
4.223, 12.185, 4.229
6.188, 10.678, 5.054
3.809, 12.029, 3.75
3.894, 7.009, 2.895
3.412, 6.607, 3.304
2.205, 12.826, 3.32
2.269, 12.826, 3.38
1.721, 12.369, 3.444
2.797, 12.369, 5.389
1.166, 2.381, 0.942
2.505, 12.816, 3.479
2.649, 12.816, 3.553
5.427, 12.655, 5.394
2.13, 9.853, 2.986
2.857, 9.827, 3.392
3.834, 9.827, 3.817
4.962, 7.944, 3.578
0.506, 1.023, 0.46
7.768, 8.135, 4.088
1.669, 13.79, 2.619
0.549, 1.146, 0.509
0.495, 0.869, 0.385
3.159, 9.921, 3.961
1.189, 3.004, 1.016
0.88, 1.776, 0.755
1.733, 10.454, 2.624
1.63, 10.454, 2.63
0.761, 2.9, 0.961
1.111, 2.9, 1.315
3.63, 10.452, 4.84
0.628, 0.803, 0.359
1.26, 8.564, 2.501
0.353, 0.719, 0.273
1.552, 10.108, 2.752
1.872, 10.06, 4.085
1.549, 9.898, 2.42
1.697, 9.898, 2.562
1.746, 9.898, 2.74
1.787, 9.898, 3.161
2.649, 9.84, 4.186
2.404, 10.589, 3.37
1.288, 3.363, 1.933
1.163, 8.772, 2.372
0.23, 0.09, 0.047
2.77, 8.772, 4.143
1.442, 4.7, 1.968
0.814, 2.108, 0.77
1.9, 13.758, 3.164
3.203, 13.675, 5.973
2.343, 11.428, 3.5
2.802, 11.428, 3.812
1.341, 3.542, 2.027
1.478, 9.692, 2.452
1.587, 8.901, 2.484
0.584, 1.447, 0.827
3.064, 8.898, 3.615
1.392, 9.692, 2.715
0.7, 1.539, 0.85
2.991, 9.692, 4.598
1.68, 12.54, 2.874
1.491, 10.409, 3.061
2.734, 10.409, 4.443
0.457, 0.941, 0.418
1.77, 12.522, 2.932
1.817, 12.522, 3.003
2.729, 12.52, 4.036
2.855, 10.438, 4.384
3.336, 12.501, 5.257
1.315, 10.207, 2.22
2.277, 10.196, 3.949
0.805, 1.927, 0.695
1.02, 2.605, 1.005
1.832, 9.746, 2.438
2.055, 9.746, 3.106
2.767, 9.746, 4.038
1.589, 6.776, 1.987
1.69, 6.776, 2.175
1.644, 6.776, 2.307
1.774, 6.776, 2.886
1.636, 10.813, 2.235
1.282, 5.54, 1.825
1.915, 5.54, 2.317
1.749, 10.802, 2.427
1.855, 10.802, 2.511
1.947, 10.802, 2.618
2.117, 10.802, 2.803
1.349, 5.254, 1.709
1.87, 5.252, 2.171
3.317, 10.802, 4.474
1.312, 17.828, 2.338
1.259, 14.339, 2.127
0.389, 1.069, 0.359
0.494, 1.069, 0.507
0.292, 0.125, 0.069
1.294, 14.339, 2.167
1.295, 14.339, 2.173
1.138, 8.007, 1.986
0.371, 0.792, 0.227
0.406, 0.73, 0.244
0.377, 0.396, 0.21
1.229, 14.318, 2.8
2.286, 14.318, 4.922
3.142, 14.318, 6.289
0.651, 1.794, 0.57
0.598, 1.542, 0.473
0.565, 1.542, 0.533
0.564, 1.493, 0.508
0.828, 1.461, 0.742
0.9, 5.678, 1.439
0.231, 0.472, 0.149
0.205, 0.335, 0.103
0.204, 0.171, 0.086
1.295, 13.988, 2.033
0.644, 2.69, 0.931
0.389, 1.235, 0.508
1.339, 13.979, 2.083
0.408, 1.004, 0.314
0.342, 0.874, 0.282
0.363, 0.858, 0.308
0.512, 0.842, 0.421
2.119, 5.897, 2.436
0.717, 3.488, 0.806
0.777, 3.488, 0.88
0.752, 3.488, 1.065
0.514, 0.958, 0.491
1.4, 3.464, 1.901
0.84, 1.793, 0.668
1.157, 1.773, 0.925
0.99, 2.615, 1.194
0.91, 5.314, 1.334
0.523, 1.594, 0.497
0.574, 1.594, 0.56
0.935, 1.5, 0.758
1.767, 13.978, 2.526
1.771, 8.299, 2.151
1.938, 8.278, 2.305
2.169, 8.278, 2.613
2.187, 4.069, 2.039
0.94, 2.306, 1.281
1.775, 7.851, 2.248
1.42, 4.822, 1.559
1.149, 4.822, 1.469
0.993, 1.773, 0.888
0.58, 1.334, 0.711
1.69, 13.978, 2.604
1.617, 13.978, 2.566
1.732, 13.978, 2.676
1.881, 13.964, 3.165
2.162, 13.964, 3.425
1.689, 7.292, 2.053
2.152, 7.292, 2.234
2.483, 7.292, 2.656
2.156, 3.366, 1.798
1.568, 3.851, 1.706
2.011, 3.786, 1.894
0.492, 1.068, 0.561
2.935, 10.171, 4.402
1.704, 11.635, 2.888
3.091, 11.631, 5.755
1.448, 9.822, 2.327
1.51, 9.822, 2.611
1.606, 9.806, 3.212
2.649, 9.74, 4.19
2.096, 4.964, 2.211
1.015, 3.317, 1.193
0.278, 0.478, 0.239
1.042, 3.258, 1.554
0.883, 2.638, 0.961
0.938, 2.638, 1.108
4.702, 27.511, 6.155
1.801, 4.893, 2.266
2.706, 6.69, 2.508
5.318, 25.502, 7.56
2.651, 20.144, 5.57
0.579, 1.268, 0.506
0.303, 0.502, 0.262
6.076, 26.883, 6.774
5.417, 11.55, 4.335
6.63, 11.394, 6.082
3.652, 27.511, 5.698
2.727, 11.529, 3.476
6.561, 9.048, 4.617
1.944, 6.703, 2.166
2.506, 6.689, 2.602
0.813, 2.711, 0.982
1.271, 2.711, 1.127
6.586, 22.694, 6.661
6.903, 16.229, 7.556
7.425, 22.387, 7.081
8.6, 22.387, 7.717
10.19, 22.387, 8.738
1.481, 2.383, 1.207
0.839, 4.999, 1.175
0.402, 0.561, 0.31
0.193, 0.26, 0.121
0.652, 2.037, 0.981
0.982, 2.525, 1.177
0.524, 0.68, 0.351
0.459, 0.894, 0.347
0.581, 1.005, 0.42
1.416, 4.31, 2.075
1.187, 3.265, 1.331
1.597, 9.93, 2.271
1.057, 1.324, 0.538
2.061, 9.792, 2.986
0.552, 1.165, 0.548
1.615, 7.905, 2.204
2.295, 7.878, 2.962
2.717, 7.837, 3.566
1.29, 7.32, 1.896
1.485, 7.301, 2.075
0.839, 2.398, 0.963
0.261, 0.264, 0.134
1.021, 5.019, 1.462
1.25, 5.006, 1.668
1.212, 5.006, 2.183
1.245, 9.815, 2.074
1.066, 2.083, 0.919
1.201, 9.815, 2.153
2.299, 6.995, 2.903
1.526, 5.176, 2.543
0.391, 0.99, 0.28
0.369, 0.722, 0.235
0.353, 0.722, 0.261
0.382, 0.71, 0.265
1.52, 9.782, 2.752
0.456, 0.929, 0.5
0.268, 0.351, 0.145
2.484, 6.837, 2.504
2.64, 6.837, 2.951
2.188, 21.914, 4.52
0.404, 0.617, 0.309
0.889, 3.641, 1.457
2.083, 13.545, 4.369
3.626, 13.522, 6.656
2.219, 11.279, 3.138
3.688, 11.279, 5.216
1.673, 3.888, 1.647
0.767, 4.427, 1.012
0.189, 0.254, 0.119
0.646, 2.023, 0.976
0.981, 2.525, 1.177
0.516, 0.678, 0.351
0.455, 0.906, 0.35
0.576, 1.016, 0.421
1.415, 4.306, 2.073
1.485, 16.67, 2.958
0.36, 0.59, 0.297
0.263, 0.149, 0.074
0.725, 2.72, 0.764
0.843, 1.15, 0.517
0.775, 2.697, 0.962
0.931, 2.697, 1.085
1.191, 2.697, 1.285
3.388, 13.457, 5.126
1.718, 13.487, 3.079
2.381, 13.022, 4.517
4.398, 12.996, 6.057
1.659, 13.487, 2.922
2.418, 12.164, 3.935
0.373, 0.185, 0.106
1.924, 13.467, 4.385
0.303, 0.322, 0.142
0.875, 2.77, 0.977
0.381, 0.277, 0.139
1.267, 6.113, 1.697
1.469, 4.851, 1.957
0.867, 3.371, 0.951
0.539, 0.896, 0.51
1.189, 3.283, 1.188
1.279, 3.159, 1.33
2.451, 10.784, 3.93
0.553, 1.305, 0.597
2.519, 13.073, 4.488
0.328, 0.318, 0.178
0.679, 2.13, 0.614
0.669, 2.13, 0.638
0.578, 0.807, 0.352
0.543, 0.685, 0.382
1.918, 14.834, 3.8
2.506, 14.834, 4.589
2.846, 14.829, 5.195
3.433, 13.786, 5.951
3.235, 14.829, 6.547
2.683, 11.846, 4.607
1.207, 9.172, 2.365
1.317, 9.172, 2.553
0.608, 1.464, 0.499
0.797, 1.464, 0.631
0.855, 6.679, 1.236
2.09, 6.607, 3.113
0.652, 3.091, 0.651
0.673, 3.091, 0.707
0.722, 3.091, 0.727
0.617, 0.809, 0.371
0.863, 1.395, 0.63
0.554, 1.196, 0.42
0.695, 1.173, 0.589
0.446, 1.329, 0.389
0.325, 0.504, 0.198
0.371, 0.493, 0.221
1.485, 4.571, 1.761
1.162, 3.283, 1.322
1.184, 3.229, 1.521
1.41, 9.41, 1.928
1.03, 1.365, 0.563
1.05, 3.941, 1.218
0.911, 3.941, 1.157
0.527, 1.287, 0.375
0.618, 1.287, 0.512
0.447, 0.748, 0.318
1.38, 14.356, 2.171
0.81, 2.496, 0.774
0.859, 2.454, 0.897
1.108, 2.454, 1.031
2.05, 6.364, 2.273
1.214, 0.873, 0.437
1.921, 6.603, 2.626
0.824, 1.982, 0.759
0.64, 2.146, 0.745
0.622, 1.946, 0.575
0.553, 1.056, 0.364
0.394, 0.345, 0.161
1.144, 3.685, 1.262
1.526, 3.685, 1.726
1.334, 7.76, 2.182
0.52, 1.465, 0.561
1.503, 9.922, 2.297
1.264, 7.887, 2.259
0.471, 0.936, 0.364
0.509, 0.68, 0.368
2.4, 9.89, 3.355
2.621, 9.89, 3.759
3.422, 9.89, 4.28
1.348, 9.125, 2.041
1.703, 9.125, 2.416
2.161, 9.085, 3.577
1.889, 4.223, 2.223
2.233, 6.058, 3.394
1.463, 4.046, 1.746
0.683, 2.049, 0.733
0.812, 2.049, 0.793
1.025, 2.049, 0.862
1.361, 10.752, 2.127
0.624, 0.999, 0.446
0.584, 2.081, 0.541
0.599, 0.957, 0.363
0.647, 2.059, 0.669
0.743, 2.059, 0.74
0.897, 2.059, 0.843
2.33, 10.732, 3.06
1.563, 3.638, 1.594
1.071, 6.078, 1.631
1.143, 6.078, 1.773
0.817, 1.565, 0.707
1.201, 7.158, 2.467
0.274, 0.031, 0.017
1.448, 15.442, 2.312
0.306, 0.189, 0.082
1.334, 7.053, 1.695
1.362, 5.111, 1.814
1.938, 5.111, 2.331
1.353, 4.727, 1.626
1.698, 4.727, 1.757
1.486, 4.727, 1.833
1.753, 7.023, 2.688
2.921, 6.996, 3.193
1.763, 5.673, 2.002
2.357, 5.67, 2.431
1.257, 4.581, 1.499
1.415, 4.581, 1.609
2.276, 4.442, 2.225
0.208, 0.236, 0.133
1.466, 4.527, 1.885
1.332, 5.745, 1.775
1.586, 5.726, 2.03
0.363, 0.703, 0.271
1.758, 21.042, 3.605
0.608, 0.899, 0.473
0.869, 3.654, 1.475
1.903, 12.318, 4.004
3.364, 12.315, 6.03
2.76, 5.524, 2.45
0.49, 1.697, 0.528
0.608, 1.696, 0.776
1.753, 6.921, 2.086
2.447, 6.921, 3.133
1.575, 4.177, 1.911
0.773, 21.942, 2.195
0.258, 0.345, 0.173
0.343, 0.655, 0.252
0.638, 1.82, 0.538
0.753, 1.688, 0.692
0.425, 0.938, 0.309
0.312, 0.607, 0.254
0.576, 1.581, 0.504
0.308, 0.596, 0.249
0.723, 2.386, 0.657
0.532, 0.913, 0.363
0.365, 1.244, 0.446
0.526, 1.77, 0.473
0.372, 0.594, 0.216
0.606, 1.765, 0.592
0.297, 0.466, 0.185
0.654, 2.221, 0.675
0.407, 1.104, 0.431
0.673, 1.941, 0.623
0.404, 1.095, 0.427
1.403, 10.324, 2.014
0.491, 0.636, 0.268
1.321, 2.785, 1.172
1.015, 2.665, 0.933
0.966, 1.593, 0.803
1.49, 10.324, 2.189
1.965, 10.324, 3.526
2.784, 10.324, 4.394
1.448, 9.508, 1.927
1.643, 5.844, 1.637
1.631, 5.708, 2.255
1.421, 5.792, 2.244
1.015, 3.713, 1.083
1.101, 3.713, 1.272
0.56, 1.396, 0.529
2.486, 9.381, 3.552
1.355, 13.948, 2.108
0.557, 1.967, 0.583
0.376, 0.424, 0.207
0.49, 1.424, 0.432
1.914, 13.109, 4.294
1.519, 13.818, 3.934
2.69, 13.787, 5.543
2.115, 11.086, 3.307
0.427, 0.465, 0.206
2.144, 11.916, 3.451
0.413, 0.423, 0.187
1.813, 12.649, 2.822
2.14, 8.604, 2.756
2.548, 8.604, 3.685
2.525, 3.621, 1.945
1.722, 12.649, 2.905
1.768, 12.649, 2.951
1.841, 8.072, 2.624
2.593, 8.053, 3.496
0.36, 0.526, 0.259
1.492, 5.407, 2.087
2.092, 11.682, 4.279
2.664, 11.682, 5.102
1.606, 12.649, 2.94
1.43, 6.772, 2.266
2.499, 6.764, 3.018
0.252, 0.381, 0.165
0.457, 1.201, 0.478
2.09, 12.621, 4.682
2.752, 12.621, 5.564
2.311, 12.266, 3.302
3.3, 12.196, 5.122
1.774, 10.251, 2.778
1.999, 10.192, 3.09
2.609, 10.166, 3.507
3.445, 10.166, 4.403
1.694, 12.522, 2.875
3.305, 12.47, 5.241
1.111, 8.49, 1.963
1.195, 8.451, 2.194
1.543, 8.431, 2.542
2.074, 8.431, 3.258
1.173, 13.548, 1.755
1.191, 4.929, 1.593
1.334, 4.929, 2.077
1.369, 2.883, 1.514
1.147, 13.548, 1.729
1.146, 13.548, 1.732
0.943, 4.181, 1.233
1.213, 4.181, 1.746
0.945, 1.551, 0.753
1.156, 13.548, 1.757
2.333, 13.437, 4.592
4.173, 13.437, 6.335
0.659, 1.488, 0.524
0.776, 1.488, 0.687
0.646, 1.773, 0.59
0.794, 1.773, 0.797
0.579, 3.225, 0.739
0.643, 3.225, 0.837
0.675, 3.225, 0.908
0.417, 0.817, 0.323
0.465, 0.779, 0.394
0.463, 1.138, 0.349
0.65, 1.138, 0.513
1.244, 9.3, 1.942
1.392, 9.3, 2.122
1.763, 9.3, 2.631
3.023, 9.3, 4.282
0.668, 1.213, 0.588
1.097, 1.984, 0.93
0.685, 2.481, 0.712
0.874, 1.999, 0.787
0.613, 2.481, 0.764
0.219, 0.185, 0.077
1.513, 7.825, 1.896
1.52, 6.699, 1.624
2.919, 6.692, 2.642
1.009, 2.712, 0.899
1.275, 2.712, 1.225
1.009, 2.082, 0.887
1.342, 7.825, 2.519
0.194, 0.201, 0.078
1.019, 8.656, 1.623
0.864, 2.986, 0.863
0.803, 1.169, 0.463
0.958, 2.986, 1.082
1.02, 2.986, 1.385
0.988, 2.717, 1.108
1.326, 8.656, 2.794
0.192, 0.201, 0.079
1.346, 12.923, 1.873
1.32, 12.923, 1.875
1.54, 12.912, 2.231
1.885, 12.888, 2.94
3.373, 12.888, 5.511
1.264, 4.407, 1.467
1.791, 4.407, 1.968
1.154, 3.735, 1.566
1.268, 7.126, 1.704
2.242, 7.103, 2.9
0.965, 5.609, 1.357
2.062, 5.594, 2.327
0.615, 2.052, 0.691
0.812, 2.052, 0.929
0.625, 1.791, 0.728
0.855, 2.393, 0.823
1.021, 2.167, 0.887
0.714, 2.393, 0.743
0.968, 2.367, 0.911
0.685, 2.202, 0.77
0.854, 2.202, 0.998
0.666, 1.973, 0.809
2.132, 7.972, 2.771
2.543, 7.972, 3.227
0.764, 1.552, 0.628
0.756, 1.552, 0.614
0.928, 3.611, 0.906
1.852, 3.523, 1.495
0.679, 1.672, 0.558
0.827, 1.409, 0.561
0.624, 1.672, 0.671
2.184, 9.949, 3.081
1.426, 9.949, 2.453
1.647, 9.935, 2.838
1.77, 9.935, 3.37
0.658, 1.293, 0.578
1.971, 6.461, 2.625
1.503, 5.632, 2.407
1.173, 6.027, 2.021
1.474, 6.027, 2.609
1.172, 6.027, 2.021
1.473, 6.027, 2.61
1.17, 6.027, 2.022
1.473, 6.027, 2.61
1.155, 6.047, 2.037
1.451, 6.047, 2.633
1.154, 6.047, 2.037
1.45, 6.047, 2.633
1.167, 6.028, 2.023
1.473, 6.028, 2.611
1.166, 6.028, 2.023
1.473, 6.028, 2.611
1.151, 6.047, 2.038
1.45, 6.047, 2.633
1.353, 5.511, 1.498
1.396, 5.511, 1.616
1.521, 5.505, 1.698
1.011, 2.453, 0.981
0.764, 2.377, 1.019
1.007, 2.377, 1.354
1.497, 7.162, 1.876
1.431, 7.162, 2.11
1.831, 7.151, 2.489
2.615, 7.102, 3.282
0.916, 3.355, 0.914
0.92, 3.355, 0.994
1.069, 3.352, 1.081
1.068, 3.268, 1.105
0.896, 3.268, 1.41
1.223, 3.268, 1.885
1.331, 8.141, 2.02
1.412, 8.141, 2.27
1.871, 8.116, 2.694
2.599, 8.085, 3.787
2.151, 5.97, 2.511
2.077, 5.97, 2.64
1.428, 6.8, 2.292
1.683, 6.8, 2.934
1.415, 6.801, 2.29
1.683, 6.801, 2.935
1.419, 3.729, 1.325
1.349, 3.729, 1.453
1.592, 3.729, 1.655
1.188, 3.255, 1.135
1.067, 3.255, 1.171
1.168, 3.249, 1.313
0.95, 3.825, 1.032
0.851, 3.825, 1.059
1.02, 3.789, 1.231
0.6, 1.278, 0.572
0.805, 2.312, 0.827
0.71, 2.312, 0.824
0.845, 2.284, 0.945
0.664, 2.251, 0.958
1.604, 6.819, 2.228
1.781, 6.819, 2.884
1.487, 6.809, 2.23
1.759, 6.809, 2.892
1.437, 5.422, 1.852
1.403, 5.422, 2.071
1.247, 5.372, 1.941
0.246, 0.117, 0.061
0.836, 2.811, 0.846
0.786, 2.811, 0.882
0.895, 2.784, 0.971
1.034, 2.753, 1.589
0.673, 2.227, 0.835
1.418, 5.006, 1.593
1.478, 5.006, 1.914
2.817, 4.884, 2.458
1.388, 3.975, 1.313
1.338, 3.975, 1.481
1.58, 3.936, 1.696
0.395, 0.553, 0.249
1.101, 3.993, 1.181
1.083, 3.993, 1.337
1.405, 3.963, 1.594
0.392, 0.584, 0.257
1.356, 4.862, 1.297
1.385, 4.862, 1.441
1.725, 4.837, 1.601
1.183, 2.699, 1.077
0.919, 1.483, 0.754
1.15, 5.392, 1.531
1.164, 5.392, 1.812
1.889, 5.373, 2.471
1.792, 20.05, 2.941
1.271, 2.732, 1.44
0.698, 2.007, 0.766
2.342, 10.743, 3.134
1.632, 3.205, 1.304
1.105, 3.746, 1.141
0.67, 1.357, 0.575
1.08, 4.786, 1.476
0.435, 1.039, 0.452
2.296, 10.22, 3.006
1.58, 5.664, 2.241
1.678, 9.192, 3.39
1.288, 3.354, 1.224
0.773, 1.541, 0.566
1.398, 3.354, 1.336
0.641, 1.123, 0.433
2.014, 8.664, 2.76
2.068, 8.662, 3.729
4.05, 27.306, 5.13
0.328, 0.499, 0.223
11.084, 20.227, 9.721
7.158, 9.882, 3.908
7.551, 9.882, 5.317
6.431, 11.562, 4.397
5.867, 11.562, 4.851
7.717, 10.467, 5.418
6.122, 11.277, 5.843
2.317, 22.097, 5.297
0.435, 1.328, 0.379
0.496, 1.303, 0.456
0.73, 3.655, 0.949
0.465, 2.192, 0.611
0.567, 2.152, 0.758
7.667, 27.026, 6.9
7.234, 27.026, 7.333
7.352, 27.026, 7.708
4.654, 10.361, 4.642
3.275, 14.142, 3.979
1.716, 6.524, 2.314
1.814, 5.203, 2.308
2.011, 6.521, 2.716
1.887, 5.114, 2.88
3.86, 14.136, 4.423
2.212, 12.13, 3.668
0.452, 0.552, 0.248
4.812, 14.116, 4.666
5.293, 14.116, 5.748
4.491, 12.048, 4.237
3.544, 12.048, 4.23
1.769, 4.061, 1.606
3.801, 16.937, 4.704
3.902, 16.937, 5.114
4.006, 16.937, 5.774
2.907, 16.937, 6.263
0.341, 0.531, 0.27
0.925, 21.929, 2.001
0.289, 0.439, 0.223
0.303, 0.617, 0.224
0.322, 0.573, 0.26
0.272, 0.454, 0.238
0.603, 5.34, 0.971
0.418, 1.263, 0.367
0.331, 0.868, 0.301
0.382, 0.868, 0.341
0.218, 0.376, 0.192
0.484, 0.74, 0.281
0.403, 1.088, 0.429
0.551, 3.895, 0.914
0.359, 2.245, 0.726
0.482, 2.238, 0.888
0.867, 2.238, 1.235
0.506, 2.191, 0.705
0.624, 2.164, 0.825
0.943, 2.164, 1.019
0.526, 3.117, 0.923
0.678, 3.108, 1.058
0.965, 3.09, 1.479
0.549, 3.154, 0.928
0.682, 3.145, 1.07
0.974, 3.128, 1.497
0.551, 3.19, 0.939
0.686, 3.181, 1.082
0.983, 3.164, 1.515
0.553, 3.226, 0.949
0.689, 3.216, 1.093
0.992, 3.199, 1.533
0.37, 0.954, 0.291
0.384, 0.907, 0.341
0.147, 0.133, 0.069
1.087, 10.667, 2.184
0.645, 3.418, 0.778
0.607, 3.418, 0.826
0.402, 1.157, 0.388
0.218, 0.33, 0.119
1.456, 3.225, 1.75
1.02, 7.542, 1.734
0.608, 4.688, 0.925
0.754, 4.683, 1.343
0.928, 4.683, 1.564
0.222, 0.388, 0.199
0.515, 0.74, 0.278
0.402, 1.088, 0.429
0.625, 3.749, 0.881
0.342, 2.143, 0.694
0.47, 2.136, 0.844
0.829, 2.136, 1.179
0.505, 2.198, 0.707
0.625, 2.171, 0.828
0.944, 2.171, 1.022
0.603, 2.704, 0.802
0.786, 2.703, 0.881
1.079, 2.698, 1.175
0.613, 2.606, 0.767
0.773, 2.605, 0.849
1.055, 2.6, 1.129
1.16, 7.778, 2.353
1.655, 7.604, 3.025
0.34, 0.355, 0.201
1.648, 10.527, 3.064
0.553, 0.69, 0.276
3.592, 15.738, 6.884
0.659, 4.241, 1.054
0.728, 4.241, 1.236
0.66, 4.241, 1.385
0.767, 5.305, 1.252
0.479, 1.932, 0.528
0.511, 1.856, 0.606
0.933, 6.225, 1.68
0.754, 6.225, 1.398
0.804, 6.225, 1.525
0.538, 1.655, 0.573
0.218, 0.33, 0.119
2.399, 6.011, 3.358
0.956, 6.959, 1.656
0.543, 1.401, 0.433
0.247, 0.041, 0.02
2.298, 9.488, 3.755
0.447, 0.538, 0.254
0.412, 0.938, 0.37
0.504, 0.71, 0.359
3.724, 12.058, 5.734
0.695, 5.101, 1.127
0.612, 5.101, 1.003
0.768, 5.096, 1.472
0.955, 5.096, 1.716
0.224, 0.397, 0.204
0.514, 0.74, 0.278
0.402, 1.087, 0.429
0.542, 3.598, 0.822
0.258, 1.54, 0.499
0.348, 1.538, 0.607
0.606, 1.538, 0.849
0.502, 2.181, 0.703
0.622, 2.154, 0.822
0.94, 2.154, 1.014
0.587, 2.52, 0.753
0.764, 2.518, 0.823
1.033, 2.513, 1.088
1.093, 7.867, 1.758
0.815, 7.867, 1.67
0.601, 3.84, 1.115
0.753, 3.84, 1.295
0.224, 0.394, 0.202
0.483, 0.74, 0.281
0.401, 1.086, 0.428
0.745, 7.886, 1.647
0.261, 1.479, 0.478
0.35, 1.477, 0.579
0.61, 1.477, 0.797
0.499, 2.152, 0.695
0.617, 2.126, 0.813
0.932, 2.126, 1.002
1.455, 4.163, 1.478
1.114, 3.281, 1.533
0.652, 5.569, 1.09
0.254, 1.425, 0.46
0.341, 1.423, 0.557
0.592, 1.423, 0.766
0.494, 2.115, 0.685
0.611, 2.088, 0.801
0.922, 2.088, 0.986
0.587, 2.441, 0.732
0.757, 2.44, 0.8
1.014, 2.435, 1.051
1.793, 4.831, 2.784
4.706, 13.477, 6.216
0.843, 6.867, 1.5
0.653, 4.24, 1.011
0.568, 3.263, 0.942
0.698, 3.263, 1.092
0.223, 0.392, 0.201
0.483, 0.74, 0.28
0.401, 1.085, 0.428
1.116, 13.102, 2.394
0.241, 1.379, 0.445
0.321, 1.378, 0.542
0.552, 1.378, 0.757
0.491, 2.091, 0.679
0.607, 2.064, 0.793
0.916, 2.064, 0.976
1.74, 13.089, 3.487
2.17, 13.074, 3.854
3.064, 13.061, 4.692
4.436, 13.061, 6.136
0.63, 4.117, 0.995
0.276, 0.211, 0.087
0.708, 2.241, 0.811
0.477, 0.862, 0.493
0.248, 0.196, 0.085
0.228, 0.046, 0.033
2.673, 23.899, 4.026
0.432, 0.722, 0.363
3.36, 7.1, 2.775
2.634, 23.87, 4.384
1.4, 7.119, 2.282
0.498, 0.895, 0.464
2.935, 23.864, 4.825
0.587, 1.482, 0.452
0.545, 0.409, 0.211
3.872, 23.864, 5.503
1.853, 4.761, 2.187
4.595, 23.864, 6.05
4.829, 23.864, 6.303
5.805, 23.864, 6.827
1.538, 2.147, 1.214
0.485, 1.069, 0.613
8.622, 22.745, 8.297
1.567, 27.547, 4.9
0.255, 0.344, 0.173
0.9, 6.701, 1.611
0.37, 1.238, 0.399
0.486, 1.238, 0.573
0.162, 0.108, 0.044
0.695, 1.409, 0.486
0.825, 1.362, 0.582
1.05, 15.494, 2.657
1.882, 4.212, 1.924
0.671, 1.804, 0.859
0.522, 2.294, 0.729
0.411, 1.141, 0.484
0.806, 14.025, 2.197
1.344, 14.023, 3.352
0.618, 1.354, 0.712
2.013, 14.012, 4.585
0.185, 0.17, 0.079
0.433, 1.601, 0.485
0.401, 1.392, 0.457
0.417, 1.392, 0.592
0.481, 1.599, 0.565
0.326, 1.12, 0.482
0.768, 1.57, 0.761
1.341, 14.687, 2.747
0.514, 0.803, 0.332
0.341, 0.347, 0.15
0.966, 2.118, 0.926
0.854, 2.732, 0.804
0.761, 0.844, 0.334
1.421, 12.475, 2.78
0.993, 2.469, 1.146
1.519, 12.475, 2.968
2.88, 12.33, 4.811
1.366, 10.79, 3.039
0.417, 0.419, 0.161
1.959, 9.842, 3.911
0.571, 1.073, 0.463
1.26, 8.125, 2.35
1.539, 8.097, 2.736
2.384, 8.097, 3.892
1.507, 21.926, 3.485
0.57, 0.668, 0.359
0.868, 3.645, 1.471
0.774, 2.918, 0.845
0.867, 1.299, 0.653
0.531, 0.809, 0.36
1.075, 2.265, 0.893
1.132, 2.161, 1.02
1.756, 10.291, 2.938
3.322, 10.291, 4.768
1.514, 3.898, 1.768
1.265, 11.921, 2.135
0.544, 1.196, 0.445
0.454, 0.572, 0.237
1.174, 3.224, 1.47
1.305, 6.762, 2.113
0.422, 0.488, 0.189
1.751, 10.854, 3.368
0.469, 0.693, 0.265
1.467, 8.605, 2.63
0.437, 0.814, 0.318
0.966, 2.726, 1.141
0.704, 2.492, 0.859
0.624, 2.484, 0.888
0.175, 0.176, 0.1
1.523, 7.089, 2.208
0.936, 7.05, 1.812
1.124, 7.045, 2.019
0.747, 1.138, 0.494
0.265, 0.125, 0.068
1.487, 11.847, 3.326
0.428, 0.922, 0.377
0.933, 3.397, 1.237
1.001, 3.397, 1.392
0.255, 0.317, 0.159
4.92, 27.224, 6.169
1.163, 1.929, 0.965
2.453, 8.898, 4.366
4.722, 22.018, 7.254
5.546, 6.756, 3.496
5.859, 27.221, 6.748
6.92, 12.627, 6.321
2.191, 2.86, 1.586
4.693, 25.054, 5.515
5.302, 25.054, 5.698
5.093, 25.054, 5.989
5.974, 25.054, 7.755
2.339, 6.414, 2.846
3.516, 5.095, 2.343
10.791, 26.94, 10.834
17.211, 23.475, 10.039
2.308, 4.986, 2.572
1.324, 3.004, 1.233
0.995, 2.994, 1.405
1.389, 17.127, 2.531
1.247, 3.994, 1.394
1.397, 3.994, 1.824
0.466, 0.966, 0.364
1.267, 6.483, 1.769
0.987, 4.211, 1.191
0.289, 0.406, 0.172
0.763, 1.032, 0.428
1.712, 5.564, 1.761
1.524, 5.564, 1.807
0.941, 1.607, 0.807
0.971, 1.574, 0.61
0.93, 1.178, 0.482
1.101, 4.497, 1.392
0.986, 4.497, 1.233
0.569, 0.855, 0.34
0.576, 0.708, 0.409
1.354, 1.933, 0.797
0.852, 3.263, 0.879
0.825, 3.263, 1.064
1.473, 3.221, 1.664
2.101, 8.622, 3.211
1.724, 7.756, 3.434
2.611, 8.622, 3.675
3.515, 8.622, 4.085
1.914, 9.862, 2.721
1.3, 4.917, 1.574
0.889, 1.493, 0.75
1.247, 6.77, 1.774
0.554, 1.134, 0.419
0.75, 1.094, 0.574
1.13, 7.186, 1.871
0.553, 0.955, 0.359
0.685, 0.915, 0.506
2.285, 14.48, 4.225
0.761, 1.898, 0.784
1.13, 4.535, 1.524
0.989, 2.507, 1.136
0.807, 2.675, 0.747
0.768, 2.675, 0.856
1.288, 2.632, 1.336
1.205, 7.186, 1.858
0.586, 0.965, 0.366
0.71, 0.924, 0.526
1.114, 7.187, 1.873
0.543, 0.921, 0.354
0.677, 0.88, 0.498
1.529, 7.495, 2.122
1.094, 4.082, 1.365
1.775, 3.995, 2.117
1.276, 7.186, 1.908
0.803, 2.55, 0.813
0.674, 0.865, 0.496
1.097, 7.187, 1.878
0.54, 0.883, 0.357
0.653, 0.842, 0.478
1.097, 7.45, 2.307
0.395, 0.446, 0.187
0.49, 1.598, 0.404
0.498, 1.598, 0.411
0.671, 0.691, 0.313
0.608, 1.43, 0.662
0.798, 1.598, 0.645
0.786, 1.57, 0.671
0.448, 0.487, 0.252
0.327, 0.335, 0.145
0.363, 0.274, 0.119
0.306, 0.335, 0.154
0.342, 0.274, 0.129
0.334, 0.305, 0.144
0.314, 0.422, 0.211
0.719, 1.995, 0.828
0.569, 0.873, 0.312
0.589, 0.873, 0.338
0.636, 0.833, 0.465
1.56, 16.259, 3.574
1.795, 8.171, 3.627
1.532, 16.259, 3.863
2.078, 16.259, 5.041
0.26, 0.443, 0.166
0.929, 1.735, 0.757
1.636, 14.685, 3.952
0.491, 0.865, 0.346
0.622, 0.825, 0.454
1.618, 4.691, 1.984
1.819, 13.564, 3.824
1.21, 2.778, 1.181
1.474, 16.303, 3.421
0.989, 4.058, 1.779
1.597, 16.291, 3.99
2.332, 16.248, 5.301
0.553, 0.739, 0.392
0.723, 2.045, 0.831
1.941, 11.758, 3.228
1.184, 4.704, 1.564
1.987, 4.592, 2.462
2.137, 15.084, 3.884
2.572, 15.084, 5.23
4.808, 15.084, 7.097
1.912, 7.778, 2.738
2.383, 7.778, 3.196
1.314, 4.317, 1.45
0.886, 3.229, 1.059
0.493, 0.879, 0.448
0.966, 4.317, 1.201
0.603, 1.6, 0.526
0.482, 0.851, 0.433
1.419, 12.659, 3.154
0.925, 3.943, 1.288
1.685, 3.894, 2.05
2.509, 13.446, 4.139
0.61, 1.357, 0.66
1.844, 17.127, 3.2
1.728, 7.82, 2.508
1.761, 7.82, 2.752
1.88, 17.127, 3.451
1.832, 12.904, 3.178
0.906, 1.636, 0.562
0.759, 1.2, 0.601
2.308, 7.029, 2.707
2.616, 6.465, 2.819
1.835, 17.109, 4.464
0.691, 2.092, 0.885
3.038, 17.097, 6.266
4.033, 17.097, 7.386
2.852, 7.655, 3.102
0.451, 0.371, 0.195
0.847, 11.018, 1.732
0.355, 0.299, 0.144
0.859, 1.25, 0.529
0.452, 1.264, 0.413
0.372, 0.897, 0.386
0.578, 1.264, 0.516
0.759, 1.264, 0.635
1.752, 10.917, 3.551
0.573, 0.962, 0.454
0.474, 0.911, 0.332
0.509, 0.796, 0.34
0.466, 0.888, 0.348
0.353, 0.27, 0.155
1.118, 11.558, 1.918
0.411, 0.601, 0.287
0.798, 3.458, 0.946
0.72, 3.2, 0.893
0.704, 3.138, 0.882
0.403, 0.66, 0.226
1.323, 3.913, 1.588
0.969, 3.913, 1.458
1.16, 3.913, 1.904
0.554, 0.636, 0.319
1.182, 3.001, 1.128
0.963, 2.99, 1.421
1.729, 16.303, 3.484
0.603, 1.296, 0.616
0.572, 0.86, 0.341
0.542, 0.58, 0.318
1.634, 16.303, 3.634
2.414, 15.17, 5.053
3.437, 15.17, 6.641
2.438, 13.144, 5.307
1.292, 16.303, 2.934
1.311, 16.303, 3.037
2.426, 16.303, 5.644
3.67, 16.303, 7.111
0.792, 2.66, 0.787
0.839, 2.66, 0.818
0.757, 2.485, 0.753
0.712, 2.485, 0.807
0.312, 0.693, 0.269
0.517, 0.52, 0.368
4.835, 10.856, 5.592
3.746, 24.412, 4.775
10.21, 22.13, 8.415
2.052, 17.275, 4.193
0.431, 1.332, 0.381
0.492, 1.307, 0.459
0.747, 3.212, 0.87
0.468, 2.193, 0.612
0.569, 2.154, 0.758
5.422, 16.569, 5.348
5.754, 9.686, 4.43
6.373, 15.709, 5.558
8.294, 15.709, 8.174
3.44, 14.316, 3.999
0.945, 2.717, 1.261
3.621, 14.316, 4.162
2.746, 9.439, 3.234
2.839, 9.439, 4.479
4.027, 14.316, 4.468
3.366, 14.316, 4.364
4.267, 14.238, 4.892
6.021, 10.243, 4.266
2.514, 14.316, 4.324
2.877, 7.71, 3.425
7.654, 11.971, 4.388
4.66, 10.798, 5.662
3.509, 27.466, 5.471
3.181, 6.672, 2.904
0.275, 0.255, 0.12
1.463, 3.097, 1.384
0.485, 0.88, 0.41
0.483, 0.88, 0.41
4.46, 14.186, 4.242
6.178, 13.862, 5.847
0.863, 3.787, 1.075
0.308, 0.593, 0.212
0.361, 0.593, 0.235
4.488, 23.54, 6.327
4.669, 23.54, 6.437
3.075, 23.538, 5.947
3.734, 23.538, 6.505
0.536, 1.099, 0.482
0.28, 0.306, 0.17
0.767, 1.122, 0.615
9.353, 23.394, 9.046
6.582, 23.185, 6.799
5.701, 13.711, 5.006
5.387, 13.711, 4.941
8.529, 13.469, 7.016
7.284, 17.891, 6.729
8.679, 14.132, 5.67
1.929, 13.107, 3.408
1.959, 13.077, 3.675
2.406, 13.077, 4.005
2.825, 13.077, 4.537
3.988, 13.044, 5.247
6.952, 12.025, 6.255
9.445, 11.058, 5.545
1.186, 8.59, 1.84
0.437, 0.474, 0.228
1.417, 6.595, 1.872
1.178, 1.001, 0.504
1.847, 6.903, 2.815
0.247, 0.222, 0.112
0.839, 3.162, 1.036
0.246, 0.131, 0.048
0.757, 2.716, 0.895
0.677, 2.716, 0.901
0.998, 5.037, 1.453
1.106, 5.037, 1.602
1.428, 5.037, 1.924
0.768, 4.462, 0.938
0.31, 0.49, 0.225
0.647, 2.027, 0.978
0.982, 2.526, 1.177
0.518, 0.683, 0.351
0.455, 0.907, 0.35
0.577, 1.017, 0.421
1.423, 4.342, 2.091
0.95, 13.41, 1.611
0.53, 1.069, 0.498
0.256, 0.433, 0.201
0.802, 2.334, 0.827
1.301, 2.293, 1.181
0.532, 1.215, 0.463
0.542, 1.215, 0.507
0.857, 0.597, 0.422
0.59, 1.967, 0.514
0.476, 1.185, 0.409
0.485, 1.185, 0.413
0.474, 1.181, 0.402
0.477, 1.181, 0.423
0.532, 1.159, 0.614
0.485, 1.324, 0.392
0.315, 0.436, 0.179
0.334, 0.436, 0.219
1.426, 9.378, 3.04
0.608, 0.257, 0.128
0.66, 1.269, 0.567
0.515, 1.294, 0.456
0.485, 1.294, 0.453
0.628, 1.294, 0.539
1.029, 12.691, 1.545
2.348, 6.894, 2.773
0.863, 3.239, 0.782
0.661, 0.878, 0.36
0.68, 2.038, 0.574
0.726, 2.038, 0.625
0.811, 2.033, 0.685
1.087, 2.033, 0.953
1.335, 3.208, 1.315
0.991, 12.691, 1.625
2.282, 4.356, 1.792
0.796, 4.369, 0.837
0.85, 1.503, 0.666
0.638, 1.625, 0.488
0.672, 1.625, 0.521
0.741, 1.62, 0.563
0.933, 1.62, 0.774
1.198, 4.367, 1.601
0.956, 12.691, 1.848
0.837, 1.938, 0.766
0.521, 1.662, 0.469
0.565, 1.662, 0.546
0.679, 1.644, 0.614
1.099, 5.487, 1.783
0.664, 2.608, 1.031
1.183, 12.691, 2.6
1.145, 6.696, 2.059
0.593, 1.771, 0.656
0.503, 1.345, 0.427
0.446, 1.279, 0.397
0.387, 0.518, 0.201
0.313, 0.407, 0.169
0.924, 2.595, 0.997
1.219, 20.957, 2.163
0.324, 0.577, 0.306
0.41, 1.031, 0.323
0.327, 0.589, 0.249
0.276, 0.398, 0.2
0.939, 2.411, 0.986
0.338, 0.463, 0.213
0.842, 1.834, 0.617
0.706, 1.834, 0.721
0.465, 0.747, 0.378
0.563, 1.228, 0.52
0.411, 1.052, 0.498
0.916, 3.553, 0.983
0.641, 1.677, 0.566
0.789, 1.677, 0.652
2.484, 9.337, 3.954
0.75, 2.716, 0.848
0.642, 2.716, 0.913
0.846, 2.716, 1.145
2.0, 6.58, 2.774
0.921, 2.774, 0.856
0.596, 1.28, 0.446
0.634, 1.28, 0.472
1.016, 7.454, 1.504
0.961, 7.454, 1.569
0.776, 4.42, 1.3
0.964, 4.42, 1.504
0.255, 0.479, 0.249
0.525, 0.745, 0.285
0.408, 1.093, 0.43
1.858, 7.388, 2.543
1.448, 3.492, 1.508
0.891, 2.824, 0.876
0.847, 1.838, 0.727
0.891, 1.832, 0.803
1.038, 7.811, 2.043
0.376, 2.521, 0.822
0.521, 2.514, 1.002
0.938, 2.514, 1.41
0.495, 1.777, 0.664
0.62, 1.726, 0.771
0.927, 1.726, 0.942
1.085, 6.623, 1.981
1.49, 6.517, 2.547
0.387, 0.645, 0.354
1.126, 6.337, 1.792
0.379, 1.285, 0.412
0.481, 1.285, 0.482
0.929, 3.499, 1.49
0.477, 1.836, 0.588
0.413, 1.836, 0.62
0.557, 1.836, 0.775
0.468, 1.646, 0.696
1.705, 12.957, 2.548
2.018, 10.408, 3.278
2.891, 10.408, 4.46
1.738, 5.262, 2.482
1.657, 12.957, 2.475
1.668, 12.957, 2.502
1.217, 12.929, 2.504
1.605, 12.9, 3.628
0.297, 0.346, 0.15
0.617, 2.184, 0.79
0.272, 0.303, 0.143
2.179, 9.628, 2.794
2.212, 9.628, 2.954
1.707, 9.628, 2.645
2.32, 9.628, 3.105
3.433, 9.628, 4.316
1.897, 9.719, 2.357
1.125, 5.351, 1.387
0.763, 2.443, 0.697
0.968, 2.443, 0.755
1.203, 2.443, 1.011
3.976, 9.681, 4.15
1.404, 6.58, 2.155
0.641, 2.835, 0.932
0.833, 2.835, 1.121
0.749, 1.94, 0.827
8.397, 13.703, 6.026
9.621, 8.672, 6.132
1.817, 20.05, 2.971
1.271, 2.732, 1.44
0.698, 2.007, 0.766
2.396, 10.92, 3.2
1.711, 3.572, 1.453
1.13, 3.838, 1.171
0.672, 1.362, 0.577
1.101, 4.978, 1.537
0.436, 1.043, 0.453
2.315, 10.299, 3.027
1.581, 5.667, 2.242
1.735, 9.588, 3.539
1.312, 3.448, 1.256
0.781, 1.541, 0.568
1.421, 3.4, 1.361
0.647, 1.148, 0.441
2.023, 8.67, 2.771
2.069, 8.668, 3.731
6.424, 26.504, 6.606
2.601, 7.523, 2.986
6.722, 11.674, 4.988
2.675, 6.376, 2.375
1.178, 1.001, 0.504
7.636, 23.903, 8.593
9.432, 23.1, 10.004
8.648, 21.235, 9.804
10.645, 25.053, 8.23
6.227, 13.4, 4.686
8.087, 11.943, 5.293
7.613, 23.338, 8.668
12.465, 21.175, 10.064
6.101, 14.964, 5.217
8.573, 14.818, 6.351
10.488, 25.388, 11.22
5.515, 7.513, 4.154
1.316, 12.812, 2.038
0.42, 1.039, 0.498
0.259, 0.452, 0.21
1.385, 4.629, 1.433
0.63, 1.054, 0.461
1.07, 2.683, 0.861
0.868, 1.903, 0.814
1.466, 12.812, 2.34
1.319, 3.809, 1.534
0.902, 6.422, 1.298
0.746, 6.422, 1.486
0.344, 1.161, 0.361
0.175, 0.368, 0.15
0.345, 0.802, 0.34
1.016, 2.512, 0.912
1.048, 2.069, 0.907
1.96, 12.812, 3.025
1.906, 12.297, 3.534
3.797, 12.296, 5.787
0.75, 1.52, 0.655
2.122, 12.812, 2.937
1.797, 12.812, 3.093
4.269, 12.736, 5.825
1.0, 2.693, 0.959
0.853, 2.325, 0.907
2.083, 1.315, 0.93
3.592, 7.4, 2.749
1.617, 13.519, 2.388
0.293, 0.245, 0.108
0.457, 0.609, 0.267
1.895, 12.407, 2.68
1.312, 4.839, 1.483
1.904, 4.839, 2.118
1.142, 3.325, 1.446
2.312, 12.381, 3.291
2.052, 9.389, 2.548
1.097, 2.517, 0.995
0.789, 1.996, 0.877
4.07, 12.233, 5.69
1.672, 8.483, 1.795
1.766, 4.65, 1.737
1.732, 8.459, 1.901
1.766, 8.459, 1.974
2.004, 3.878, 1.742
1.702, 8.459, 2.183
1.815, 8.459, 2.351
2.01, 8.459, 2.744
3.2, 8.459, 3.679
1.654, 5.817, 1.932
0.705, 1.332, 0.487
0.698, 1.045, 0.453
2.995, 11.944, 5.144
0.758, 1.856, 0.56
0.828, 1.856, 0.791
1.606, 4.682, 1.877
1.047, 3.104, 1.34
1.176, 3.539, 1.249
0.67, 1.572, 0.865
0.317, 0.376, 0.154
1.607, 9.659, 2.483
1.194, 2.798, 1.271
0.705, 1.802, 0.567
0.997, 1.802, 0.751
1.903, 9.659, 3.082
2.199, 9.659, 3.494
3.548, 9.651, 4.325
1.919, 20.18, 3.375
0.297, 0.333, 0.158
0.439, 0.775, 0.282
0.281, 0.4, 0.151
2.471, 10.68, 3.464
1.002, 1.008, 0.511
1.578, 16.83, 3.088
2.672, 16.803, 5.817
4.06, 16.803, 7.266
1.41, 13.862, 2.631
1.418, 13.862, 2.669
2.05, 13.837, 4.483
0.265, 0.338, 0.139
1.323, 13.499, 2.285
1.286, 5.387, 1.944
0.272, 0.427, 0.158
1.318, 13.499, 2.459
2.321, 6.067, 3.405
0.965, 1.749, 0.792
0.583, 1.629, 0.563
0.6, 1.629, 0.615
0.377, 0.694, 0.387
0.94, 3.877, 1.09
0.954, 3.877, 1.166
0.428, 0.994, 0.571
0.924, 2.245, 1.28
3.446, 11.106, 3.263
2.229, 5.103, 2.03
2.293, 7.858, 2.428
1.882, 4.791, 1.842
2.247, 11.589, 3.285
2.793, 11.589, 3.96
3.364, 11.579, 4.842
2.567, 10.753, 4.664
1.148, 2.005, 0.865
1.401, 2.005, 1.074
2.095, 14.705, 4.55
0.491, 0.732, 0.302
1.972, 3.905, 1.998
1.345, 8.924, 1.678
0.222, 0.265, 0.12
0.507, 1.071, 0.496
1.444, 8.924, 1.765
1.689, 3.665, 1.898
1.368, 8.924, 1.805
1.402, 3.135, 1.343
0.933, 3.372, 1.109
0.611, 2.25, 0.777
0.279, 0.767, 0.315
0.369, 0.902, 0.38
1.098, 7.05, 1.898
1.302, 6.988, 2.408
2.228, 6.958, 3.35
1.889, 8.895, 2.394
1.759, 8.895, 2.196
1.961, 8.895, 2.34
1.929, 8.895, 2.622
1.474, 3.429, 1.81
1.368, 2.511, 1.286
1.146, 2.12, 0.853
1.854, 4.289, 1.636
1.973, 4.289, 1.909
2.236, 12.556, 3.332
1.416, 3.85, 1.4
1.543, 3.85, 1.6
0.504, 0.825, 0.458
1.82, 24.244, 3.847
0.437, 0.474, 0.228
1.417, 6.595, 1.872
1.178, 1.001, 0.504
1.847, 6.903, 2.815
0.247, 0.222, 0.112
0.839, 3.162, 1.036
0.246, 0.131, 0.048
0.757, 2.716, 0.895
0.677, 2.716, 0.901
4.905, 24.084, 8.136
5.745, 24.084, 8.847
4.313, 17.054, 6.614
0.722, 19.16, 2.128
0.287, 0.368, 0.185
0.329, 1.013, 0.265
0.317, 1.013, 0.291
0.364, 1.013, 0.352
0.234, 0.491, 0.264
0.28, 0.782, 0.253
0.337, 0.782, 0.326
0.328, 0.679, 0.375
0.64, 3.909, 0.958
0.766, 3.9, 1.33
1.165, 3.854, 1.601
0.44, 0.862, 0.43
0.586, 2.042, 0.678
0.599, 2.03, 0.992
0.491, 1.301, 0.6
1.132, 3.102, 1.378
0.436, 1.782, 0.506
0.666, 1.778, 0.756
0.343, 0.86, 0.397
0.938, 15.853, 1.773
0.296, 0.338, 0.159
0.445, 0.856, 0.412
0.446, 0.858, 0.412
0.666, 0.931, 0.475
1.414, 14.424, 2.97
1.708, 14.379, 3.91
0.837, 2.603, 1.086
3.124, 14.379, 6.368
1.012, 2.543, 0.921
1.098, 2.543, 1.055
0.929, 1.517, 0.825
1.666, 15.81, 3.985
3.508, 15.765, 6.934
0.64, 1.38, 0.504
0.69, 1.38, 0.584
0.721, 1.38, 0.653
1.537, 9.011, 2.326
3.172, 8.968, 3.557
0.647, 2.071, 0.676
0.695, 2.071, 0.788
0.868, 2.071, 0.946
1.42, 10.662, 2.703
1.035, 9.376, 2.086
0.491, 0.677, 0.271
1.057, 2.848, 1.154
2.282, 9.319, 4.032
0.592, 2.215, 0.604
0.644, 2.2, 0.929
0.626, 1.152, 0.451
0.733, 1.152, 0.479
0.368, 0.934, 0.321
0.21, 0.197, 0.108
0.545, 0.981, 0.363
1.309, 5.425, 1.395
1.058, 5.401, 1.627
1.531, 5.396, 2.011
0.466, 0.902, 0.475
0.509, 1.135, 0.389
0.35, 0.404, 0.186
0.344, 0.631, 0.226
0.25, 0.254, 0.136
0.425, 1.015, 0.29
0.364, 0.886, 0.262
0.355, 0.886, 0.282
0.217, 0.314, 0.157
0.38, 0.529, 0.291
0.242, 0.236, 0.119
0.488, 1.485, 0.484
0.579, 1.485, 0.578
0.625, 1.401, 0.644
0.445, 1.279, 0.43
0.52, 1.279, 0.474
0.595, 1.279, 0.571
0.671, 2.855, 0.719
0.724, 1.715, 0.69
0.795, 1.715, 0.821
0.595, 2.847, 0.715
0.653, 2.847, 0.755
0.71, 2.847, 0.807
0.78, 2.847, 0.933
0.958, 2.847, 1.323
1.717, 10.885, 2.519
1.255, 7.737, 1.806
0.533, 0.677, 0.282
1.56, 7.737, 2.209
1.581, 7.737, 2.348
0.592, 0.865, 0.378
0.587, 1.079, 0.54
0.779, 1.481, 0.613
0.995, 3.226, 1.046
0.901, 3.202, 1.116
0.912, 3.202, 1.387
0.399, 1.146, 0.35
0.327, 1.077, 0.309
0.349, 1.077, 0.378
0.483, 1.077, 0.471
0.693, 1.902, 0.615
0.614, 2.032, 0.636
0.555, 1.991, 0.864
1.478, 3.183, 1.179
1.002, 2.354, 0.961
0.63, 3.756, 0.814
0.421, 0.905, 0.318
0.365, 0.886, 0.283
0.214, 0.314, 0.158
0.379, 0.529, 0.29
0.241, 0.236, 0.119
0.647, 3.067, 0.776
0.842, 3.067, 1.021
1.201, 3.067, 1.42
0.44, 1.266, 0.426
0.516, 1.266, 0.469
0.59, 1.266, 0.566
0.63, 2.583, 0.65
0.657, 1.555, 0.606
0.705, 1.386, 0.693
0.573, 2.576, 0.652
0.627, 2.576, 0.687
0.68, 2.576, 0.734
0.74, 2.576, 0.845
0.887, 2.576, 1.191
0.988, 4.087, 1.11
0.857, 4.087, 1.162
0.347, 0.512, 0.218
0.583, 1.074, 0.537
1.588, 12.429, 2.229
0.324, 0.314, 0.149
1.315, 2.727, 1.28
2.246, 6.165, 2.793
0.989, 3.083, 1.115
0.513, 1.053, 0.499
0.922, 2.285, 0.737
0.707, 1.627, 0.557
1.317, 7.155, 2.18
1.835, 7.155, 3.06
2.139, 9.896, 2.933
1.064, 0.872, 0.384
1.793, 12.429, 2.55
1.456, 6.179, 2.148
1.933, 6.179, 2.653
1.879, 12.4, 2.698
1.288, 3.746, 1.211
1.231, 3.746, 1.51
2.187, 12.4, 3.087
2.297, 10.764, 2.957
2.694, 10.752, 4.126
2.127, 7.102, 2.634
2.155, 4.87, 2.562
2.087, 12.4, 3.734
2.437, 12.4, 4.151
0.475, 1.008, 0.574
2.473, 7.707, 2.497
2.17, 7.707, 2.547
3.306, 7.707, 3.708
1.048, 8.437, 1.524
1.902, 8.437, 2.884
2.375, 8.437, 3.563
0.856, 4.755, 0.98
0.857, 2.433, 0.766
0.601, 1.867, 0.613
0.68, 1.867, 0.793
0.901, 4.755, 1.198
0.458, 1.046, 0.355
4.036, 10.19, 5.507
0.677, 18.812, 1.725
0.267, 0.383, 0.194
0.331, 1.017, 0.266
0.32, 1.017, 0.292
0.365, 1.017, 0.353
0.235, 0.494, 0.265
0.282, 0.783, 0.256
0.339, 0.783, 0.329
0.333, 0.695, 0.384
0.72, 4.783, 1.171
0.925, 4.774, 1.637
1.42, 4.722, 1.969
0.441, 0.866, 0.432
0.639, 2.228, 0.756
0.645, 2.215, 1.085
0.508, 1.367, 0.631
0.76, 3.686, 1.067
0.348, 0.955, 0.362
0.436, 0.892, 0.495
0.5, 2.214, 0.603
0.619, 2.211, 0.814
1.008, 2.177, 0.924
0.358, 0.773, 0.358
0.466, 1.166, 0.377
0.317, 0.614, 0.245
0.642, 3.024, 0.89
0.868, 3.024, 1.473
0.669, 1.391, 0.706
0.654, 1.72, 0.677
0.527, 1.89, 0.573
0.759, 1.886, 0.851
0.35, 0.885, 0.409
0.925, 21.929, 2.001
0.289, 0.439, 0.223
0.303, 0.617, 0.224
0.322, 0.573, 0.26
0.272, 0.454, 0.238
0.603, 5.34, 0.971
0.418, 1.263, 0.367
0.331, 0.868, 0.301
0.382, 0.868, 0.341
0.218, 0.376, 0.192
0.484, 0.74, 0.281
0.403, 1.088, 0.429
0.551, 3.895, 0.914
0.359, 2.245, 0.726
0.482, 2.238, 0.888
0.867, 2.238, 1.235
0.506, 2.191, 0.705
0.624, 2.164, 0.825
0.943, 2.164, 1.019
0.526, 3.117, 0.923
0.678, 3.108, 1.058
0.965, 3.09, 1.479
0.549, 3.154, 0.928
0.682, 3.145, 1.07
0.974, 3.128, 1.497
0.551, 3.19, 0.939
0.686, 3.181, 1.082
0.983, 3.164, 1.515
0.553, 3.226, 0.949
0.689, 3.216, 1.093
0.992, 3.199, 1.533
0.37, 0.954, 0.291
0.384, 0.907, 0.341
0.147, 0.133, 0.069
1.087, 10.667, 2.184
0.645, 3.418, 0.778
0.607, 3.418, 0.826
0.402, 1.157, 0.388
0.218, 0.33, 0.119
1.456, 3.225, 1.75
1.02, 7.542, 1.734
0.608, 4.688, 0.925
0.754, 4.683, 1.343
0.928, 4.683, 1.564
0.222, 0.388, 0.199
0.515, 0.74, 0.278
0.402, 1.088, 0.429
0.625, 3.749, 0.881
0.342, 2.143, 0.694
0.47, 2.136, 0.844
0.829, 2.136, 1.179
0.505, 2.198, 0.707
0.625, 2.171, 0.828
0.944, 2.171, 1.022
0.603, 2.704, 0.802
0.786, 2.703, 0.881
1.079, 2.698, 1.175
0.613, 2.606, 0.767
0.773, 2.605, 0.849
1.055, 2.6, 1.129
1.16, 7.778, 2.353
1.655, 7.604, 3.025
0.34, 0.355, 0.201
1.648, 10.527, 3.064
0.553, 0.69, 0.276
3.592, 15.738, 6.884
0.659, 4.241, 1.054
0.728, 4.241, 1.236
0.66, 4.241, 1.385
0.767, 5.305, 1.252
0.479, 1.932, 0.528
0.511, 1.856, 0.606
0.933, 6.225, 1.68
0.754, 6.225, 1.398
0.804, 6.225, 1.525
0.538, 1.655, 0.573
0.218, 0.33, 0.119
2.399, 6.011, 3.358
0.956, 6.959, 1.656
0.543, 1.401, 0.433
0.247, 0.041, 0.02
2.298, 9.488, 3.755
0.447, 0.538, 0.254
0.412, 0.938, 0.37
0.504, 0.71, 0.359
3.724, 12.058, 5.734
0.695, 5.101, 1.127
0.612, 5.101, 1.003
0.768, 5.096, 1.472
0.955, 5.096, 1.716
0.224, 0.397, 0.204
0.514, 0.74, 0.278
0.402, 1.087, 0.429
0.542, 3.598, 0.822
0.258, 1.54, 0.499
0.348, 1.538, 0.607
0.606, 1.538, 0.849
0.502, 2.181, 0.703
0.622, 2.154, 0.822
0.94, 2.154, 1.014
0.587, 2.52, 0.753
0.764, 2.518, 0.823
1.033, 2.513, 1.088
1.093, 7.867, 1.758
0.815, 7.867, 1.67
0.601, 3.84, 1.115
0.753, 3.84, 1.295
0.224, 0.394, 0.202
0.483, 0.74, 0.281
0.401, 1.086, 0.428
0.745, 7.886, 1.647
0.261, 1.479, 0.478
0.35, 1.477, 0.579
0.61, 1.477, 0.797
0.499, 2.152, 0.695
0.617, 2.126, 0.813
0.932, 2.126, 1.002
1.455, 4.163, 1.478
1.114, 3.281, 1.533
0.652, 5.569, 1.09
0.254, 1.425, 0.46
0.341, 1.423, 0.557
0.592, 1.423, 0.766
0.494, 2.115, 0.685
0.611, 2.088, 0.801
0.922, 2.088, 0.986
0.587, 2.441, 0.732
0.757, 2.44, 0.8
1.014, 2.435, 1.051
1.793, 4.831, 2.784
4.706, 13.477, 6.216
0.843, 6.867, 1.5
0.653, 4.24, 1.011
0.568, 3.263, 0.942
0.698, 3.263, 1.092
0.223, 0.392, 0.201
0.483, 0.74, 0.28
0.401, 1.085, 0.428
1.116, 13.102, 2.394
0.241, 1.379, 0.445
0.321, 1.378, 0.542
0.552, 1.378, 0.757
0.491, 2.091, 0.679
0.607, 2.064, 0.793
0.916, 2.064, 0.976
1.74, 13.089, 3.487
2.17, 13.074, 3.854
3.064, 13.061, 4.692
4.436, 13.061, 6.136
1.381, 13.816, 2.028
0.225, 0.075, 0.035
0.781, 0.825, 0.396
0.958, 4.356, 1.041
1.101, 4.356, 1.18
1.21, 1.869, 0.714
1.437, 4.356, 2.042
1.868, 9.133, 2.565
0.993, 2.456, 1.006
2.679, 9.133, 3.299
3.381, 9.133, 3.587
0.826, 2.423, 0.824
0.431, 0.398, 0.221
1.412, 3.509, 1.182
1.846, 9.05, 2.415
1.507, 7.613, 1.894
0.99, 2.212, 0.965
1.315, 2.212, 1.075
2.682, 7.613, 3.455
1.622, 11.984, 3.01
0.93, 4.794, 1.363
1.109, 4.794, 1.707
1.677, 4.794, 2.189
1.193, 3.79, 1.279
1.086, 3.718, 1.594
1.009, 1.751, 0.672
0.773, 1.017, 0.459
0.747, 1.434, 0.53
0.518, 0.528, 0.287
1.09, 3.171, 0.932
0.92, 3.171, 0.871
0.908, 3.171, 0.944
0.464, 0.697, 0.349
0.871, 1.303, 0.691
0.52, 0.549, 0.275
1.395, 13.774, 3.081
2.251, 13.774, 4.407
3.924, 13.774, 6.648
0.664, 1.655, 0.614
0.77, 1.655, 0.68
0.798, 1.655, 0.756
1.124, 3.878, 1.148
1.399, 3.878, 1.394
1.758, 3.878, 1.924
0.895, 3.23, 0.888
0.971, 3.23, 0.934
1.019, 3.23, 0.992
1.069, 3.23, 1.144
1.362, 3.23, 1.489
2.615, 10.843, 3.463
2.728, 10.843, 3.78
0.76, 1.192, 0.507
2.136, 4.945, 2.571
2.116, 27.552, 4.155
1.822, 6.997, 2.473
1.273, 2.062, 1.034
2.401, 4.188, 1.814
0.483, 0.86, 0.405
0.475, 0.861, 0.406
1.054, 4.972, 1.585
0.218, 0.171, 0.091
0.687, 2.815, 0.743
0.502, 0.774, 0.353
1.038, 2.558, 1.218
2.954, 16.094, 4.463
0.657, 1.255, 0.543
6.148, 15.664, 7.301
3.001, 16.127, 4.504
0.722, 1.186, 0.585
6.134, 15.698, 7.313
2.653, 16.159, 4.515
0.604, 1.085, 0.472
6.122, 15.73, 7.325
1.326, 5.341, 2.077
0.581, 1.642, 0.747
1.188, 3.003, 1.114
0.969, 2.992, 1.42
3.702, 23.496, 4.53
0.603, 1.209, 0.624
3.837, 6.551, 2.76
2.008, 4.641, 1.98
1.947, 5.552, 1.817
1.333, 2.481, 0.973
2.161, 4.339, 1.577
6.767, 8.99, 2.937
7.919, 5.864, 2.392
1.452, 9.969, 1.865
0.565, 1.09, 0.491
0.468, 0.573, 0.324
1.52, 9.969, 1.94
1.47, 9.969, 1.93
1.496, 7.2, 2.43
1.069, 3.361, 1.614
1.364, 6.521, 1.668
1.463, 6.521, 1.94
1.117, 3.094, 1.133
0.745, 1.673, 0.887
0.485, 1.302, 0.443
0.35, 0.291, 0.153
0.481, 0.007, 0.005
1.473, 9.969, 1.994
2.245, 9.969, 3.059
3.767, 9.969, 4.344
0.963, 2.636, 0.821
1.127, 2.636, 0.907
1.084, 2.636, 1.054
1.057, 2.631, 1.473
0.626, 0.279, 0.198
1.994, 5.534, 2.248
2.377, 5.163, 2.482
1.53, 5.392, 1.97
1.154, 3.518, 1.668
3.432, 4.096, 2.896
1.003, 18.812, 2.099
0.399, 0.686, 0.349
0.45, 1.131, 0.369
0.411, 0.784, 0.376
0.342, 0.723, 0.401
0.604, 2.377, 0.734
0.676, 2.365, 1.163
0.522, 1.402, 0.648
0.567, 1.969, 0.722
0.565, 1.895, 0.925
0.659, 1.968, 0.922
0.925, 3.632, 1.241
0.376, 1.115, 0.409
0.49, 1.05, 0.587
0.532, 2.633, 0.698
0.682, 2.631, 0.96
1.117, 2.596, 1.121
0.366, 0.802, 0.371
0.43, 1.262, 0.373
0.321, 0.624, 0.248
0.984, 3.947, 1.313
1.1, 3.947, 1.933
1.267, 2.655, 1.383
1.189, 3.558, 1.406
0.903, 4.235, 1.155
1.382, 4.214, 1.757
0.717, 1.945, 0.901
1.303, 14.267, 2.716
1.142, 14.267, 2.39
0.817, 1.62, 0.823
1.125, 14.267, 2.519
1.115, 14.267, 2.608
1.209, 14.267, 2.823
1.313, 14.267, 3.036
1.517, 14.248, 3.395
1.806, 14.239, 3.791
1.875, 14.163, 4.396
2.807, 14.157, 5.66
1.0, 5.621, 1.306
0.989, 5.618, 1.433
0.962, 1.753, 0.879
0.89, 5.584, 1.703
1.189, 5.577, 2.199
1.41, 15.536, 2.656
0.397, 0.561, 0.306
0.191, 0.257, 0.12
0.651, 2.031, 0.978
0.981, 2.522, 1.177
0.522, 0.67, 0.348
0.458, 0.894, 0.347
0.58, 1.004, 0.418
1.412, 4.293, 2.066
1.013, 5.314, 1.514
0.46, 0.561, 0.225
1.259, 7.87, 2.231
0.766, 2.726, 0.971
0.234, 0.263, 0.132
1.65, 6.469, 2.49
0.956, 2.492, 1.03
1.414, 9.559, 2.438
0.534, 1.657, 0.688
2.015, 9.557, 3.228
2.35, 9.557, 3.736
1.557, 15.504, 2.885
3.392, 15.47, 6.82
1.224, 9.633, 1.857
1.214, 5.188, 1.632
2.068, 5.143, 2.223
1.223, 9.628, 2.048
1.754, 9.566, 3.289
3.126, 9.563, 4.487
0.87, 1.995, 0.628
0.898, 1.995, 0.695
1.126, 1.969, 0.836
2.227, 7.96, 3.162
2.933, 12.924, 5.676
0.611, 1.365, 0.559
1.132, 3.519, 1.138
1.144, 3.519, 1.29
1.33, 3.504, 1.385
1.528, 3.504, 1.516
1.24, 3.04, 1.747
1.585, 11.828, 3.311
0.414, 0.625, 0.289
0.733, 2.906, 0.9
0.618, 2.906, 0.976
0.288, 0.415, 0.209
2.101, 12.801, 3.728
2.314, 12.801, 4.095
3.526, 12.798, 5.392
1.993, 12.106, 4.153
3.438, 12.106, 5.866
2.094, 9.869, 3.55
2.712, 9.869, 4.149
2.016, 12.941, 4.004
2.183, 12.941, 4.281
3.313, 12.846, 5.521
1.984, 12.938, 4.478
3.459, 12.938, 6.376
2.055, 11.388, 4.183
2.734, 11.388, 4.922
1.591, 12.967, 2.409
0.717, 1.922, 0.649
0.931, 1.922, 0.851
1.37, 1.922, 1.078
1.73, 12.967, 2.551
1.815, 9.227, 2.563
1.416, 5.156, 1.775
0.567, 1.06, 0.546
1.91, 12.934, 3.48
0.594, 0.929, 0.362
0.601, 0.795, 0.34
0.834, 2.756, 0.891
0.596, 0.86, 0.355
1.266, 8.486, 2.121
1.164, 3.058, 1.27
1.531, 8.428, 2.705
1.856, 8.428, 3.033
2.423, 8.428, 3.517
1.92, 11.062, 2.628
3.327, 8.712, 4.109
1.57, 6.665, 1.99
2.494, 6.665, 3.026
1.193, 6.245, 1.74
1.193, 6.245, 2.29
0.179, 0.165, 0.083
1.87, 11.029, 2.656
1.859, 9.688, 2.333
3.42, 9.688, 4.338
1.003, 2.14, 0.741
1.189, 2.14, 1.068
2.036, 11.003, 3.073
2.129, 11.003, 3.249
2.282, 11.003, 3.456
1.556, 7.393, 2.549
0.275, 0.326, 0.118
5.377, 8.164, 4.501
1.164, 14.185, 2.014
0.408, 0.705, 0.286
0.919, 1.663, 0.552
2.022, 3.707, 1.539
2.788, 4.887, 2.451
0.89, 7.863, 1.493
0.444, 0.601, 0.331
0.378, 0.303, 0.151
0.309, 0.358, 0.194
1.817, 7.734, 2.784
2.944, 7.734, 3.449
0.616, 0.829, 0.417
0.534, 1.954, 0.587
0.632, 1.511, 0.626
0.323, 0.859, 0.297
0.182, 0.257, 0.107
1.067, 6.718, 1.556
1.817, 6.695, 2.828
0.695, 3.125, 0.856
0.544, 1.352, 0.472
0.35, 0.578, 0.25
1.422, 2.268, 1.149
1.535, 13.517, 2.402
0.426, 0.677, 0.286
1.547, 2.922, 1.305
0.905, 1.974, 0.78
0.643, 0.711, 0.397
1.54, 10.179, 2.241
1.954, 10.179, 3.466
2.766, 10.179, 4.313
1.513, 9.234, 2.02
1.914, 6.684, 2.07
1.756, 6.514, 2.589
1.391, 5.498, 2.137
0.987, 3.714, 1.075
1.036, 3.714, 1.257
0.564, 1.16, 0.431
2.426, 9.138, 3.448
1.032, 3.515, 1.232
0.278, 0.478, 0.239
1.048, 3.26, 1.552
0.885, 2.638, 0.962
0.941, 2.638, 1.109
1.393, 6.864, 2.179
1.12, 6.659, 2.036
2.052, 6.658, 2.881
1.48, 6.401, 2.124
1.791, 6.401, 2.419
0.938, 15.853, 1.773
0.296, 0.338, 0.159
0.445, 0.856, 0.412
0.446, 0.858, 0.412
0.666, 0.931, 0.475
1.414, 14.424, 2.97
1.708, 14.379, 3.91
0.837, 2.603, 1.086
3.124, 14.379, 6.368
1.012, 2.543, 0.921
1.098, 2.543, 1.055
0.929, 1.517, 0.825
1.666, 15.81, 3.985
3.508, 15.765, 6.934
0.64, 1.38, 0.504
0.69, 1.38, 0.584
0.721, 1.38, 0.653
1.537, 9.011, 2.326
3.172, 8.968, 3.557
0.647, 2.071, 0.676
0.695, 2.071, 0.788
0.868, 2.071, 0.946
1.42, 10.662, 2.703
1.035, 9.376, 2.086
0.491, 0.677, 0.271
1.057, 2.848, 1.154
2.282, 9.319, 4.032
0.592, 2.215, 0.604
0.644, 2.2, 0.929
0.626, 1.152, 0.451
0.733, 1.152, 0.479
0.368, 0.934, 0.321
0.21, 0.197, 0.108
0.545, 0.981, 0.363
1.309, 5.425, 1.395
1.058, 5.401, 1.627
1.531, 5.396, 2.011
0.466, 0.902, 0.475
0.509, 1.135, 0.389
0.35, 0.404, 0.186
0.344, 0.631, 0.226
0.25, 0.254, 0.136
0.425, 1.015, 0.29
0.364, 0.886, 0.262
0.355, 0.886, 0.282
0.217, 0.314, 0.157
0.38, 0.529, 0.291
0.242, 0.236, 0.119
0.488, 1.485, 0.484
0.579, 1.485, 0.578
0.625, 1.401, 0.644
0.445, 1.279, 0.43
0.52, 1.279, 0.474
0.595, 1.279, 0.571
0.671, 2.855, 0.719
0.724, 1.715, 0.69
0.795, 1.715, 0.821
0.595, 2.847, 0.715
0.653, 2.847, 0.755
0.71, 2.847, 0.807
0.78, 2.847, 0.933
0.958, 2.847, 1.323
1.717, 10.885, 2.519
1.255, 7.737, 1.806
0.533, 0.677, 0.282
1.56, 7.737, 2.209
1.581, 7.737, 2.348
0.592, 0.865, 0.378
0.587, 1.079, 0.54
0.779, 1.481, 0.613
0.995, 3.226, 1.046
0.901, 3.202, 1.116
0.912, 3.202, 1.387
0.399, 1.146, 0.35
0.327, 1.077, 0.309
0.349, 1.077, 0.378
0.483, 1.077, 0.471
0.693, 1.902, 0.615
0.614, 2.032, 0.636
0.555, 1.991, 0.864
1.478, 3.183, 1.179
1.002, 2.354, 0.961
0.63, 3.756, 0.814
0.421, 0.905, 0.318
0.365, 0.886, 0.283
0.214, 0.314, 0.158
0.379, 0.529, 0.29
0.241, 0.236, 0.119
0.647, 3.067, 0.776
0.842, 3.067, 1.021
1.201, 3.067, 1.42
0.44, 1.266, 0.426
0.516, 1.266, 0.469
0.59, 1.266, 0.566
0.63, 2.583, 0.65
0.657, 1.555, 0.606
0.705, 1.386, 0.693
0.573, 2.576, 0.652
0.627, 2.576, 0.687
0.68, 2.576, 0.734
0.74, 2.576, 0.845
0.887, 2.576, 1.191
0.988, 4.087, 1.11
0.857, 4.087, 1.162
0.347, 0.512, 0.218
0.583, 1.074, 0.537
1.455, 17.198, 2.886
0.55, 1.095, 0.555
0.614, 1.249, 0.566
1.82, 3.902, 1.864
0.599, 0.94, 0.388
0.277, 0.399, 0.148
0.27, 0.391, 0.16
1.683, 8.985, 2.495
0.713, 0.6, 0.247
2.038, 9.006, 3.478
1.398, 3.312, 1.295
2.033, 11.069, 3.528
0.69, 1.344, 0.621
0.644, 19.16, 1.725
0.275, 0.406, 0.207
0.336, 1.026, 0.269
0.325, 1.026, 0.296
0.368, 1.026, 0.356
0.238, 0.499, 0.268
0.283, 0.783, 0.257
0.341, 0.783, 0.331
0.336, 0.703, 0.389
0.616, 2.535, 0.771
0.715, 2.522, 1.243
0.523, 1.419, 0.656
0.608, 3.761, 0.926
0.751, 3.752, 1.276
1.135, 3.697, 1.535
0.443, 0.872, 0.435
0.614, 2.184, 0.681
0.355, 0.999, 0.376
0.451, 0.936, 0.521
0.508, 2.309, 0.625
0.635, 2.306, 0.846
1.035, 2.272, 0.967
0.36, 0.78, 0.361
0.462, 1.187, 0.376
0.318, 0.617, 0.246
0.671, 3.221, 0.95
0.917, 3.221, 1.571
0.708, 1.505, 0.755
0.636, 1.604, 0.637
0.468, 2.133, 0.59
0.741, 2.129, 0.897
0.363, 0.937, 0.434
1.098, 11.063, 1.749
0.294, 0.538, 0.251
0.256, 0.437, 0.203
1.345, 5.608, 1.719
0.59, 1.124, 0.488
1.737, 9.551, 2.749
1.903, 8.434, 3.715
1.786, 9.551, 2.688
2.254, 9.551, 2.981
3.686, 9.544, 4.043
0.638, 1.064, 0.478
0.303, 0.078, 0.055
1.082, 3.619, 1.201
2.002, 3.578, 1.486
0.578, 1.488, 0.546
0.576, 1.488, 0.576
0.986, 0.852, 0.602
1.05, 6.708, 1.503
0.532, 1.201, 0.427
0.512, 1.201, 0.431
0.483, 1.198, 0.411
0.483, 1.198, 0.429
0.54, 1.176, 0.622
1.112, 4.601, 1.277
0.606, 1.146, 0.498
0.713, 1.114, 0.557
0.523, 1.66, 0.547
0.22, 0.179, 0.095
2.009, 6.694, 2.575
1.104, 5.357, 1.536
0.725, 2.655, 0.867
0.956, 2.655, 1.065
0.917, 9.767, 1.478
0.694, 3.864, 0.965
0.438, 1.043, 0.393
0.468, 0.749, 0.376
0.184, 0.206, 0.108
1.232, 9.763, 2.171
2.377, 9.752, 3.185
3.441, 9.752, 4.34
2.337, 8.133, 3.339
0.744, 7.848, 1.475
1.472, 7.72, 2.437
0.685, 2.587, 1.024
0.377, 1.035, 0.336
0.356, 0.98, 0.304
0.384, 0.575, 0.247
0.348, 0.631, 0.277
0.746, 3.648, 0.717
0.481, 1.271, 0.42
0.638, 1.271, 0.567
0.642, 2.032, 0.513
0.853, 1.378, 0.511
0.516, 1.456, 0.431
0.548, 1.456, 0.498
0.653, 1.439, 0.551
0.701, 2.031, 0.744
1.376, 3.62, 1.206
1.366, 3.62, 1.339
0.587, 1.795, 0.579
0.525, 0.998, 0.531
0.381, 1.111, 0.434
1.344, 9.227, 2.26
3.041, 8.424, 4.75
1.81, 9.212, 2.607
2.349, 3.536, 1.856
2.116, 9.212, 3.358
1.665, 2.802, 1.431
0.874, 2.165, 0.866
0.3, 0.389, 0.206
1.704, 7.799, 3.058
0.324, 0.526, 0.28
1.774, 8.714, 3.461
0.284, 0.384, 0.197
1.733, 8.714, 3.48
0.205, 0.138, 0.077
3.09, 6.425, 3.259
0.403, 0.666, 0.241
0.584, 1.052, 0.448
0.393, 0.954, 0.32
0.976, 4.396, 1.571
0.763, 14.034, 1.796
0.407, 0.666, 0.266
1.667, 4.8, 1.816
0.712, 1.018, 0.536
0.435, 6.057, 0.825
0.204, 0.28, 0.152
0.214, 0.166, 0.094
0.161, 0.175, 0.096
1.101, 6.009, 2.062
1.956, 5.941, 2.822
0.513, 0.704, 0.355
0.318, 0.98, 0.309
0.273, 0.557, 0.235
0.281, 0.858, 0.282
0.197, 0.318, 0.132
0.381, 1.027, 0.334
0.42, 1.022, 0.427
0.316, 0.92, 0.304
0.289, 0.751, 0.267
0.181, 0.284, 0.123
0.522, 0.725, 0.381
1.355, 13.948, 2.108
0.557, 1.967, 0.583
0.376, 0.424, 0.207
0.49, 1.424, 0.432
1.914, 13.109, 4.294
1.519, 13.818, 3.934
2.69, 13.787, 5.543
2.115, 11.086, 3.307
0.427, 0.465, 0.206
2.144, 11.916, 3.451
0.413, 0.423, 0.187
1.813, 12.649, 2.822
2.14, 8.604, 2.756
2.548, 8.604, 3.685
2.525, 3.621, 1.945
1.722, 12.649, 2.905
1.768, 12.649, 2.951
1.841, 8.072, 2.624
2.593, 8.053, 3.496
0.36, 0.526, 0.259
1.492, 5.407, 2.087
2.092, 11.682, 4.279
2.664, 11.682, 5.102
1.606, 12.649, 2.94
1.43, 6.772, 2.266
2.499, 6.764, 3.018
0.252, 0.381, 0.165
0.457, 1.201, 0.478
2.09, 12.621, 4.682
2.752, 12.621, 5.564
2.311, 12.266, 3.302
3.3, 12.196, 5.122
1.774, 10.251, 2.778
1.999, 10.192, 3.09
2.609, 10.166, 3.507
3.445, 10.166, 4.403
1.694, 12.522, 2.875
3.305, 12.47, 5.241
1.111, 8.49, 1.963
1.195, 8.451, 2.194
1.543, 8.431, 2.542
2.074, 8.431, 3.258
1.173, 13.548, 1.755
1.191, 4.929, 1.593
1.334, 4.929, 2.077
1.369, 2.883, 1.514
1.147, 13.548, 1.729
1.146, 13.548, 1.732
0.943, 4.181, 1.233
1.213, 4.181, 1.746
0.945, 1.551, 0.753
1.156, 13.548, 1.757
2.333, 13.437, 4.592
4.173, 13.437, 6.335
0.659, 1.488, 0.524
0.776, 1.488, 0.687
0.646, 1.773, 0.59
0.794, 1.773, 0.797
0.579, 3.225, 0.739
0.643, 3.225, 0.837
0.675, 3.225, 0.908
0.417, 0.817, 0.323
0.465, 0.779, 0.394
0.463, 1.138, 0.349
0.65, 1.138, 0.513
1.244, 9.3, 1.942
1.392, 9.3, 2.122
1.763, 9.3, 2.631
3.023, 9.3, 4.282
0.668, 1.213, 0.588
1.097, 1.984, 0.93
0.685, 2.481, 0.712
0.874, 1.999, 0.787
0.613, 2.481, 0.764
0.219, 0.185, 0.077
1.513, 7.825, 1.896
1.52, 6.699, 1.624
2.919, 6.692, 2.642
1.009, 2.712, 0.899
1.275, 2.712, 1.225
1.009, 2.082, 0.887
1.342, 7.825, 2.519
0.194, 0.201, 0.078
1.019, 8.656, 1.623
0.864, 2.986, 0.863
0.803, 1.169, 0.463
0.958, 2.986, 1.082
1.02, 2.986, 1.385
0.988, 2.717, 1.108
1.326, 8.656, 2.794
0.192, 0.201, 0.079
1.346, 12.923, 1.873
1.32, 12.923, 1.875
1.54, 12.912, 2.231
1.885, 12.888, 2.94
3.373, 12.888, 5.511
1.264, 4.407, 1.467
1.791, 4.407, 1.968
1.154, 3.735, 1.566
1.268, 7.126, 1.704
2.242, 7.103, 2.9
0.965, 5.609, 1.357
2.062, 5.594, 2.327
0.615, 2.052, 0.691
0.812, 2.052, 0.929
0.625, 1.791, 0.728
0.855, 2.393, 0.823
1.021, 2.167, 0.887
0.714, 2.393, 0.743
0.968, 2.367, 0.911
0.685, 2.202, 0.77
0.854, 2.202, 0.998
0.666, 1.973, 0.809
2.132, 7.972, 2.771
2.543, 7.972, 3.227
0.764, 1.552, 0.628
0.756, 1.552, 0.614
0.928, 3.611, 0.906
1.852, 3.523, 1.495
0.679, 1.672, 0.558
0.827, 1.409, 0.561
0.624, 1.672, 0.671
2.184, 9.949, 3.081
1.426, 9.949, 2.453
1.647, 9.935, 2.838
1.77, 9.935, 3.37
0.658, 1.293, 0.578
1.971, 6.461, 2.625
1.503, 5.632, 2.407
1.173, 6.027, 2.021
1.474, 6.027, 2.609
1.172, 6.027, 2.021
1.473, 6.027, 2.61
1.17, 6.027, 2.022
1.473, 6.027, 2.61
1.155, 6.047, 2.037
1.451, 6.047, 2.633
1.154, 6.047, 2.037
1.45, 6.047, 2.633
1.167, 6.028, 2.023
1.473, 6.028, 2.611
1.166, 6.028, 2.023
1.473, 6.028, 2.611
1.151, 6.047, 2.038
1.45, 6.047, 2.633
1.353, 5.511, 1.498
1.396, 5.511, 1.616
1.521, 5.505, 1.698
1.011, 2.453, 0.981
0.764, 2.377, 1.019
1.007, 2.377, 1.354
1.497, 7.162, 1.876
1.431, 7.162, 2.11
1.831, 7.151, 2.489
2.615, 7.102, 3.282
0.916, 3.355, 0.914
0.92, 3.355, 0.994
1.069, 3.352, 1.081
1.068, 3.268, 1.105
0.896, 3.268, 1.41
1.223, 3.268, 1.885
1.331, 8.141, 2.02
1.412, 8.141, 2.27
1.871, 8.116, 2.694
2.599, 8.085, 3.787
2.151, 5.97, 2.511
2.077, 5.97, 2.64
1.428, 6.8, 2.292
1.683, 6.8, 2.934
1.415, 6.801, 2.29
1.683, 6.801, 2.935
1.419, 3.729, 1.325
1.349, 3.729, 1.453
1.592, 3.729, 1.655
1.188, 3.255, 1.135
1.067, 3.255, 1.171
1.168, 3.249, 1.313
0.95, 3.825, 1.032
0.851, 3.825, 1.059
1.02, 3.789, 1.231
0.6, 1.278, 0.572
0.805, 2.312, 0.827
0.71, 2.312, 0.824
0.845, 2.284, 0.945
0.664, 2.251, 0.958
1.604, 6.819, 2.228
1.781, 6.819, 2.884
1.487, 6.809, 2.23
1.759, 6.809, 2.892
1.437, 5.422, 1.852
1.403, 5.422, 2.071
1.247, 5.372, 1.941
0.246, 0.117, 0.061
0.836, 2.811, 0.846
0.786, 2.811, 0.882
0.895, 2.784, 0.971
1.034, 2.753, 1.589
0.673, 2.227, 0.835
1.418, 5.006, 1.593
1.478, 5.006, 1.914
2.817, 4.884, 2.458
1.388, 3.975, 1.313
1.338, 3.975, 1.481
1.58, 3.936, 1.696
0.395, 0.553, 0.249
1.101, 3.993, 1.181
1.083, 3.993, 1.337
1.405, 3.963, 1.594
0.392, 0.584, 0.257
1.356, 4.862, 1.297
1.385, 4.862, 1.441
1.725, 4.837, 1.601
1.183, 2.699, 1.077
0.919, 1.483, 0.754
1.15, 5.392, 1.531
1.164, 5.392, 1.812
1.889, 5.373, 2.471
