101
102
102
103
103
103
103
104
105
106
104
105
107
108
109
108
109
104
105
105
109
107
106
109
108
110
111
105
109
109
112
9
109
101
103
103
108
113
109
109
108
104
105
107
109
109
114
115
116
117
107
108
105
105
109
108
113
113
109
108
113
115
118
117
105
107
108
113
106
9
9
9
104
105
107
109
109
109
104
105
107
108
109
108
109
108
109
104
105
105
105
107
115
118
117
105
105
107
115
118
117
105
107
108
113
106
109
109
109
104
105
107
109
109
109
109
109
105
119
120
109
121
3
3
106
122
106
122
101
103
103
108
113
109
109
8
104
105
107
109
109
114
115
116
117
107
108
105
105
109
108
113
113
109
108
113
115
118
117
105
107
108
113
106
109
109
109
104
105
107
109
109
109
104
105
107
108
109
108
109
108
109
104
105
105
105
107
115
118
117
105
105
107
115
118
117
105
107
108
113
106
109
109
109
104
105
107
109
109
109
109
109
105
119
120
109
101
102
102
103
103
103
103
103
103
103
103
104
105
105
109
107
110
109
113
108
109
108
111
105
109
110
109
109
123
112
108
104
105
105
105
105
106
109
109
110
109
104
105
105
105
109
107
110
109
111
108
111
105
105
108
105
105
109
105
110
109
112
9
9
101
103
104
105
105
105
110
104
105
105
109
107
109
110
108
109
109
109
108
109
109
109
109
112
105
105
109
108
108
104
105
107
106
106
109
109
109
109
109
109
109
109
107
108
109
109
109
106
109
109
109
109
109
109
109
109
109
109
106
109
112
9
9
9
9
9
104
9
106
109
112
9
9
109
124
112
125
125
104
105
105
109
109
106
101
8
108
126
115
118
117
105
107
106
27
113
27
10
101
10
9
9
9
101
103
108
113
109
112
109
115
116
117
107
115
116
117
107
104
109
107
128
113
105
105
105
109
104
109
128
113
105
105
105
9
108
109
129
109
107
108
109
104
105
105
109
105
105
109
107
108
113
114
109
128
113
105
105
105
109
119
120
109
101
103
103
108
113
109
109
108
104
105
107
109
109
114
115
116
117
107
108
105
105
109
108
113
113
109
108
113
115
118
117
105
107
108
113
106
109
109
109
104
105
107
109
109
109
104
105
107
108
109
108
109
108
109
104
105
105
105
107
115
118
117
105
105
107
115
118
117
105
107
108
113
106
9
9
9
104
105
107
109
109
109
109
109
105
119
120
109
101
103
108
113
108
109
108
113
109
108
113
109
109
115
116
117
107
108
113
109
115
116
117
109
107
108
109
108
109
108
109
108
109
108
109
104
105
109
107
109
113
104
105
107
108
113
109
109
104
105
109
107
109
104
105
107
108
113
109
109
104
105
109
107
109
115
116
117
107
108
113
109
104
105
107
115
116
117
109
107
108
109
108
109
108
109
108
109
108
109
109
113
104
105
107
108
113
109
109
104
105
109
107
109
104
105
107
108
113
109
109
104
105
109
107
109
110
101
104
105
110
8
9
8
9
109
112
108
113
109
108
113
108
129
105
105
106
109
109
107
109
110
101
103
103
108
113
109
109
104
105
107
109
109
114
115
116
117
107
108
105
105
9
108
113
113
109
115
118
117
105
107
108
113
109
109
109
109
104
105
107
109
109
109
104
105
107
108
109
108
109
108
109
104
105
105
105
107
115
118
117
105
105
107
115
118
117
105
107
108
113
109
109
109
104
105
107
109
109
109
109
109
105
119
120
128
113
109
101
104
105
110
8
9
9
109
112
108
113
109
108
113
108
129
105
105
106
109
109
107
109
110
101
103
104
105
105
105
110
104
105
105
109
107
109
110
108
109
109
109
108
109
109
109
109
112
105
105
109
8
108
104
105
107
106
106
109
109
109
109
109
109
109
109
107
108
109
109
109
106
109
109
109
109
109
109
109
109
109
109
106
109
112
124
109
109
109
109
109
104
109
106
109
112
124
109
109
109
124
112
125
125
104
105
105
109
109
106
101
108
109
109
109
109
108
110
109
109
123
112
111
109
109
109
9
101
3
108
113
8
9
115
116
117
107
108
105
108
113
115
116
117
109
107
109
109
115
116
117
107
115
116
117
107
108
109
108
113
108
113
108
113
109
105
109
109
105
109
104
105
107
115
116
117
109
107
109
109
110
101
103
103
108
113
109
109
108
104
105
107
109
109
114
115
116
117
107
108
105
105
109
108
113
113
109
108
113
115
118
117
105
107
108
113
106
109
109
109
104
105
107
109
109
109
104
105
107
108
109
108
109
108
109
104
105
105
105
107
115
118
117
105
105
107
115
118
117
105
107
108
113
106
109
109
109
104
105
107
109
109
109
109
109
105
119
120
9
101
130
106
110
122
101
103
103
108
113
108
113
109
112
108
109
104
105
109
104
105
109
104
109
109
109
112
109
113
101
130
108
124
114
104
105
9
109
122
107
109
104
105
9
107
9
109
119
120
109
109
101
102
103
110
111
9
9
101
109
109
109
112
105
109
109
109
112
9
9
101
110
113
131
131
109
131
109
9
112
106
9
9
101
130
103
103
103
103
108
104
105
109
109
112
114
109
109
119
120
108
109
109
108
111
105
109
104
105
105
105
105
109
107
106
109
109
109
101
101
104
105
105
105
109
110
108
122
109
109
124
112
125
125
104
105
105
105
109
107
106
106
107
104
105
105
105
109
110
109
132
122
9
101
130
103
103
108
109
104
105
105
107
108
109
104
105
105
109
107
133
122
108
109
122
104
107
108
109
104
105
109
109
109
109
109
107
108
105
122
105
122
106
122
104
105
109
122
107
104
109
107
104
107
109
112
109
104
105
105
109
107
109
110
107
109
105
110
101
130
104
105
109
101
3
108
105
105
9
9
10
101
108
109
108
108
108
105
104
105
105
109
107
108
109
109
109
112
109
109
106
109
132
107
108
109
109
109
108
109
109
105
108
109
109
109
109
108
109
109
109
109
112
109
109
106
109
112
109
9
109
132
9
9
110
109
112
104
128
113
108
111
113
108
109
104
105
109
115
116
117
109
107
104
109
109
109
108
109
109
104
109
107
104
105
109
115
116
117
109
109
107
109
109
108
115
116
117
109
104
109
107
104
105
106
109
109
109
109
109
109
109
108
109
109
109
109
105
109
109
113
101
130
103
108
109
108
111
105
109
104
105
115
116
117
107
108
109
134
109
135
104
105
109
106
109
109
109
109
135
109
136
135
109
105
109
109
136
109
111
105
105
109
109
109
109
109
105
101
130
104
107
104
109
107
109
109
101
130
103
109
104
105
133
122
104
105
105
105
109
107
106
109
133
122
104
128
113
110
106
101
103
108
113
108
109
115
116
117
107
108
105
108
113
115
116
117
109
107
109
109
115
116
117
107
115
116
117
107
8
9
108
113
108
113
108
113
109
105
109
109
105
109
104
105
107
115
116
117
109
107
109
109
110
