101
102
103
104
105
106
107
103
105
108
108
107
109
104
104
8
101
110
108
109
111
111
112
108
109
103
104
105
113
104
105
111
114
103
8
105
11
8
8
112
8
103
105
112
8
8
105
111
107
8
103
104
104
104
112
115
105
16
112
8
103
104
105
16
112
108
109
117
118
119
108
120
108
104
104
104
104
114
108
118
119
103
104
105
114
108
118
119
103
104
104
104
109
105
108
101
110
111
108
108
108
108
111
107
108
11
8
111
108
108
108
111
108
108
101
102
108
108
112
108
112
108
112
8
111
108
111
108
108
108
108
101
102
102
102
111
107
121
111
108
103
104
105
108
103
104
105
115
105
108
101
110
16
8
8
8
8
8
101
2
112
101
110
111
107
111
107
101
110
102
102
108
108
109
101
110
102
108
109
111
108
108
108
111
108
108
108
111
108
108
108
108
101
102
102
102
108
103
104
8
104
8
8
105
112
103
105
108
103
108
105
103
8
105
111
108
109
108
116
103
108
105
112
108
108
111
108
108
103
104
105
108
101
102
103
104
105
106
107
103
105
108
108
107
109
104
104
8
101
110
101
110
108
109
111
111
112
108
109
103
104
105
113
104
105
111
114
103
108
105
111
108
108
112
108
112
8
108
105
111
107
108
103
104
104
104
112
115
105
116
112
108
103
104
105
116
112
108
109
117
118
119
108
120
108
104
104
104
104
114
108
118
119
103
104
105
114
108
118
119
103
104
104
104
109
105
108
101
110
2
101
110
108
108
111
107
108
111
108
108
108
108
108
108
111
108
111
108
108
111
107
8
108
108
122
102
102
102
102
111
107
108
112
109
107
109
108
108
107
109
108
108
107
1
2
2
8
101
110
111
108
108
111
107
111
107
101
110
102
102
108
108
108
109
101
110
102
108
109
111
108
108
108
108
108
108
101
102
102
102
111
107
112
111
108
103
104
105
108
103
104
105
111
115
103
104
105
108
108
105
108
101
110
2
10
23
23
102
110
101
2
2
111
107
11
8
11
124
125
112
125
112
125
112
103
8
105
111
107
8
105
111
107
8
11
8
8
8
8
112
125
117
16
101
2
2
114
11
8
8
118
119
16
16
101
2
121
108
