1.393, 14.048, 2.746
0.379, 0.72, 0.364
0.462, 0.599, 0.246
1.696, 4.219, 1.783
0.506, 1.465, 0.401
0.534, 1.465, 0.537
0.243, 0.124, 0.054
0.508, 0.561, 0.218
0.418, 0.446, 0.223
1.433, 13.306, 3.37
3.035, 13.306, 5.806
0.461, 0.835, 0.343
0.413, 0.68, 0.331
0.386, 0.68, 0.337
2.375, 13.865, 4.502
0.504, 0.491, 0.202
1.233, 4.172, 1.222
1.139, 4.172, 1.361
0.828, 1.426, 0.675
1.186, 11.608, 2.223
0.421, 0.632, 0.316
0.386, 0.508, 0.229
0.739, 2.895, 0.79
0.988, 2.895, 1.076
0.813, 1.477, 0.709
0.46, 0.45, 0.183
0.389, 0.402, 0.202
1.836, 11.486, 3.766
0.378, 0.379, 0.173
0.753, 1.487, 0.666
0.962, 3.245, 0.916
1.073, 3.245, 0.97
0.577, 0.907, 0.361
0.643, 0.907, 0.443
2.648, 13.328, 4.568
0.888, 2.028, 0.941
1.553, 20.522, 3.61
0.283, 0.346, 0.174
1.103, 4.164, 1.431
1.781, 4.084, 1.853
1.111, 4.395, 1.371
1.563, 4.327, 1.968
1.311, 3.087, 1.413
0.692, 1.56, 0.705
1.593, 17.012, 2.891
0.986, 1.488, 0.815
1.311, 3.85, 1.881
0.882, 2.079, 0.972
1.528, 5.619, 1.822
0.627, 1.534, 0.671
1.849, 5.619, 2.418
1.268, 3.864, 1.84
2.192, 16.951, 4.058
2.201, 15.352, 3.783
1.951, 9.313, 2.998
2.856, 9.313, 3.846
2.201, 15.352, 5.023
3.709, 15.352, 6.636
2.243, 16.913, 4.394
2.329, 16.913, 4.529
2.378, 16.913, 4.68
2.543, 16.91, 4.929
2.925, 16.91, 5.305
2.442, 15.866, 4.648
3.015, 15.864, 5.211
2.233, 12.816, 4.16
3.548, 12.768, 5.435
1.703, 16.404, 3.298
2.295, 9.031, 2.883
3.007, 9.031, 3.343
2.779, 6.482, 3.044
1.503, 16.4, 3.498
1.569, 16.4, 3.588
1.641, 16.4, 3.686
1.678, 16.4, 3.849
1.864, 16.4, 4.109
1.357, 14.601, 3.072
1.579, 14.601, 3.37
0.72, 2.391, 0.738
0.663, 2.391, 0.791
0.931, 2.38, 0.991
1.717, 6.197, 2.136
0.529, 0.934, 0.385
0.421, 0.476, 0.216
0.829, 1.976, 0.697
0.536, 0.673, 0.34
1.307, 5.205, 1.59
1.842, 5.205, 2.384
1.133, 7.583, 1.514
1.198, 3.07, 1.186
2.214, 7.422, 2.488
2.54, 7.422, 2.773
4.105, 7.422, 3.724
0.875, 4.666, 1.173
1.381, 4.664, 1.741
0.344, 0.57, 0.216
0.276, 0.651, 0.176
0.209, 0.345, 0.115
0.758, 2.238, 0.796
1.136, 1.958, 0.98
0.823, 2.238, 0.897
2.799, 12.91, 4.666
5.328, 12.91, 6.886
1.604, 6.975, 1.91
0.268, 0.385, 0.197
1.387, 4.651, 1.581
1.741, 6.869, 2.176
1.927, 6.869, 2.449
1.029, 1.193, 0.597
2.603, 13.265, 4.533
0.89, 2.033, 0.943
2.309, 13.42, 3.643
0.709, 1.397, 0.657
2.266, 4.248, 2.225
1.296, 18.733, 2.775
0.499, 0.859, 0.432
0.494, 0.907, 0.349
0.745, 2.905, 0.795
0.994, 2.891, 1.079
0.824, 1.519, 0.728
0.461, 0.536, 0.211
0.375, 0.446, 0.224
1.94, 12.669, 4.16
0.344, 0.413, 0.194
1.952, 7.26, 2.524
2.283, 7.26, 3.464
0.764, 1.466, 0.556
0.867, 2.45, 0.837
0.639, 2.45, 0.695
0.388, 0.673, 0.222
1.055, 2.651, 0.972
1.228, 2.651, 1.168
0.735, 10.792, 1.639
0.47, 0.882, 0.442
0.371, 0.507, 0.213
0.315, 0.849, 0.246
0.378, 0.849, 0.326
0.344, 0.551, 0.272
0.23, 0.228, 0.092
0.194, 0.203, 0.102
0.343, 0.935, 0.348
0.178, 0.171, 0.081
0.327, 0.54, 0.235
1.267, 2.973, 1.187
1.542, 2.973, 1.355
1.405, 13.193, 2.637
0.421, 0.632, 0.316
0.386, 0.508, 0.229
0.736, 2.909, 0.792
0.988, 2.895, 1.076
0.813, 1.477, 0.709
0.452, 0.493, 0.199
0.375, 0.446, 0.224
1.995, 13.084, 4.294
0.358, 0.426, 0.201
1.626, 6.349, 1.946
1.762, 6.349, 2.205
0.678, 1.257, 0.555
0.952, 9.067, 1.316
0.344, 0.264, 0.122
1.044, 3.538, 1.211
1.439, 3.538, 1.952
0.834, 2.535, 0.793
0.37, 0.385, 0.219
0.792, 1.641, 0.758
0.571, 0.918, 0.388
0.365, 0.636, 0.218
0.352, 0.287, 0.144
0.624, 2.206, 0.725
0.738, 1.503, 0.718
0.658, 2.206, 0.868
0.892, 2.206, 1.016
1.078, 3.001, 1.129
0.913, 2.503, 1.075
1.069, 2.481, 1.065
1.455, 2.481, 1.137
0.784, 2.215, 0.766
0.737, 1.775, 0.697
0.755, 2.215, 0.834
1.025, 2.215, 0.93
0.904, 3.259, 1.228
0.309, 0.438, 0.202
1.074, 2.302, 1.103
0.542, 1.752, 0.762
3.691, 8.88, 4.776
1.536, 16.068, 2.474
1.873, 5.036, 2.345
0.297, 0.237, 0.105
0.853, 2.144, 0.783
1.193, 2.016, 0.942
0.647, 1.738, 0.675
0.576, 1.738, 0.672
0.709, 1.738, 0.814
3.15, 8.823, 3.306
2.67, 7.767, 3.619
0.937, 2.176, 0.81
0.571, 1.469, 0.52
0.789, 1.469, 0.738
2.004, 16.064, 3.379
2.318, 15.979, 4.81
3.633, 15.979, 7.024
2.149, 13.277, 4.405
3.591, 13.268, 5.741
2.501, 11.463, 3.675
2.945, 11.463, 4.12
5.239, 11.463, 5.875
1.618, 4.434, 1.43
1.504, 4.434, 1.471
2.511, 4.371, 2.203
1.556, 4.113, 1.323
1.409, 2.785, 1.094
1.517, 2.146, 1.006
1.904, 12.058, 3.146
5.245, 11.905, 6.182
1.315, 6.636, 1.985
0.89, 2.928, 0.962
1.196, 2.928, 1.27
1.049, 3.092, 1.052
0.9, 1.5, 0.772
1.223, 3.092, 1.262
1.738, 3.092, 1.424
0.983, 4.013, 1.112
1.002, 1.916, 1.025
1.117, 4.013, 1.388
1.597, 4.013, 1.747
0.911, 4.014, 1.116
1.037, 1.918, 1.005
1.106, 4.014, 1.39
1.58, 4.014, 1.756
0.925, 4.014, 1.113
1.053, 1.926, 0.999
1.09, 4.014, 1.399
1.569, 4.014, 1.763
1.648, 5.943, 1.843
2.534, 5.943, 2.595
0.767, 1.529, 0.473
0.821, 1.529, 0.563
5.295, 22.399, 9.895
1.436, 15.975, 2.262
0.26, 0.207, 0.093
1.485, 2.518, 0.976
3.234, 13.157, 4.255
2.228, 6.414, 2.944
1.926, 11.385, 3.225
2.675, 11.385, 4.974
1.394, 3.561, 1.445
1.905, 3.561, 1.785
3.699, 13.313, 5.098
1.229, 10.608, 1.749
1.74, 7.298, 2.788
2.293, 10.608, 2.664
1.619, 6.339, 2.173
1.359, 4.611, 1.93
2.36, 6.256, 3.531
2.623, 10.608, 2.974
2.704, 5.286, 2.589
2.087, 9.728, 2.553
1.75, 5.124, 1.867
1.996, 5.124, 2.404
2.523, 9.589, 3.371
4.483, 9.589, 3.975
0.332, 0.235, 0.121
2.079, 4.481, 2.346
1.593, 2.97, 2.1
1.381, 9.827, 1.897
1.353, 9.827, 1.877
1.206, 9.827, 1.741
1.402, 9.827, 1.931
1.635, 9.827, 2.179
1.993, 9.827, 2.664
2.272, 9.755, 4.262
1.656, 6.848, 2.185
2.261, 6.848, 2.63
0.701, 1.678, 0.632
0.794, 1.678, 0.679
0.509, 1.101, 0.433
0.568, 1.03, 0.424
0.491, 1.029, 0.41
0.563, 1.029, 0.422
2.544, 7.95, 2.823
2.346, 7.95, 3.371
2.933, 5.672, 4.011
0.864, 6.474, 1.083
0.824, 5.15, 0.934
0.661, 3.494, 0.666
0.714, 3.494, 0.743
0.767, 3.494, 0.898
0.94, 3.448, 1.483
0.494, 1.029, 0.416
0.595, 1.029, 0.437
0.472, 1.027, 0.389
0.557, 1.027, 0.419
0.467, 1.026, 0.383
0.555, 1.026, 0.418
0.911, 1.889, 0.748
0.539, 1.083, 0.475
0.88, 4.491, 0.979
0.792, 4.491, 0.927
0.932, 4.491, 1.153
1.366, 4.446, 1.926
0.47, 1.027, 0.394
0.579, 1.027, 0.427
0.459, 1.025, 0.376
0.552, 1.025, 0.416
0.835, 1.561, 0.644
0.533, 1.07, 0.471
3.308, 6.43, 4.547
0.639, 2.135, 0.536
0.633, 1.974, 0.507
0.601, 1.974, 0.504
0.63, 1.974, 0.53
0.635, 1.974, 0.58
0.661, 1.929, 0.836
0.461, 1.025, 0.387
0.573, 1.025, 0.423
0.453, 1.023, 0.372
0.55, 1.023, 0.415
0.451, 1.023, 0.37
0.549, 1.023, 0.414
0.805, 1.416, 0.607
0.529, 1.06, 0.467
1.121, 2.126, 1.503
5.241, 11.631, 5.986
1.806, 13.35, 3.921
0.604, 0.915, 0.487
1.111, 2.539, 1.464
1.485, 13.378, 2.344
0.477, 0.578, 0.278
2.294, 3.302, 1.489
0.788, 3.14, 0.961
0.907, 3.14, 1.338
1.414, 9.354, 2.223
2.041, 9.304, 4.14
1.393, 8.95, 2.106
3.95, 8.159, 3.878
0.852, 1.234, 0.47
1.174, 8.95, 2.062
0.304, 0.213, 0.151
1.62, 8.95, 2.853
0.712, 2.011, 0.818
0.982, 1.756, 0.793
1.239, 8.866, 1.876
0.988, 3.334, 1.431
1.32, 8.866, 1.979
2.077, 7.215, 2.384
2.012, 7.201, 3.027
0.995, 3.418, 1.191
0.293, 0.281, 0.142
0.529, 1.048, 0.458
0.372, 1.048, 0.449
1.593, 8.779, 2.833
0.439, 0.512, 0.211
5.852, 13.21, 6.834
1.643, 10.201, 2.359
0.634, 0.884, 0.467
0.898, 2.438, 0.981
1.557, 4.619, 1.751
0.845, 2.077, 0.985
1.339, 8.816, 2.573
2.659, 8.802, 4.231
0.652, 1.53, 0.6
0.363, 0.409, 0.204
1.741, 4.49, 1.726
1.826, 4.49, 2.016
1.299, 13.178, 2.033
0.376, 0.578, 0.296
0.69, 1.251, 0.525
2.01, 3.755, 1.44
0.737, 1.539, 0.555
0.498, 0.388, 0.206
1.779, 6.585, 2.081
0.946, 2.481, 1.172
1.084, 10.112, 1.733
0.585, 1.437, 0.457
0.381, 0.533, 0.199
0.652, 1.511, 0.602
0.996, 5.79, 1.083
0.848, 2.75, 0.895
0.601, 1.661, 0.677
1.176, 2.749, 1.265
1.038, 5.79, 1.166
1.979, 5.772, 1.9
2.59, 5.759, 2.449
0.773, 1.644, 0.465
0.57, 1.021, 0.391
0.744, 1.648, 0.606
0.308, 0.428, 0.179
3.054, 9.822, 4.63
1.313, 10.112, 2.833
0.336, 0.464, 0.248
2.266, 9.993, 3.928
2.937, 9.926, 4.856
2.42, 8.419, 2.67
2.433, 8.419, 2.939
0.782, 1.486, 0.652
1.55, 13.477, 2.577
0.293, 0.464, 0.233
0.411, 0.533, 0.205
1.96, 3.847, 1.457
0.885, 3.37, 1.128
0.88, 2.854, 1.163
0.243, 0.124, 0.054
0.483, 0.575, 0.229
0.386, 0.481, 0.242
1.707, 10.142, 2.571
2.759, 10.109, 4.282
1.156, 2.995, 1.092
1.256, 2.995, 1.262
1.012, 2.05, 0.991
2.157, 13.292, 4.101
0.478, 0.492, 0.205
1.392, 6.418, 1.963
0.839, 1.666, 0.755
1.346, 4.952, 1.566
1.453, 4.952, 1.756
1.309, 2.908, 1.32
0.907, 13.233, 2.12
0.535, 0.96, 0.48
0.382, 0.706, 0.283
0.299, 0.793, 0.232
0.366, 0.786, 0.308
0.34, 0.549, 0.269
0.222, 0.239, 0.097
0.183, 0.215, 0.108
0.332, 0.935, 0.34
0.176, 0.169, 0.08
1.473, 6.168, 1.887
1.427, 6.168, 2.089
0.613, 0.808, 0.367
1.393, 9.611, 2.035
0.887, 2.566, 1.2
1.423, 9.611, 2.099
2.034, 7.717, 2.526
2.369, 7.7, 2.989
3.767, 7.7, 3.465
1.574, 6.593, 2.297
2.6, 6.593, 2.751
1.495, 9.543, 2.374
2.446, 9.463, 4.064
0.811, 1.45, 0.624
1.632, 3.803, 1.653
1.181, 9.481, 1.856
1.489, 9.437, 2.739
1.833, 9.384, 2.984
2.811, 9.38, 3.836
1.4, 9.437, 3.073
2.347, 9.432, 4.042
0.756, 3.965, 0.997
1.185, 3.902, 1.539
0.52, 1.2, 0.428
0.582, 1.2, 0.525
1.13, 2.812, 0.986
0.858, 2.005, 0.924
1.3, 2.798, 1.107
1.388, 2.252, 1.04
1.163, 14.836, 2.471
0.355, 0.648, 0.326
0.4, 0.385, 0.177
0.757, 6.26, 1.542
0.261, 0.587, 0.236
0.124, 0.072, 0.029
1.34, 6.209, 2.461
1.742, 6.209, 3.07
0.504, 1.562, 0.54
0.229, 0.228, 0.095
1.833, 4.001, 1.465
1.593, 4.001, 1.815
0.876, 10.724, 1.746
0.366, 0.683, 0.344
0.362, 0.522, 0.223
0.308, 0.793, 0.236
0.368, 0.786, 0.308
0.342, 0.545, 0.269
0.223, 0.239, 0.098
0.184, 0.219, 0.11
0.38, 0.967, 0.371
0.171, 0.195, 0.091
1.442, 5.279, 1.682
1.621, 5.279, 1.796
2.313, 5.279, 2.56
1.352, 11.533, 2.106
0.266, 0.053, 0.023
0.852, 2.398, 0.804
0.596, 0.833, 0.421
0.975, 2.473, 0.728
0.881, 1.301, 0.499
1.336, 8.647, 2.111
0.983, 3.012, 1.139
1.26, 3.012, 1.397
1.592, 8.639, 2.574
1.731, 8.612, 2.726
3.594, 8.584, 4.113
0.685, 1.646, 0.564
0.775, 1.646, 0.664
4.911, 11.404, 5.956
1.345, 11.209, 2.242
0.457, 1.104, 0.471
0.554, 1.046, 0.309
0.476, 0.66, 0.248
0.436, 0.578, 0.241
1.393, 10.066, 2.191
1.17, 7.127, 2.2
0.371, 0.65, 0.27
1.545, 10.066, 2.28
1.611, 10.066, 2.354
1.698, 10.066, 2.433
1.748, 10.066, 2.574
1.188, 5.251, 1.488
1.503, 5.251, 1.75
2.063, 5.251, 2.411
3.147, 10.066, 4.276
0.381, 0.524, 0.262
1.472, 10.664, 2.312
0.457, 1.104, 0.471
1.291, 10.066, 1.971
0.737, 2.392, 0.808
0.715, 1.375, 0.597
1.509, 10.066, 2.253
1.569, 10.066, 2.329
1.655, 10.066, 2.407
1.728, 10.066, 2.554
1.155, 4.935, 1.409
1.464, 4.935, 1.65
1.984, 4.935, 2.267
3.147, 10.066, 4.276
0.38, 0.524, 0.262
1.273, 14.219, 3.289
0.475, 0.764, 0.389
0.598, 2.38, 0.704
0.372, 0.67, 0.221
0.397, 0.67, 0.264
2.021, 10.929, 2.909
0.575, 0.833, 0.429
2.043, 10.884, 2.968
1.069, 4.193, 1.828
2.476, 9.007, 3.238
3.057, 9.007, 3.494
3.932, 9.007, 3.859
1.996, 10.798, 3.486
2.428, 10.798, 3.901
3.207, 10.798, 4.491
1.135, 9.669, 1.604
0.683, 1.01, 0.523
2.138, 5.689, 2.669
1.8, 7.216, 2.342
1.237, 2.329, 1.165
2.238, 5.206, 2.015
0.83, 1.401, 0.598
0.82, 1.36, 0.685
0.714, 2.774, 0.669
0.564, 1.749, 0.441
0.576, 1.749, 0.495
0.882, 1.641, 0.729
0.441, 0.711, 0.332
0.668, 1.496, 0.549
0.497, 0.628, 0.285
0.669, 1.78, 0.621
0.727, 1.75, 0.691
0.541, 1.178, 0.43
0.356, 0.302, 0.157
1.856, 26.461, 2.959
0.336, 0.802, 0.386
1.016, 2.587, 1.207
0.151, 0.173, 0.078
1.124, 3.436, 1.643
1.028, 2.076, 0.922
0.781, 1.896, 0.583
0.671, 1.444, 0.514
0.557, 0.701, 0.323
2.251, 10.53, 2.682
1.969, 6.083, 2.117
2.582, 6.083, 2.663
1.729, 7.248, 2.099
1.819, 7.248, 2.374
2.876, 7.248, 3.124
1.745, 7.624, 2.461
1.589, 6.745, 2.395
1.014, 5.117, 1.893
0.325, 0.327, 0.18
2.068, 7.515, 3.202
0.602, 0.913, 0.397
0.885, 2.107, 0.654
0.485, 0.359, 0.152
1.956, 10.367, 3.189
0.662, 0.973, 0.447
0.405, 0.71, 0.265
0.633, 0.825, 0.339
2.206, 26.455, 3.396
1.747, 11.299, 3.155
2.146, 11.299, 3.783
0.778, 1.623, 0.69
2.244, 26.455, 3.428
2.3, 6.221, 2.238
3.033, 6.203, 2.661
0.744, 1.254, 0.887
1.473, 7.823, 2.513
0.828, 1.645, 0.78
1.255, 4.715, 1.512
1.688, 4.715, 2.195
1.382, 7.995, 1.713
1.347, 2.75, 1.234
1.485, 7.995, 1.915
2.074, 7.995, 2.508
1.704, 4.72, 2.15
1.002, 2.704, 0.901
1.227, 2.704, 1.161
2.522, 26.455, 3.81
1.688, 9.63, 2.094
1.725, 9.63, 2.124
1.75, 9.63, 2.158
0.896, 1.17, 0.388
1.871, 9.63, 2.25
1.162, 1.914, 0.918
1.214, 1.939, 0.808
1.901, 9.63, 2.353
1.592, 8.487, 2.538
2.209, 8.487, 2.957
1.932, 3.784, 1.941
2.045, 9.606, 2.37
3.823, 9.338, 3.422
1.622, 6.529, 1.772
1.775, 5.678, 2.129
1.343, 4.375, 1.44
1.512, 4.375, 1.57
1.789, 4.375, 1.9
2.094, 6.529, 2.255
2.071, 6.529, 2.744
2.523, 7.726, 3.384
3.226, 7.394, 3.275
0.802, 1.396, 0.987
3.571, 26.429, 5.199
3.502, 26.429, 5.125
3.603, 26.351, 5.25
0.523, 0.578, 0.198
0.763, 3.286, 1.12
0.947, 3.263, 1.262
4.701, 26.282, 5.83
2.865, 7.623, 2.998
5.052, 26.282, 6.335
5.241, 26.282, 6.501
6.122, 26.282, 7.658
9.039, 25.694, 10.973
10.581, 24.765, 13.831
3.634, 9.564, 4.004
2.383, 7.062, 3.313
4.326, 13.161, 4.516
5.015, 13.161, 4.846
5.581, 13.161, 5.656
3.193, 6.2, 4.384
2.167, 5.753, 2.806
2.962, 5.753, 3.235
2.886, 5.525, 3.907
1.623, 2.672, 1.165
0.826, 3.505, 1.103
0.52, 0.61, 0.292
0.642, 2.004, 0.677
0.733, 2.004, 0.772
1.202, 15.571, 2.637
0.324, 0.242, 0.121
0.616, 2.397, 0.765
0.869, 2.397, 1.128
0.61, 3.497, 0.858
0.701, 3.497, 0.982
1.13, 3.416, 1.617
0.793, 1.948, 0.907
0.31, 0.669, 0.358
0.255, 0.636, 0.205
0.286, 0.636, 0.267
1.075, 3.789, 1.169
0.63, 1.468, 0.598
2.5, 14.989, 5.122
4.17, 14.95, 7.269
1.438, 5.557, 1.832
2.035, 5.509, 2.465
0.794, 2.061, 0.698
0.47, 0.907, 0.37
2.273, 15.04, 5.195
4.111, 15.011, 7.335
1.35, 6.628, 2.214
2.184, 6.59, 3.069
0.776, 2.28, 0.689
0.622, 1.316, 0.518
2.173, 7.541, 3.646
0.892, 17.912, 2.028
0.327, 0.178, 0.102
0.505, 1.782, 0.54
0.474, 1.782, 0.555
0.791, 1.771, 0.751
0.184, 0.347, 0.186
0.487, 2.112, 0.569
0.446, 2.112, 0.583
0.718, 2.072, 0.969
0.446, 1.043, 0.481
0.181, 0.34, 0.182
0.361, 1.203, 0.38
0.293, 0.666, 0.279
1.521, 5.958, 1.998
0.655, 1.687, 0.693
1.028, 3.078, 1.267
0.654, 1.666, 0.618
0.599, 1.568, 0.63
0.957, 3.493, 1.482
0.907, 2.664, 0.907
1.039, 2.664, 1.051
0.991, 3.199, 1.512
1.473, 11.007, 3.385
0.359, 0.554, 0.241
1.618, 20.51, 3.855
0.308, 0.346, 0.183
0.861, 3.188, 0.957
0.482, 1.313, 0.479
0.702, 1.308, 0.552
1.69, 3.072, 1.291
2.261, 5.896, 2.577
0.593, 1.176, 0.54
1.109, 13.004, 1.85
0.237, 0.089, 0.046
0.819, 2.978, 0.993
0.461, 1.383, 0.496
0.174, 0.239, 0.137
0.758, 2.874, 0.899
0.544, 0.758, 0.375
0.667, 1.556, 0.646
0.292, 0.186, 0.099
1.85, 8.06, 2.912
0.279, 0.191, 0.106
1.378, 10.589, 2.874
0.394, 1.056, 0.338
0.445, 1.046, 0.475
0.671, 3.496, 0.926
0.338, 0.675, 0.235
0.348, 0.666, 0.304
1.21, 3.967, 1.381
1.127, 3.172, 1.284
0.629, 1.771, 0.724
0.668, 1.19, 0.489
1.06, 3.028, 1.038
1.003, 3.028, 1.243
0.646, 1.562, 0.602
0.737, 2.029, 0.933
0.654, 1.111, 0.404
0.531, 0.547, 0.306
2.289, 9.487, 3.41
0.384, 0.325, 0.165
1.322, 7.813, 1.809
0.744, 1.393, 0.723
1.531, 7.813, 2.244
0.806, 1.967, 0.681
0.75, 1.967, 0.898
0.798, 2.929, 0.743
0.684, 1.251, 0.639
0.746, 2.929, 0.84
0.727, 2.898, 1.011
0.94, 2.898, 1.379
1.516, 3.08, 1.594
1.499, 13.173, 2.757
0.343, 0.392, 0.183
0.886, 2.285, 0.725
0.577, 1.432, 0.51
1.261, 8.841, 2.327
2.574, 8.841, 4.249
0.693, 0.795, 0.25
0.725, 0.795, 0.292
0.865, 0.456, 0.228
2.552, 13.158, 4.748
3.068, 13.158, 5.705
1.161, 15.741, 2.098
0.152, 0.087, 0.039
0.231, 0.42, 0.204
1.04, 2.585, 1.209
0.447, 0.855, 0.312
1.202, 15.741, 2.197
0.41, 0.355, 0.251
1.223, 15.741, 2.224
1.67, 3.326, 1.19
0.867, 1.653, 0.827
1.192, 15.741, 2.28
1.069, 6.032, 1.427
0.863, 4.458, 0.951
0.526, 0.755, 0.294
0.937, 4.458, 1.123
0.977, 4.458, 1.279
1.22, 4.299, 1.495
0.388, 0.184, 0.086
1.085, 2.178, 0.987
1.087, 1.785, 0.746
1.251, 1.785, 0.957
3.092, 6.032, 4.265
1.219, 15.455, 2.561
0.88, 9.432, 1.506
0.387, 0.62, 0.244
0.397, 1.176, 0.376
0.396, 1.176, 0.386
0.468, 1.111, 0.429
0.208, 0.055, 0.025
0.489, 0.969, 0.411
1.379, 9.4, 2.11
0.693, 1.896, 0.749
2.248, 9.277, 3.074
2.674, 9.268, 3.482
0.603, 0.907, 0.379
0.682, 0.907, 0.502
2.781, 5.376, 3.801
1.158, 15.741, 2.596
0.7, 3.756, 0.844
0.284, 0.428, 0.163
0.395, 1.152, 0.362
0.391, 1.152, 0.38
0.462, 1.091, 0.424
0.207, 0.048, 0.023
0.492, 0.908, 0.373
1.651, 3.683, 1.188
1.895, 3.683, 1.53
1.569, 2.701, 1.351
2.872, 5.611, 3.968
0.68, 12.655, 1.649
0.543, 0.983, 0.492
0.369, 0.538, 0.216
0.3, 0.793, 0.233
0.367, 0.786, 0.309
0.341, 0.554, 0.271
0.222, 0.242, 0.098
0.183, 0.215, 0.108
0.326, 0.962, 0.354
0.165, 0.178, 0.085
0.484, 0.98, 0.354
0.46, 0.98, 0.438
0.324, 0.543, 0.206
1.013, 2.972, 1.102
0.689, 2.757, 0.865
0.287, 0.514, 0.174
0.924, 10.721, 1.773
0.366, 0.683, 0.344
0.362, 0.522, 0.223
0.386, 0.786, 0.283
0.368, 0.786, 0.308
0.342, 0.545, 0.269
0.35, 0.689, 0.374
0.398, 0.962, 0.397
0.171, 0.195, 0.091
1.442, 5.278, 1.681
1.621, 5.278, 1.795
2.313, 5.278, 2.56
1.458, 10.664, 2.299
0.457, 1.104, 0.471
1.26, 10.066, 1.957
0.739, 1.821, 0.627
0.715, 1.375, 0.597
1.466, 10.066, 2.257
1.53, 10.066, 2.329
1.618, 10.066, 2.407
1.728, 10.066, 2.554
1.155, 4.935, 1.409
1.464, 4.935, 1.65
1.984, 4.935, 2.267
3.147, 10.066, 4.276
0.38, 0.524, 0.262
1.181, 19.567, 3.165
0.303, 0.39, 0.195
0.365, 0.694, 0.253
0.341, 0.591, 0.297
0.67, 1.647, 0.619
0.866, 2.496, 0.893
0.464, 0.676, 0.375
1.28, 3.036, 1.436
0.921, 2.09, 0.801
4.814, 27.526, 6.163
0.318, 0.346, 0.19
4.027, 12.564, 4.125
5.609, 11.812, 5.452
3.049, 11.874, 3.257
3.461, 11.874, 3.635
4.346, 11.874, 3.906
4.234, 6.033, 2.456
9.141, 26.08, 10.221
10.538, 21.664, 12.19
4.87, 18.55, 4.804
3.045, 4.075, 2.074
6.44, 18.483, 6.467
5.038, 10.854, 4.542
5.564, 10.708, 4.248
2.808, 7.041, 2.856
1.491, 19.95, 3.778
0.454, 0.639, 0.326
0.27, 0.477, 0.151
0.292, 0.477, 0.239
0.741, 1.532, 0.559
0.973, 3.513, 1.052
0.758, 1.724, 0.614
0.976, 1.724, 0.882
3.011, 12.033, 5.166
1.657, 13.843, 3.235
0.475, 0.764, 0.389
0.548, 1.433, 0.53
0.396, 0.501, 0.254
0.521, 1.37, 0.547
0.67, 1.37, 0.715
2.434, 8.522, 3.336
2.958, 8.522, 3.869
2.417, 8.522, 3.653
1.72, 10.631, 2.482
0.874, 3.347, 1.483
0.97, 4.208, 1.258
1.461, 4.208, 1.947
1.647, 7.306, 2.229
1.199, 3.116, 1.391
1.754, 10.067, 2.541
2.112, 9.957, 3.308
3.288, 9.95, 3.94
1.723, 10.067, 2.344
1.754, 10.067, 2.431
1.728, 10.067, 2.483
1.785, 10.067, 2.642
1.247, 6.101, 1.714
1.605, 6.101, 2.025
2.265, 6.101, 2.813
3.146, 10.067, 4.277
0.38, 0.525, 0.262
1.213, 11.608, 2.282
0.421, 0.632, 0.316
0.386, 0.508, 0.229
0.736, 2.909, 0.792
0.988, 2.895, 1.076
0.813, 1.477, 0.709
0.452, 0.493, 0.199
0.375, 0.446, 0.224
1.831, 11.486, 3.768
0.368, 0.379, 0.183
0.753, 1.487, 0.666
1.034, 3.245, 0.979
1.19, 3.245, 1.068
0.564, 0.829, 0.366
1.345, 11.203, 2.241
0.457, 1.104, 0.471
0.554, 1.046, 0.309
0.476, 0.66, 0.248
0.436, 0.578, 0.241
1.393, 10.066, 2.191
1.17, 7.126, 2.2
0.371, 0.65, 0.27
1.545, 10.066, 2.28
1.611, 10.066, 2.354
1.698, 10.066, 2.433
1.748, 10.066, 2.574
1.188, 5.251, 1.488
1.503, 5.251, 1.75
2.063, 5.251, 2.411
3.147, 10.066, 4.276
0.381, 0.524, 0.262
1.47, 21.769, 2.315
0.973, 9.345, 1.679
0.645, 1.507, 0.489
0.667, 1.485, 0.603
0.641, 0.891, 0.387
0.404, 0.033, 0.023
1.371, 9.345, 2.77
0.237, 0.25, 0.177
1.545, 2.771, 1.534
2.872, 0.084, 0.059
1.355, 4.859, 1.691
0.615, 1.503, 0.541
0.75, 1.503, 0.658
0.683, 1.822, 0.602
0.387, 0.447, 0.207
2.565, 21.748, 3.536
1.526, 6.216, 2.442
1.637, 10.347, 2.303
1.637, 10.347, 2.334
1.482, 10.312, 2.481
1.973, 10.312, 4.146
1.397, 3.915, 1.407
1.888, 3.804, 1.823
1.758, 9.583, 2.345
1.923, 7.816, 2.3
2.238, 7.816, 3.239
1.771, 9.583, 2.483
1.977, 7.65, 2.434
2.328, 7.609, 3.14
1.423, 5.683, 2.452
1.748, 9.583, 2.854
2.393, 9.56, 3.636
0.449, 0.734, 0.519
3.06, 21.748, 3.975
3.472, 15.743, 4.405
3.891, 15.743, 6.029
2.336, 8.249, 3.135
2.999, 21.748, 3.956
2.143, 11.673, 3.21
0.833, 3.324, 1.027
1.251, 3.324, 1.26
2.695, 8.637, 3.041
2.228, 6.616, 2.87
4.553, 21.67, 5.506
3.146, 9.051, 3.024
1.935, 6.525, 2.397
3.171, 20.035, 4.098
2.676, 15.552, 3.315
2.065, 5.238, 1.928
2.646, 5.238, 2.301
0.696, 2.015, 0.87
3.135, 15.552, 4.217
2.196, 9.081, 2.778
1.772, 6.046, 2.166
1.626, 5.949, 2.537
4.005, 19.958, 5.126
4.08, 19.958, 5.356
3.505, 14.797, 4.043
3.816, 14.715, 4.36
4.909, 14.235, 4.89
5.561, 14.124, 6.235
2.096, 3.538, 1.684
0.741, 1.261, 0.504
2.447, 5.96, 2.275
1.987, 5.96, 2.774
2.463, 6.492, 2.429
2.085, 5.927, 2.665
0.933, 1.497, 0.749
1.144, 12.876, 1.731
1.464, 10.379, 2.128
1.505, 10.379, 2.16
1.159, 6.046, 1.324
1.151, 6.046, 1.272
0.69, 1.255, 0.593
1.239, 6.04, 1.692
1.349, 6.04, 1.864
0.753, 1.604, 0.588
1.177, 4.855, 1.204
1.168, 2.73, 1.201
1.137, 4.855, 1.439
1.282, 4.855, 1.566
0.929, 2.521, 0.991
1.239, 4.038, 1.161
1.24, 4.038, 1.294
0.813, 1.29, 0.595
2.382, 4.562, 3.226
1.525, 10.357, 2.415
1.263, 6.93, 1.748
0.451, 1.163, 0.378
0.497, 1.145, 0.443
1.534, 4.196, 1.454
0.821, 2.385, 1.117
2.306, 4.116, 1.716
0.654, 1.14, 0.806
1.125, 8.355, 2.176
0.937, 8.347, 1.79
0.662, 1.904, 0.668
0.552, 1.421, 0.553
0.525, 1.003, 0.42
0.325, 0.821, 0.383
0.674, 0.923, 0.407
0.281, 0.46, 0.325
1.813, 9.248, 2.734
1.26, 5.671, 1.8
0.431, 0.958, 0.365
2.028, 3.907, 2.763
2.564, 9.601, 2.78
2.557, 9.601, 2.706
2.106, 7.09, 2.262
2.54, 7.09, 2.498
3.228, 7.09, 3.061
3.335, 6.332, 3.169
3.665, 8.502, 3.631
0.779, 1.378, 0.974
0.735, 8.033, 1.258
0.52, 1.671, 0.441
0.376, 1.104, 0.422
0.48, 1.389, 0.425
0.499, 1.389, 0.463
0.489, 1.389, 0.544
0.515, 1.671, 0.431
0.55, 1.397, 0.569
0.494, 1.671, 0.488
0.535, 1.671, 0.532
0.558, 1.671, 0.664
0.493, 1.015, 0.332
0.454, 1.015, 0.344
0.374, 0.605, 0.275
0.708, 1.296, 0.917
0.977, 5.414, 1.21
0.861, 4.752, 0.951
0.465, 1.221, 0.459
0.804, 3.153, 0.927
0.859, 3.153, 1.007
0.97, 3.153, 1.201
0.932, 4.752, 1.05
1.388, 4.678, 1.856
0.787, 2.6, 0.814
0.862, 2.6, 0.874
0.973, 2.6, 0.999
0.876, 2.762, 0.83
0.884, 2.762, 0.928
0.86, 2.729, 1.136
0.642, 1.164, 0.823
1.139, 5.849, 1.302
1.103, 5.849, 1.231
0.463, 1.221, 0.458
1.208, 5.849, 1.472
1.124, 3.114, 1.051
0.613, 1.531, 0.572
1.749, 5.787, 2.38
1.14, 4.836, 1.218
1.375, 4.737, 1.892
1.258, 4.802, 1.352
1.442, 4.802, 1.525
0.6, 1.24, 0.47
1.238, 2.901, 1.181
0.987, 2.991, 0.861
1.18, 2.902, 1.022
0.503, 0.653, 0.282
0.76, 1.473, 0.598
0.611, 1.101, 0.779
0.705, 5.64, 1.128
0.483, 1.582, 0.487
0.325, 1.101, 0.342
0.381, 1.101, 0.448
0.574, 1.582, 0.524
0.31, 0.783, 0.362
0.668, 0.923, 0.406
0.273, 0.444, 0.314
0.729, 5.647, 1.195
0.454, 1.352, 0.421
0.378, 1.205, 0.392
0.408, 1.205, 0.486
0.465, 0.96, 0.368
0.305, 0.759, 0.351
0.666, 0.922, 0.405
0.269, 0.436, 0.308
1.429, 9.569, 2.036
0.704, 1.165, 0.502
1.599, 9.569, 2.411
2.432, 9.569, 3.452
1.69, 6.739, 2.875
1.03, 2.754, 1.002
0.988, 2.754, 1.283
1.164, 2.297, 1.011
1.231, 3.452, 1.444
0.939, 1.731, 1.224
1.049, 9.971, 1.628
1.002, 9.971, 1.586
0.298, 0.37, 0.204
1.144, 2.172, 0.868
1.041, 1.727, 0.838
1.002, 9.971, 1.64
0.988, 9.971, 1.64
2.081, 5.068, 2.703
0.649, 2.391, 0.705
0.366, 0.425, 0.181
0.573, 0.999, 0.706
1.169, 9.967, 2.066
1.154, 9.947, 2.06
0.383, 0.909, 0.282
0.327, 0.42, 0.144
0.529, 0.909, 0.643
1.272, 9.934, 2.229
1.565, 9.894, 2.621
1.579, 9.883, 3.193
2.371, 9.789, 4.283
0.768, 1.08, 0.472
0.322, 0.536, 0.379
0.939, 7.981, 1.646
0.845, 6.287, 1.348
0.438, 1.208, 0.404
0.304, 0.424, 0.154
0.594, 1.053, 0.744
1.071, 6.287, 1.881
0.369, 0.652, 0.254
0.286, 0.471, 0.333
0.745, 2.863, 0.771
0.816, 2.858, 0.878
0.611, 2.362, 0.735
0.832, 2.336, 0.943
0.754, 1.066, 0.465
0.314, 0.519, 0.367
0.833, 4.528, 0.936
0.916, 4.528, 1.039
0.708, 1.832, 0.595
0.829, 1.832, 0.638
0.978, 1.832, 0.79
0.923, 1.669, 0.837
0.744, 1.056, 0.461
2.23, 4.296, 3.038
0.816, 5.198, 1.345
0.311, 0.446, 0.193
0.274, 0.44, 0.311
1.027, 4.021, 1.34
0.795, 2.435, 0.987
0.273, 0.438, 0.31
1.982, 12.84, 3.057
2.119, 12.84, 3.185
1.895, 12.84, 3.285
1.984, 12.84, 3.583
2.547, 12.84, 4.327
0.891, 2.793, 1.328
1.358, 14.207, 2.363
0.324, 0.255, 0.102
1.124, 4.465, 1.189
0.807, 1.152, 0.49
1.143, 4.465, 1.383
1.334, 4.465, 1.533
1.614, 4.465, 1.784
2.773, 10.596, 4.022
1.339, 14.207, 2.355
2.336, 7.672, 3.642
1.439, 14.207, 2.522
0.788, 2.141, 0.709
0.511, 0.992, 0.475
1.466, 14.207, 2.578
0.63, 1.769, 0.829
0.711, 1.518, 0.564
0.846, 1.507, 0.656
0.789, 1.074, 0.542
0.256, 0.293, 0.207
1.544, 9.269, 2.702
1.189, 3.786, 1.383
0.791, 1.491, 0.796
0.21, 0.269, 0.19
1.621, 10.354, 2.982
1.183, 3.552, 1.328
0.783, 1.491, 0.8
0.21, 0.269, 0.19
1.603, 9.562, 2.79
1.266, 3.891, 1.425
0.846, 1.492, 0.768
0.21, 0.269, 0.19
1.545, 9.0, 2.673
1.246, 4.153, 1.517
0.777, 1.492, 0.805
0.21, 0.269, 0.19
1.666, 10.56, 3.032
1.231, 3.18, 1.324
0.774, 1.494, 0.807
0.21, 0.269, 0.19
1.53, 8.291, 2.496
1.322, 4.209, 1.539
0.84, 1.492, 0.77
0.21, 0.269, 0.19
1.529, 8.459, 2.534
1.298, 4.198, 1.524
0.838, 1.495, 0.772
0.21, 0.269, 0.19
1.198, 9.516, 1.981
1.124, 2.739, 1.171
0.517, 0.936, 0.417
0.783, 3.527, 1.007
0.882, 3.527, 1.259
0.208, 0.16, 0.072
0.673, 1.207, 0.853
1.144, 12.07, 2.458
0.862, 3.774, 1.135
0.377, 0.308, 0.141
0.71, 3.981, 1.132
0.859, 3.959, 1.423
0.208, 0.181, 0.085
0.448, 0.794, 0.561
1.525, 8.668, 2.596
1.259, 4.221, 1.544
0.772, 1.492, 0.808
0.21, 0.269, 0.19
1.659, 10.563, 3.036
1.219, 3.357, 1.334
0.771, 1.495, 0.809
0.21, 0.269, 0.19
1.653, 9.696, 2.819
1.332, 3.192, 1.421
0.836, 1.495, 0.773
0.209, 0.269, 0.19
1.635, 9.881, 2.866
1.276, 3.69, 1.4
0.836, 1.495, 0.773
0.209, 0.269, 0.19
2.602, 14.142, 4.499
0.717, 2.051, 0.765
0.797, 2.051, 0.965
3.108, 6.031, 4.264
1.311, 9.225, 2.344
0.972, 3.71, 1.131
0.677, 1.482, 0.656
0.267, 0.11, 0.045
0.297, 0.456, 0.323
1.04, 9.959, 1.801
0.95, 3.352, 1.109
0.314, 0.233, 0.128
0.835, 2.871, 0.812
0.474, 0.816, 0.307
0.374, 0.549, 0.236
0.815, 3.951, 1.322
1.261, 3.846, 1.865
0.209, 0.269, 0.19
0.98, 10.265, 1.832
0.907, 3.002, 1.025
0.335, 0.322, 0.158
0.733, 2.823, 0.743
0.489, 1.047, 0.401
0.456, 1.047, 0.472
0.73, 3.981, 1.345
1.222, 3.854, 1.887
0.209, 0.269, 0.19
1.274, 11.856, 2.249
0.878, 2.962, 1.038
0.374, 0.496, 0.225
1.255, 7.692, 1.955
0.626, 1.564, 0.461
0.659, 1.564, 0.556
0.336, 0.365, 0.185
1.177, 11.852, 2.412
1.831, 11.852, 3.454
3.143, 11.833, 5.046
0.799, 1.575, 0.718
0.593, 2.684, 0.759
0.649, 2.679, 0.828
0.373, 0.602, 0.234
1.521, 4.519, 1.945
0.678, 1.496, 0.697
0.209, 0.269, 0.19
2.012, 6.863, 2.753
0.495, 0.599, 0.303
1.242, 13.193, 2.443
0.421, 0.632, 0.316
0.386, 0.508, 0.229
0.736, 2.909, 0.792
0.988, 2.895, 1.076
0.813, 1.477, 0.709
0.452, 0.493, 0.199
0.375, 0.446, 0.224
1.995, 13.084, 4.294
0.358, 0.426, 0.201
0.909, 1.487, 0.772
0.953, 3.219, 0.992
1.091, 3.219, 1.097
0.479, 0.683, 0.28
1.902, 17.633, 4.142
0.868, 1.669, 0.842
0.6, 3.575, 0.935
0.522, 1.185, 0.505
0.319, 0.993, 0.33
0.366, 0.993, 0.377
0.454, 0.993, 0.452
4.794, 13.549, 6.151
1.161, 15.741, 2.098
0.152, 0.087, 0.039
0.231, 0.42, 0.204
1.04, 2.585, 1.209
0.447, 0.855, 0.312
1.202, 15.741, 2.197
0.41, 0.355, 0.251
1.223, 15.741, 2.224
1.67, 3.326, 1.19
0.867, 1.653, 0.827
1.192, 15.741, 2.28
1.069, 6.032, 1.427
0.863, 4.458, 0.951
0.526, 0.755, 0.294
0.937, 4.458, 1.123
0.977, 4.458, 1.279
1.22, 4.299, 1.495
0.388, 0.184, 0.086
1.085, 2.178, 0.987
1.087, 1.785, 0.746
1.251, 1.785, 0.957
3.092, 6.032, 4.265
1.219, 15.455, 2.561
0.88, 9.432, 1.506
0.387, 0.62, 0.244
0.397, 1.176, 0.376
0.396, 1.176, 0.386
0.468, 1.111, 0.429
0.208, 0.055, 0.025
0.489, 0.969, 0.411
1.379, 9.4, 2.11
0.693, 1.896, 0.749
2.248, 9.277, 3.074
2.674, 9.268, 3.482
0.603, 0.907, 0.379
0.682, 0.907, 0.502
2.781, 5.376, 3.801
1.158, 15.741, 2.596
0.7, 3.756, 0.844
0.284, 0.428, 0.163
0.395, 1.152, 0.362
0.391, 1.152, 0.38
0.462, 1.091, 0.424
0.207, 0.048, 0.023
0.492, 0.908, 0.373
1.651, 3.683, 1.188
1.895, 3.683, 1.53
1.569, 2.701, 1.351
2.872, 5.611, 3.968
1.301, 19.018, 2.8
0.499, 0.859, 0.432
0.423, 0.551, 0.229
0.745, 2.905, 0.795
0.994, 2.891, 1.079
0.824, 1.519, 0.728
0.461, 0.536, 0.211
0.375, 0.446, 0.224
1.94, 12.669, 4.16
0.344, 0.413, 0.194
1.952, 7.26, 2.524
2.283, 7.26, 3.464
0.764, 1.466, 0.556
0.874, 2.45, 0.831
0.652, 2.45, 0.685
0.43, 0.673, 0.263
1.109, 2.687, 0.937
1.206, 2.687, 1.187
1.342, 10.648, 1.949
1.283, 1.832, 0.961
1.624, 7.081, 1.97
0.833, 2.173, 0.837
0.769, 2.153, 0.999
1.805, 7.068, 2.109
1.777, 7.068, 2.291
1.582, 7.061, 2.327
2.361, 7.061, 3.278
1.987, 10.574, 3.425
0.585, 1.44, 0.669
0.671, 1.52, 0.479
0.462, 0.675, 0.28
0.586, 0.675, 0.311
2.239, 6.656, 2.654
2.117, 6.575, 3.155
1.067, 7.222, 1.561
0.692, 1.536, 0.524
0.67, 1.536, 0.551
0.91, 1.536, 0.636
1.829, 7.165, 2.774
0.522, 0.714, 0.335
1.902, 6.348, 2.008
1.188, 1.889, 0.843
1.35, 10.194, 2.195
0.688, 1.585, 0.496
0.594, 0.915, 0.439
1.159, 3.243, 1.157
0.787, 2.009, 0.77
1.154, 2.009, 0.869
4.247, 10.085, 4.706
0.324, 0.544, 0.232
1.026, 7.205, 1.405
0.893, 5.878, 1.15
0.579, 2.555, 0.725
0.356, 0.755, 0.294
0.477, 0.755, 0.351
1.581, 5.841, 1.98
1.863, 5.841, 2.753
0.731, 1.533, 0.608
0.598, 1.533, 0.573
0.861, 1.533, 0.655
0.928, 2.082, 0.964
0.695, 1.596, 0.729
0.537, 1.595, 0.683
1.683, 13.683, 2.23
0.478, 0.561, 0.271
2.292, 3.291, 1.487
1.258, 3.341, 1.146
0.891, 2.232, 0.883
1.891, 13.645, 2.616
1.546, 4.627, 2.011
1.997, 13.645, 2.738
2.398, 9.655, 3.505
2.364, 9.655, 4.19
1.805, 6.445, 1.92
2.313, 6.315, 2.579
2.643, 13.562, 4.414
0.314, 0.224, 0.119
0.824, 2.868, 1.042
0.348, 0.937, 0.401
2.575, 4.352, 1.719
2.363, 4.352, 2.032
1.035, 1.45, 0.811
0.89, 17.912, 2.082
0.293, 0.264, 0.137
0.412, 1.24, 0.416
0.562, 1.24, 0.588
0.429, 2.168, 0.53
0.467, 2.168, 0.604
0.736, 2.128, 0.995
0.446, 1.056, 0.486
0.204, 0.407, 0.22
0.25, 0.554, 0.188
0.271, 0.554, 0.236
1.549, 6.085, 2.029
0.655, 1.69, 0.696
1.014, 3.077, 1.264
0.658, 1.666, 0.613
0.6, 1.561, 0.625
0.951, 3.492, 1.483
0.907, 2.645, 0.9
1.038, 2.645, 1.042
0.991, 3.196, 1.51
0.921, 3.535, 1.12
0.493, 0.861, 0.342
1.513, 3.512, 1.678
1.327, 12.375, 2.103
0.302, 0.49, 0.245
0.4, 0.622, 0.245
0.672, 3.483, 0.986
0.443, 1.346, 0.569
0.127, 0.036, 0.015
0.359, 0.672, 0.368
1.013, 3.727, 1.539
0.238, 0.208, 0.086
1.856, 5.774, 1.995
2.058, 5.749, 2.588
3.088, 5.749, 3.149
1.357, 12.345, 2.887
2.079, 12.326, 4.193
2.836, 12.326, 5.369
0.646, 1.575, 0.614
0.721, 1.575, 0.696
2.677, 4.906, 2.453
1.992, 27.537, 3.324
0.336, 0.802, 0.386
1.016, 2.587, 1.207
0.151, 0.173, 0.078
1.124, 3.436, 1.643
1.028, 2.076, 0.922
0.781, 1.896, 0.583
0.671, 1.444, 0.514
0.557, 0.701, 0.323
2.251, 10.53, 2.682
1.969, 6.083, 2.117
2.582, 6.083, 2.663
1.729, 7.248, 2.099
1.819, 7.248, 2.374
2.876, 7.248, 3.124
1.751, 7.624, 2.458
1.599, 6.745, 2.391
1.03, 5.117, 1.889
0.368, 0.456, 0.254
2.068, 7.515, 3.202
0.602, 0.913, 0.397
0.885, 2.107, 0.654
0.485, 0.359, 0.152
1.956, 10.367, 3.189
0.662, 0.973, 0.447
0.406, 0.71, 0.265
0.633, 0.825, 0.339
8.089, 23.128, 9.12
7.447, 26.171, 9.955
2.116, 15.631, 3.136
1.952, 10.942, 3.018
2.345, 10.942, 3.618
0.778, 1.623, 0.69
2.112, 15.631, 3.151
2.3, 6.222, 2.238
3.034, 6.204, 2.661
0.744, 1.254, 0.887
1.473, 7.823, 2.513
0.828, 1.645, 0.78
1.254, 4.715, 1.512
1.688, 4.715, 2.195
1.383, 7.995, 1.713
1.347, 2.75, 1.234
1.485, 7.995, 1.915
2.074, 7.995, 2.508
1.705, 4.72, 2.15
1.002, 2.704, 0.901
1.228, 2.704, 1.161
2.355, 15.631, 3.498
2.382, 15.424, 3.332
2.435, 15.424, 3.371
4.392, 15.325, 5.878
4.05, 14.361, 5.16
3.91, 14.361, 5.673
4.282, 14.361, 6.924
5.003, 13.423, 5.504
2.039, 14.221, 2.606
3.699, 13.937, 5.355
1.87, 9.63, 2.229
1.163, 1.914, 0.918
1.214, 1.939, 0.808
1.9, 9.63, 2.328
1.569, 8.073, 2.43
2.171, 8.073, 2.822
1.932, 3.785, 1.941
2.047, 9.606, 2.37
3.825, 9.338, 3.422
1.625, 6.535, 1.772
1.777, 5.678, 2.128
1.348, 4.376, 1.44
1.517, 4.376, 1.569
1.79, 4.376, 1.9
2.097, 6.535, 2.256
2.072, 6.535, 2.745
2.524, 7.728, 3.384
3.227, 7.394, 3.275
0.802, 1.396, 0.987
2.191, 15.631, 4.08
1.969, 15.631, 3.728
2.9, 15.583, 4.906
1.985, 7.619, 2.826
1.285, 4.801, 1.848
0.644, 1.243, 0.527
4.696, 14.694, 6.199
0.838, 3.288, 1.029
0.576, 1.107, 0.379
0.769, 3.286, 1.121
0.955, 3.263, 1.263
0.499, 0.872, 0.616
2.167, 5.753, 2.806
2.962, 5.753, 3.235
2.886, 5.525, 3.907
1.623, 2.673, 1.166
0.826, 3.494, 1.101
0.521, 0.612, 0.292
0.643, 2.004, 0.677
0.733, 2.004, 0.772
1.22, 18.704, 2.184
0.385, 0.222, 0.123
0.269, 0.598, 0.185
0.304, 0.598, 0.245
0.433, 0.598, 0.311
1.86, 5.149, 2.375
0.854, 2.087, 0.797
1.291, 2.175, 0.956
0.978, 3.397, 1.258
1.509, 2.607, 1.107
1.395, 4.156, 1.506
1.252, 3.075, 1.152
1.551, 4.528, 1.842
1.074, 2.912, 1.208
0.984, 3.073, 1.495
0.643, 1.595, 0.73
0.817, 2.078, 0.832
1.154, 3.493, 1.148
1.406, 3.254, 1.505
0.811, 1.477, 0.745
1.741, 5.835, 1.949
1.228, 4.049, 1.964
2.34, 5.827, 2.16
1.426, 3.395, 1.333
2.022, 3.003, 2.124
1.684, 17.741, 2.847
0.237, 0.089, 0.046
0.835, 2.978, 1.023
0.461, 1.383, 0.496
0.174, 0.239, 0.137
0.758, 2.874, 0.899
0.544, 0.758, 0.375
0.667, 1.556, 0.646
0.292, 0.186, 0.099
1.85, 8.06, 2.912
0.279, 0.191, 0.106
1.378, 10.589, 2.874
0.394, 1.056, 0.338
0.445, 1.046, 0.475
0.671, 3.496, 0.926
0.338, 0.675, 0.235
0.348, 0.666, 0.304
2.927, 14.419, 4.88
0.816, 1.691, 0.797
2.475, 17.732, 3.665
3.05, 17.659, 5.298
1.109, 3.172, 1.289
0.629, 1.771, 0.724
2.801, 10.204, 3.624
0.953, 3.027, 1.244
0.646, 1.562, 0.602
1.158, 3.228, 1.466
3.86, 8.741, 3.903
4.283, 9.331, 3.73
3.602, 7.707, 3.997
1.322, 7.814, 1.809
0.744, 1.393, 0.723
1.531, 7.814, 2.244
0.806, 1.967, 0.681
0.75, 1.967, 0.898
0.798, 2.929, 0.743
0.684, 1.251, 0.639
0.746, 2.929, 0.84
0.727, 2.898, 1.011
0.94, 2.898, 1.379
1.516, 3.08, 1.594
1.485, 14.581, 2.251
0.682, 2.839, 0.879
0.459, 1.998, 0.542
0.237, 0.25, 0.177
1.548, 2.789, 1.507
2.85, 0.202, 0.143
1.053, 6.143, 1.604
0.557, 1.227, 0.408
0.617, 1.227, 0.488
0.488, 0.789, 0.339
0.394, 0.016, 0.011
1.505, 14.581, 2.294
0.879, 2.355, 1.133
1.476, 2.198, 1.554
0.966, 4.552, 1.194
0.967, 2.236, 0.975
1.123, 4.495, 1.739
0.289, 0.388, 0.275
1.343, 12.37, 1.879
1.323, 12.37, 1.824
1.364, 5.393, 2.342
1.746, 8.92, 2.105
3.176, 8.804, 3.096
1.405, 2.996, 1.395
0.857, 2.72, 1.014
1.268, 12.37, 1.789
0.616, 1.45, 0.548
1.341, 12.357, 1.906
1.372, 5.123, 1.563
1.921, 5.123, 2.294
0.838, 1.425, 0.593
0.787, 1.412, 0.607
1.378, 12.357, 2.002
0.864, 1.767, 0.812
1.373, 11.728, 2.028
1.705, 8.761, 2.399
0.833, 2.252, 0.781
1.535, 7.927, 2.403
0.734, 1.691, 0.711
0.614, 1.563, 0.622
1.334, 11.727, 2.015
1.704, 11.727, 2.795
1.997, 11.71, 3.788
3.202, 11.71, 4.946
1.152, 5.402, 1.767
1.843, 5.402, 2.208
1.349, 4.41, 1.47
1.597, 4.41, 1.645
0.898, 2.733, 0.763
0.992, 2.733, 0.916
1.194, 2.733, 1.206
0.739, 1.376, 0.591
1.415, 12.357, 2.085
1.858, 12.177, 3.574
0.622, 1.471, 0.528
0.734, 1.471, 0.574
1.308, 9.463, 1.637
1.913, 9.348, 2.382
2.961, 9.297, 3.441
1.314, 2.926, 1.336
0.936, 3.316, 1.091
1.282, 2.454, 1.085
0.782, 3.304, 1.286
0.974, 4.105, 1.069
1.054, 4.097, 1.354
1.429, 3.931, 1.854
0.753, 1.839, 0.693
0.998, 5.036, 1.301
1.265, 4.995, 1.782
0.296, 0.431, 0.188
0.845, 1.961, 0.7
0.637, 1.255, 0.521
0.64, 1.438, 0.575
0.937, 4.208, 1.65
0.874, 1.546, 1.093
1.826, 11.244, 2.467
2.423, 5.598, 2.438
1.845, 11.227, 2.546
1.003, 3.782, 1.611
2.974, 10.989, 3.987
3.891, 10.989, 4.485
1.684, 4.943, 1.775
1.764, 4.943, 1.972
1.817, 4.943, 2.214
1.895, 5.707, 2.278
0.974, 3.607, 1.382
0.591, 1.023, 0.724
1.274, 9.988, 2.281
1.217, 4.654, 1.618
0.531, 0.686, 0.372
0.635, 1.563, 0.614
1.145, 4.881, 1.911
0.232, 0.307, 0.217
1.339, 9.6, 2.119
1.278, 3.144, 1.195
0.994, 2.123, 0.916
0.672, 1.535, 0.614
1.358, 4.911, 1.884
0.227, 0.297, 0.21
1.938, 14.563, 3.33
1.128, 4.642, 1.49
1.507, 4.642, 2.166
2.246, 13.427, 3.585
2.408, 13.414, 4.22
3.396, 13.414, 5.701
2.233, 10.621, 4.216
2.242, 13.179, 3.451
2.085, 13.179, 3.468
1.899, 13.179, 3.728
2.151, 13.179, 4.081
1.819, 13.179, 3.54
2.302, 13.179, 4.212
3.423, 13.121, 5.607
4.239, 8.437, 3.862
0.861, 1.739, 0.637
0.963, 1.632, 0.737
0.652, 1.949, 0.732
1.605, 3.052, 2.158
1.475, 8.862, 2.039
1.617, 4.824, 1.599
1.664, 4.824, 2.207
0.767, 1.564, 0.659
1.376, 4.259, 1.632
0.491, 0.824, 0.583
2.711, 8.127, 3.423
1.84, 13.988, 4.135
0.288, 0.45, 0.226
0.708, 1.649, 0.918
0.581, 1.557, 0.564
0.334, 0.216, 0.105
1.313, 14.397, 1.923
0.982, 9.579, 1.716
0.648, 1.485, 0.483
0.667, 1.485, 0.603
0.648, 0.891, 0.395
0.403, 0.033, 0.023
1.392, 9.579, 2.839
0.237, 0.25, 0.177
1.558, 3.008, 1.562
2.897, 0.533, 0.377
1.379, 4.87, 1.742
0.615, 1.503, 0.541
0.75, 1.503, 0.658
0.684, 1.822, 0.602
0.388, 0.446, 0.207
1.707, 11.252, 2.187
1.298, 4.685, 1.808
1.637, 10.347, 2.301
1.636, 10.347, 2.332
1.482, 10.312, 2.481
1.973, 10.312, 4.146
1.397, 3.915, 1.407
1.888, 3.804, 1.823
1.757, 9.531, 2.342
1.923, 7.806, 2.297
2.237, 7.806, 3.234
1.769, 9.531, 2.479
1.976, 7.65, 2.44
2.342, 7.611, 3.139
1.402, 5.679, 2.459
1.743, 9.531, 2.837
2.385, 9.507, 3.615
0.449, 0.734, 0.519
1.758, 11.252, 2.179
2.342, 10.483, 4.11
1.816, 11.252, 2.072
0.921, 2.683, 0.868
0.809, 2.68, 0.829
1.173, 2.68, 0.977
3.659, 8.637, 3.569
1.448, 3.615, 1.219
0.813, 1.282, 0.512
0.78, 0.998, 0.427
1.563, 3.375, 1.397
1.397, 3.375, 1.362
2.154, 11.252, 2.366
1.859, 6.339, 1.828
2.293, 6.298, 2.025
2.375, 5.42, 2.129
2.39, 4.687, 2.017
1.9, 6.298, 2.273
2.656, 6.298, 2.798
1.425, 4.719, 1.528
1.522, 4.643, 1.507
1.563, 4.643, 1.569
0.807, 1.867, 0.766
1.085, 4.372, 1.428
1.396, 4.372, 1.635
0.902, 3.306, 1.411
1.282, 3.293, 1.312
0.761, 1.261, 0.474
1.458, 9.813, 2.088
0.863, 2.19, 0.934
1.571, 9.813, 2.264
0.818, 2.412, 0.867
0.609, 2.36, 0.736
0.906, 2.36, 0.904
2.771, 9.598, 3.468
2.522, 7.766, 3.363
2.153, 6.756, 2.779
0.783, 1.66, 0.698
2.545, 5.67, 2.338
1.921, 5.67, 2.626
2.433, 6.492, 2.376
2.014, 5.635, 2.521
0.958, 1.579, 0.79
1.158, 14.397, 1.808
1.46, 10.383, 2.123
1.5, 10.383, 2.154
1.159, 6.046, 1.316
1.151, 6.046, 1.263
0.689, 1.255, 0.593
1.24, 6.04, 1.692
1.35, 6.04, 1.863
0.754, 1.604, 0.588
1.183, 4.856, 1.198
1.211, 2.843, 1.238
1.139, 4.856, 1.439
1.285, 4.856, 1.566
0.929, 2.522, 0.991
1.235, 3.889, 1.125
1.236, 3.889, 1.252
0.813, 1.29, 0.595
2.382, 4.562, 3.226
1.522, 10.36, 2.417
1.26, 6.93, 1.749
0.451, 1.163, 0.378
0.497, 1.145, 0.443
1.527, 4.196, 1.46
0.821, 2.385, 1.117
2.31, 4.096, 1.708
0.654, 1.14, 0.806
1.124, 8.356, 2.177
0.936, 8.348, 1.791
0.662, 1.904, 0.668
0.552, 1.42, 0.553
0.522, 1.003, 0.422
0.325, 0.821, 0.383
0.674, 0.923, 0.407
0.281, 0.46, 0.325
1.814, 9.249, 2.735
1.261, 5.678, 1.802
0.431, 0.958, 0.365
2.029, 3.907, 2.763
2.539, 9.597, 2.77
2.524, 9.597, 2.692
2.086, 7.09, 2.261
2.508, 7.09, 2.505
3.154, 7.09, 3.1
3.336, 6.336, 3.171
3.662, 8.503, 3.632
0.779, 1.378, 0.974
0.744, 8.353, 1.293
0.523, 1.671, 0.44
0.379, 1.104, 0.423
0.48, 1.389, 0.425
0.5, 1.389, 0.462
0.489, 1.389, 0.544
0.519, 1.671, 0.431
0.566, 1.397, 0.572
0.495, 1.671, 0.488
0.536, 1.671, 0.531
0.558, 1.671, 0.664
0.496, 1.007, 0.332
0.458, 1.007, 0.345
0.374, 0.605, 0.275
0.719, 1.317, 0.931
0.98, 5.365, 1.213
0.863, 4.783, 0.953
0.465, 1.221, 0.459
0.804, 3.153, 0.927
0.86, 3.153, 1.007
0.97, 3.153, 1.201
0.936, 4.783, 1.053
1.403, 4.709, 1.863
0.788, 2.601, 0.814
0.863, 2.601, 0.874
0.973, 2.601, 0.999
0.878, 2.762, 0.83
0.887, 2.762, 0.927
0.86, 2.729, 1.136
0.652, 1.183, 0.836
1.143, 5.854, 1.31
1.105, 5.854, 1.233
0.463, 1.221, 0.458
1.209, 5.854, 1.472
1.125, 3.107, 1.049
0.613, 1.531, 0.571
1.749, 5.792, 2.383
1.144, 4.855, 1.221
1.389, 4.756, 1.894
1.261, 4.802, 1.356
1.442, 4.802, 1.525
0.601, 1.24, 0.47
1.248, 2.953, 1.201
0.989, 2.991, 0.862
1.18, 2.903, 1.022
0.503, 0.653, 0.282
0.764, 1.5, 0.607
0.619, 1.118, 0.791
0.705, 5.64, 1.129
0.483, 1.582, 0.487
0.325, 1.101, 0.342
0.381, 1.101, 0.448
0.573, 1.582, 0.524
0.31, 0.783, 0.362
0.668, 0.923, 0.406
0.273, 0.444, 0.314
0.731, 5.647, 1.2
0.453, 1.352, 0.421
0.378, 1.205, 0.392
0.408, 1.205, 0.486
0.464, 0.96, 0.369
0.305, 0.759, 0.351
0.666, 0.922, 0.405
0.269, 0.436, 0.308
1.427, 9.57, 2.037
0.703, 1.165, 0.501
1.595, 9.57, 2.412
2.433, 9.57, 3.452
1.691, 6.739, 2.875
1.021, 2.754, 0.998
0.988, 2.754, 1.283
1.164, 2.297, 1.011
1.231, 3.452, 1.444
0.939, 1.731, 1.224
1.046, 9.98, 1.633
0.999, 9.98, 1.59
0.298, 0.37, 0.204
1.146, 2.172, 0.868
1.043, 1.709, 0.838
0.997, 9.98, 1.645
0.984, 9.98, 1.644
2.1, 5.15, 2.756
0.657, 2.474, 0.728
0.366, 0.425, 0.181
0.573, 0.999, 0.706
1.156, 9.976, 2.059
1.137, 9.956, 2.05
0.384, 0.909, 0.281
0.327, 0.42, 0.144
0.529, 0.909, 0.643
1.242, 9.943, 2.213
1.52, 9.903, 2.607
1.581, 9.896, 3.196
2.375, 9.798, 4.286
0.774, 1.083, 0.474
0.331, 0.553, 0.391
0.939, 8.173, 1.66
0.84, 6.287, 1.343
0.438, 1.208, 0.404
0.304, 0.424, 0.154
0.595, 1.053, 0.744
1.074, 6.287, 1.883
0.37, 0.653, 0.255
0.286, 0.471, 0.333
0.731, 2.871, 0.748
0.795, 2.869, 0.849
0.592, 2.192, 0.681
0.799, 2.164, 0.868
0.76, 1.071, 0.467
0.322, 0.536, 0.379
0.827, 4.563, 0.935
0.907, 4.563, 1.04
0.701, 1.733, 0.581
0.82, 1.733, 0.62
0.961, 1.733, 0.768
0.923, 1.669, 0.837
0.751, 1.061, 0.463
2.243, 4.322, 3.056
0.817, 5.198, 1.346
0.311, 0.446, 0.193
0.274, 0.44, 0.311
1.029, 4.021, 1.342
0.795, 2.435, 0.987
0.273, 0.438, 0.31
2.42, 14.361, 4.087
2.638, 14.361, 4.246
1.899, 12.931, 3.306
1.988, 12.931, 3.607
2.487, 12.931, 4.367
0.891, 2.794, 1.328
1.107, 19.227, 2.635
0.286, 0.361, 0.181
0.749, 3.324, 0.9
0.83, 3.324, 0.99
0.933, 3.324, 1.212
0.24, 0.168, 0.073
0.996, 4.403, 1.372
1.61, 4.368, 2.045
0.577, 1.838, 0.612
0.844, 1.833, 0.799
0.77, 1.876, 0.745
1.154, 1.843, 0.861
1.184, 9.195, 2.011
0.264, 0.192, 0.073
1.015, 2.091, 1.161
1.727, 6.82, 2.254
1.059, 1.896, 0.794
0.5, 1.061, 0.357
0.543, 1.061, 0.418
0.534, 0.712, 0.373
2.772, 14.748, 3.153
2.904, 6.712, 2.739
2.102, 3.387, 1.466
2.031, 10.024, 2.309
2.563, 7.62, 2.617
3.524, 7.62, 3.282
1.909, 10.024, 2.3
2.047, 10.024, 2.364
2.175, 10.024, 2.446
2.138, 10.024, 2.578
1.786, 4.476, 1.605
1.918, 4.476, 1.5
2.584, 4.476, 1.892
3.862, 7.645, 3.833
0.666, 3.913, 1.022
1.481, 3.913, 2.158
0.157, 0.125, 0.053
0.704, 1.159, 0.584
1.359, 14.207, 2.363
0.324, 0.255, 0.102
1.124, 4.465, 1.189
0.807, 1.152, 0.49
1.143, 4.465, 1.383
1.334, 4.465, 1.533
1.614, 4.465, 1.784
2.773, 10.596, 4.022
1.339, 14.207, 2.355
2.336, 7.672, 3.642
1.439, 14.207, 2.522
0.788, 2.141, 0.709
0.511, 0.992, 0.475
1.466, 14.207, 2.578
0.63, 1.769, 0.829
0.711, 1.518, 0.564
0.846, 1.507, 0.656
0.789, 1.074, 0.542
0.256, 0.293, 0.207
1.544, 9.269, 2.702
1.189, 3.786, 1.383
0.791, 1.491, 0.796
0.21, 0.269, 0.19
1.621, 10.354, 2.982
1.183, 3.552, 1.328
0.783, 1.491, 0.8
0.21, 0.269, 0.19
1.603, 9.562, 2.79
1.266, 3.891, 1.425
0.846, 1.492, 0.768
0.21, 0.269, 0.19
1.545, 9.0, 2.673
1.246, 4.153, 1.517
0.777, 1.492, 0.805
0.21, 0.269, 0.19
1.666, 10.56, 3.032
1.231, 3.18, 1.324
0.774, 1.494, 0.807
0.21, 0.269, 0.19
1.53, 8.291, 2.496
1.322, 4.209, 1.539
0.84, 1.492, 0.77
0.21, 0.269, 0.19
1.529, 8.459, 2.534
1.298, 4.198, 1.524
0.838, 1.495, 0.772
0.21, 0.269, 0.19
1.198, 9.516, 1.981
1.124, 2.739, 1.171
0.517, 0.936, 0.417
0.783, 3.527, 1.007
0.882, 3.527, 1.259
0.208, 0.16, 0.072
0.673, 1.207, 0.853
1.144, 12.07, 2.458
0.862, 3.774, 1.135
0.377, 0.308, 0.141
0.71, 3.981, 1.132
0.859, 3.959, 1.423
0.208, 0.181, 0.085
0.448, 0.794, 0.561
1.525, 8.668, 2.596
1.259, 4.221, 1.544
0.772, 1.492, 0.808
0.21, 0.269, 0.19
1.659, 10.563, 3.036
1.219, 3.357, 1.334
0.771, 1.495, 0.809
0.21, 0.269, 0.19
1.653, 9.696, 2.819
1.332, 3.192, 1.421
0.836, 1.495, 0.773
0.209, 0.269, 0.19
1.635, 9.881, 2.866
1.276, 3.69, 1.4
0.836, 1.495, 0.773
0.209, 0.269, 0.19
2.602, 14.142, 4.499
0.717, 2.051, 0.765
0.797, 2.051, 0.965
3.108, 6.031, 4.264
1.311, 9.225, 2.344
0.972, 3.71, 1.131
0.677, 1.482, 0.656
0.267, 0.11, 0.045
0.297, 0.456, 0.323
1.04, 9.959, 1.801
0.95, 3.352, 1.109
0.314, 0.233, 0.128
0.835, 2.871, 0.812
0.474, 0.816, 0.307
0.374, 0.549, 0.236
0.815, 3.951, 1.322
1.261, 3.846, 1.865
0.209, 0.269, 0.19
0.98, 10.265, 1.832
0.907, 3.002, 1.025
0.335, 0.322, 0.158
0.733, 2.823, 0.743
0.489, 1.047, 0.401
0.456, 1.047, 0.472
0.73, 3.981, 1.345
1.222, 3.854, 1.887
0.209, 0.269, 0.19
1.274, 11.856, 2.249
0.878, 2.962, 1.038
0.374, 0.496, 0.225
1.255, 7.692, 1.955
0.626, 1.564, 0.461
0.659, 1.564, 0.556
0.336, 0.365, 0.185
1.177, 11.852, 2.412
1.831, 11.852, 3.454
3.143, 11.833, 5.046
0.799, 1.575, 0.718
0.593, 2.684, 0.759
0.649, 2.679, 0.828
0.373, 0.602, 0.234
1.521, 4.519, 1.945
0.678, 1.496, 0.697
0.209, 0.269, 0.19
2.012, 6.863, 2.753
0.495, 0.599, 0.303
0.989, 10.809, 2.12
0.54, 0.975, 0.488
0.42, 0.895, 0.361
0.298, 0.793, 0.231
0.365, 0.786, 0.307
0.338, 0.543, 0.267
0.221, 0.234, 0.095
0.183, 0.215, 0.108
0.338, 0.936, 0.339
0.191, 0.19, 0.095
1.423, 6.033, 1.938
1.446, 6.033, 2.149
0.807, 1.891, 0.864
0.801, 3.68, 1.142
0.71, 2.812, 1.026
0.93, 2.812, 1.224
0.741, 1.969, 1.129
0.267, 0.601, 0.181
0.304, 0.601, 0.245
0.433, 0.601, 0.311
1.296, 3.435, 1.548
0.863, 2.497, 1.027
1.264, 12.397, 2.063
0.302, 0.49, 0.245
0.4, 0.622, 0.245
0.564, 3.483, 0.932
0.443, 1.346, 0.569
0.127, 0.036, 0.015
0.239, 0.253, 0.098
0.198, 0.201, 0.101
0.83, 3.017, 1.175
0.238, 0.208, 0.086
1.856, 5.774, 1.995
2.058, 5.75, 2.589
3.088, 5.75, 3.15
1.363, 12.368, 2.892
2.082, 12.349, 4.201
2.84, 12.349, 5.379
0.646, 1.575, 0.614
0.721, 1.575, 0.696
2.677, 4.906, 2.453
0.815, 18.76, 2.387
0.314, 0.201, 0.113
0.521, 1.55, 0.437
0.558, 1.55, 0.489
0.806, 1.535, 0.52
0.279, 0.618, 0.338
0.596, 2.415, 0.663
0.566, 2.415, 0.704
0.721, 1.716, 0.649
0.73, 2.379, 1.16
0.28, 0.62, 0.341
0.367, 1.178, 0.375
0.292, 0.662, 0.277
0.705, 2.423, 0.83
1.067, 2.385, 1.084
0.967, 12.435, 2.213
0.54, 0.975, 0.488
0.184, 0.106, 0.046
0.333, 0.905, 0.28
0.381, 0.898, 0.339
0.338, 0.543, 0.267
0.221, 0.234, 0.095
0.183, 0.215, 0.108
0.338, 0.936, 0.339
0.191, 0.19, 0.095
1.313, 6.078, 1.95
1.305, 6.078, 2.164
0.548, 1.107, 0.504
1.085, 12.665, 1.808
0.314, 0.413, 0.183
1.12, 1.454, 0.628
0.551, 0.739, 0.313
0.825, 3.12, 0.946
0.394, 0.998, 0.417
1.576, 3.002, 1.244
2.26, 1.949, 1.378
1.196, 11.598, 1.897
2.188, 11.598, 3.679
3.723, 11.598, 5.423
0.804, 2.57, 0.692
0.685, 1.627, 0.557
0.407, 0.601, 0.279
0.765, 2.453, 0.655
0.706, 1.538, 0.681
0.79, 2.436, 0.726
0.571, 1.224, 0.466
0.67, 1.224, 0.564
1.257, 3.383, 1.378
0.537, 0.657, 0.335
0.521, 1.757, 0.493
0.37, 0.516, 0.227
0.657, 1.77, 0.836
0.597, 1.181, 0.493
0.687, 12.653, 1.649
0.543, 0.983, 0.492
0.441, 0.894, 0.355
0.3, 0.793, 0.233
0.367, 0.786, 0.309
0.341, 0.554, 0.271
0.222, 0.242, 0.098
0.183, 0.215, 0.108
0.326, 0.962, 0.354
0.165, 0.178, 0.085
0.484, 0.98, 0.354
0.46, 0.98, 0.438
0.324, 0.543, 0.206
1.017, 2.972, 1.099
0.695, 2.757, 0.863
0.297, 0.514, 0.181
1.299, 13.178, 2.033
0.376, 0.578, 0.296
0.69, 1.251, 0.525
2.01, 3.755, 1.44
0.737, 1.539, 0.555
0.498, 0.388, 0.206
1.779, 6.585, 2.081
0.946, 2.481, 1.172
1.084, 10.112, 1.733
0.585, 1.437, 0.457
0.381, 0.533, 0.199
0.652, 1.511, 0.602
0.996, 5.79, 1.083
0.848, 2.75, 0.895
0.601, 1.661, 0.677
1.176, 2.749, 1.265
1.038, 5.79, 1.166
1.979, 5.772, 1.9
2.59, 5.759, 2.449
0.773, 1.644, 0.465
0.57, 1.021, 0.391
0.744, 1.648, 0.606
0.308, 0.428, 0.179
3.054, 9.822, 4.63
1.313, 10.112, 2.833
0.336, 0.464, 0.248
2.266, 9.993, 3.928
2.937, 9.926, 4.856
2.42, 8.419, 2.67
2.433, 8.419, 2.939
0.782, 1.486, 0.652
1.436, 19.578, 3.312
0.438, 0.644, 0.323
0.271, 0.482, 0.153
0.294, 0.482, 0.241
0.776, 2.312, 0.837
1.434, 5.988, 1.813
0.945, 2.363, 0.951
1.397, 4.207, 1.974
1.62, 5.988, 2.296
1.88, 5.988, 2.832
1.451, 12.513, 2.07
0.394, 0.756, 0.382
1.038, 3.166, 1.333
0.951, 1.922, 0.782
1.369, 12.476, 1.98
1.894, 6.618, 2.777
1.331, 12.476, 2.007
0.994, 1.992, 0.638
0.859, 1.245, 0.516
0.917, 1.746, 0.657
0.785, 1.733, 0.653
0.983, 2.639, 0.862
0.956, 2.639, 0.95
0.894, 1.426, 0.728
2.15, 12.467, 3.318
1.972, 12.467, 3.628
0.377, 0.499, 0.206
0.809, 1.536, 0.632
1.522, 4.926, 1.652
1.411, 4.926, 1.902
1.666, 4.926, 2.344
3.729, 7.153, 3.578
4.243, 27.5, 6.361
0.461, 0.566, 0.314
6.361, 25.879, 8.308
6.278, 25.879, 9.962
11.123, 23.483, 13.307
7.597, 20.294, 9.523
5.755, 24.176, 7.248
4.7, 14.023, 5.309
7.312, 12.95, 5.894
5.505, 15.87, 7.139
3.129, 8.336, 3.263
3.193, 14.821, 4.619
0.748, 2.548, 0.919
0.65, 0.977, 0.496
0.853, 3.424, 0.991
0.592, 1.403, 0.555
0.667, 0.976, 0.502
5.263, 13.492, 5.91
2.922, 13.866, 4.657
0.747, 2.544, 0.918
0.648, 0.976, 0.495
1.47, 16.821, 3.332
0.421, 0.632, 0.316
0.484, 0.984, 0.386
0.736, 2.909, 0.792
0.988, 2.895, 1.076
0.813, 1.477, 0.709
0.452, 0.493, 0.199
0.375, 0.446, 0.224
2.193, 14.666, 4.806
0.394, 0.442, 0.215
1.492, 6.315, 1.979
1.735, 6.315, 2.216
0.645, 1.522, 0.678
1.41, 17.0, 2.931
0.421, 0.632, 0.316
0.444, 0.78, 0.306
0.736, 2.909, 0.792
0.988, 2.895, 1.076
0.813, 1.477, 0.709
0.452, 0.493, 0.199
0.375, 0.446, 0.224
1.832, 11.486, 3.768
0.368, 0.379, 0.183
1.559, 5.124, 1.402
1.482, 5.124, 1.5
0.864, 2.311, 0.797
1.312, 2.269, 0.949
0.756, 10.833, 1.63
0.366, 0.683, 0.344
0.374, 0.522, 0.219
0.314, 0.807, 0.239
0.373, 0.807, 0.315
0.345, 0.553, 0.272
0.232, 0.226, 0.091
0.196, 0.202, 0.101
0.35, 0.958, 0.353
0.184, 0.163, 0.076
0.333, 0.54, 0.236
1.236, 3.738, 1.242
1.276, 3.738, 1.324
0.717, 1.895, 0.858
1.373, 14.066, 3.345
0.655, 1.642, 0.805
0.525, 0.938, 0.375
0.788, 0.938, 0.439
1.426, 10.999, 2.4
0.377, 0.714, 0.361
0.467, 0.481, 0.23
0.559, 3.55, 0.94
0.428, 1.227, 0.538
0.128, 0.036, 0.015
0.236, 0.255, 0.099
0.193, 0.202, 0.101
0.801, 2.921, 1.032
0.232, 0.239, 0.101
2.023, 10.841, 3.143
1.404, 5.228, 1.849
1.945, 5.228, 2.406
1.518, 10.949, 2.635
1.896, 10.948, 3.711
2.56, 10.948, 4.753
1.347, 6.724, 2.007
1.517, 6.724, 2.191
2.227, 6.662, 3.086
2.73, 5.53, 2.795
1.16, 11.312, 1.752
0.654, 1.424, 0.6
0.514, 1.161, 0.39
0.356, 0.07, 0.035
2.476, 8.457, 2.954
1.144, 0.259, 0.13
1.039, 11.312, 1.58
1.033, 11.269, 2.431
0.303, 0.509, 0.196
1.572, 11.269, 3.31
2.273, 11.269, 4.082
0.434, 0.635, 0.32
1.004, 5.576, 1.15
1.69, 5.546, 1.82
1.374, 5.546, 1.894
0.566, 1.158, 0.493
1.008, 3.525, 1.124
1.086, 3.525, 1.392
0.361, 0.72, 0.314
0.822, 1.549, 0.622
0.603, 1.286, 0.507
0.419, 0.852, 0.286
0.394, 0.643, 0.255
0.843, 1.521, 0.717
1.264, 2.434, 0.991
0.738, 10.806, 1.639
0.47, 0.882, 0.442
0.374, 0.507, 0.213
0.313, 0.807, 0.239
0.372, 0.807, 0.315
0.344, 0.553, 0.272
0.231, 0.227, 0.091
0.195, 0.201, 0.101
0.34, 0.958, 0.36
0.178, 0.182, 0.084
0.381, 0.551, 0.283
1.261, 2.957, 1.17
1.534, 2.957, 1.332
1.639, 11.651, 2.547
0.443, 0.683, 0.35
0.843, 1.965, 0.784
0.745, 2.91, 0.791
0.988, 2.895, 1.076
0.813, 1.476, 0.709
0.469, 0.494, 0.21
0.389, 0.49, 0.246
1.74, 11.651, 2.733
1.643, 10.211, 3.172
2.091, 10.183, 4.06
1.777, 9.919, 3.425
3.248, 9.918, 4.646
1.719, 11.651, 2.665
1.863, 10.604, 3.052
0.579, 1.391, 0.546
1.71, 11.651, 2.657
2.44, 7.667, 3.615
1.031, 6.854, 1.612
0.615, 1.441, 0.538
0.831, 1.43, 0.742
0.415, 0.694, 0.282
0.493, 0.694, 0.364
3.535, 6.854, 4.846
1.475, 11.037, 2.965
0.498, 2.039, 0.562
0.712, 1.954, 0.838
0.377, 0.556, 0.232
0.444, 0.556, 0.285
0.628, 1.147, 0.811
2.984, 11.011, 4.225
1.847, 3.562, 1.797
1.631, 11.608, 2.911
1.309, 11.608, 2.593
1.326, 11.608, 2.748
0.467, 0.57, 0.247
0.696, 1.325, 0.709
2.161, 11.608, 3.941
0.962, 2.277, 1.078
5.917, 11.578, 8.187
2.036, 10.205, 2.37
2.033, 10.205, 2.407
1.986, 10.205, 2.421
1.998, 10.205, 2.565
1.526, 6.522, 1.873
1.927, 6.522, 2.176
3.038, 6.522, 2.711
4.095, 10.205, 4.356
1.352, 5.671, 1.606
1.235, 5.671, 1.426
1.153, 5.671, 1.433
1.047, 5.671, 1.574
1.225, 5.671, 1.868
1.99, 5.671, 2.554
1.399, 4.066, 1.535
2.368, 4.065, 2.075
1.202, 11.608, 2.284
0.421, 0.632, 0.316
0.386, 0.508, 0.229
0.736, 2.909, 0.792
0.988, 2.895, 1.076
0.813, 1.477, 0.709
0.452, 0.493, 0.199
0.375, 0.446, 0.224
1.831, 11.486, 3.768
0.368, 0.379, 0.183
0.753, 1.487, 0.666
0.984, 3.237, 0.987
1.136, 3.237, 1.082
0.558, 0.893, 0.373
1.713, 9.979, 2.795
1.083, 2.056, 1.031
0.304, 0.232, 0.098
2.387, 5.162, 2.721
1.101, 18.957, 3.42
0.464, 0.65, 0.326
0.306, 0.824, 0.274
0.343, 0.824, 0.329
0.355, 0.822, 0.367
0.133, 0.159, 0.08
0.989, 4.472, 1.484
1.531, 4.375, 2.054
4.545, 26.627, 5.832
1.369, 2.886, 1.211
5.011, 26.627, 6.574
8.321, 25.261, 9.491
10.799, 25.261, 13.873
2.719, 5.756, 2.122
2.178, 4.198, 1.951
2.32, 4.103, 2.052
7.056, 14.423, 6.457
5.539, 12.844, 4.955
4.68, 12.485, 4.912
1.778, 5.958, 2.524
0.902, 13.251, 2.129
0.54, 0.975, 0.488
0.382, 0.706, 0.283
0.299, 0.793, 0.232
0.366, 0.786, 0.308
0.34, 0.549, 0.269
0.222, 0.239, 0.097
0.183, 0.215, 0.108
0.329, 0.936, 0.344
0.18, 0.195, 0.091
1.446, 6.172, 1.934
1.429, 6.172, 2.087
0.617, 0.792, 0.359
1.154, 11.317, 1.752
0.659, 1.351, 0.561
0.508, 1.161, 0.382
0.356, 0.07, 0.035
2.476, 8.457, 2.954
1.144, 0.259, 0.13
1.032, 11.317, 1.58
1.04, 11.27, 2.432
0.303, 0.509, 0.196
1.585, 11.27, 3.309
2.293, 11.27, 4.076
0.393, 0.549, 0.275
0.991, 5.579, 1.15
1.667, 5.546, 1.837
1.336, 5.546, 1.916
0.462, 0.724, 0.319
0.972, 3.403, 1.107
1.028, 3.403, 1.372
0.282, 0.446, 0.214
0.822, 1.549, 0.622
0.603, 1.286, 0.507
0.419, 0.852, 0.286
0.394, 0.643, 0.255
0.843, 1.521, 0.717
1.264, 2.434, 0.991
1.279, 10.816, 1.883
0.38, 0.446, 0.212
0.75, 1.556, 0.728
0.968, 3.872, 1.38
0.469, 1.008, 0.458
1.353, 10.816, 1.951
1.572, 6.482, 2.189
1.709, 6.482, 2.754
1.351, 6.125, 2.409
1.321, 10.816, 1.925
3.968, 7.867, 2.723
1.902, 4.622, 1.761
1.253, 10.772, 2.096
0.637, 0.701, 0.378
3.917, 10.761, 6.031
1.308, 7.419, 1.846
0.624, 1.015, 0.413
1.886, 7.419, 2.423
0.678, 1.337, 0.74
0.792, 2.261, 0.752
0.846, 1.776, 0.785
0.907, 2.261, 0.905
0.856, 2.837, 0.816
0.845, 2.793, 0.927
0.898, 2.793, 1.075
1.453, 6.044, 1.974
0.885, 1.203, 0.634
1.139, 10.51, 1.806
1.719, 10.469, 2.86
2.098, 6.215, 2.534
3.033, 6.089, 2.68
2.055, 10.447, 4.173
0.946, 5.413, 1.194
1.112, 3.289, 1.042
1.342, 3.248, 1.81
0.943, 5.413, 1.252
0.561, 1.211, 0.525
1.028, 5.413, 1.481
1.106, 5.413, 1.539
1.757, 3.803, 1.422
2.147, 3.803, 1.519
0.309, 1.264, 0.419
0.16, 0.14, 0.063
0.992, 4.309, 1.131
1.06, 4.309, 1.21
1.269, 4.309, 1.441
1.398, 4.309, 1.717
1.579, 7.563, 2.268
1.478, 7.563, 2.404
0.729, 2.857, 1.12
1.2, 2.747, 1.569
1.704, 7.525, 2.537
0.785, 2.475, 1.09
0.356, 1.486, 0.487
0.152, 0.167, 0.064
1.06, 12.665, 1.713
0.314, 0.413, 0.183
1.12, 1.454, 0.628
0.551, 0.739, 0.313
0.644, 1.394, 0.555
0.394, 0.998, 0.417
1.463, 0.091, 0.064
1.162, 9.747, 1.652
2.049, 9.747, 3.123
3.456, 9.747, 4.494
0.804, 2.571, 0.69
0.677, 1.627, 0.545
0.407, 0.601, 0.279
0.765, 2.453, 0.655
0.706, 1.538, 0.681
0.79, 2.436, 0.726
0.571, 1.224, 0.466
0.67, 1.224, 0.564
1.249, 3.3, 1.363
0.537, 0.657, 0.335
0.521, 1.757, 0.493
0.37, 0.516, 0.227
0.657, 1.77, 0.836
0.597, 1.181, 0.493
1.664, 12.006, 2.417
0.419, 0.538, 0.253
1.138, 2.39, 0.946
1.133, 2.389, 1.097
1.265, 2.225, 0.979
1.413, 2.225, 1.164
2.38, 9.036, 2.601
3.096, 9.036, 2.99
3.558, 9.004, 3.603
2.747, 8.59, 3.514
1.571, 5.657, 1.868
1.77, 5.657, 2.166
1.997, 5.657, 2.634
1.85, 11.937, 3.476
0.555, 0.757, 0.29
0.491, 0.637, 0.28
1.352, 9.053, 2.041
1.409, 9.053, 2.106
2.024, 7.703, 3.276
1.48, 9.053, 2.179
0.866, 1.659, 0.51
0.788, 1.185, 0.431
0.708, 1.185, 0.5
0.599, 0.917, 0.415
2.162, 15.565, 4.613
0.646, 1.204, 0.604
0.14, 0.03, 0.015
1.402, 10.095, 2.239
0.421, 0.632, 0.316
0.386, 0.508, 0.229
0.981, 2.895, 0.938
0.988, 2.895, 1.076
0.813, 1.477, 0.709
0.921, 2.063, 1.148
1.781, 8.122, 2.718
0.355, 0.436, 0.206
1.337, 5.617, 1.768
1.559, 5.617, 1.978
0.506, 0.638, 0.315
1.234, 12.395, 2.891
0.805, 3.993, 1.318
1.071, 3.978, 1.585
0.61, 1.552, 0.895
0.482, 1.739, 0.675
1.199, 18.593, 2.406
0.888, 2.133, 1.138
0.479, 0.81, 0.445
0.922, 3.072, 1.068
0.926, 3.072, 1.228
1.158, 2.956, 1.088
0.78, 1.285, 0.586
1.333, 4.54, 1.346
1.982, 4.54, 1.95
1.016, 2.172, 0.879
0.809, 1.24, 0.623
0.955, 6.178, 1.337
2.094, 5.342, 2.433
0.522, 1.102, 0.355
0.406, 0.266, 0.131
0.577, 1.665, 0.547
0.365, 0.244, 0.113
0.589, 1.421, 0.519
0.36, 0.248, 0.12
0.92, 1.728, 0.679
1.014, 1.721, 0.715
1.185, 11.608, 2.223
0.421, 0.632, 0.316
0.386, 0.508, 0.229
0.736, 2.909, 0.792
0.988, 2.895, 1.076
0.813, 1.477, 0.709
0.452, 0.493, 0.199
0.375, 0.446, 0.224
1.836, 11.486, 3.766
0.378, 0.379, 0.173
0.753, 1.487, 0.666
0.96, 3.245, 0.919
1.07, 3.245, 0.975
0.573, 0.905, 0.372
0.647, 0.905, 0.447
1.113, 11.837, 2.164
0.353, 0.301, 0.119
0.394, 0.684, 0.235
0.287, 0.266, 0.126
0.742, 1.925, 0.728
0.791, 1.871, 0.881
1.274, 11.837, 2.323
0.696, 4.575, 1.134
0.308, 0.557, 0.213
1.178, 4.575, 1.614
1.84, 4.575, 2.158
1.529, 11.829, 2.671
2.025, 10.278, 3.064
1.043, 2.356, 1.013
1.447, 11.829, 2.646
3.75, 11.722, 5.519
1.145, 10.509, 2.471
1.218, 10.509, 2.63
0.828, 1.193, 0.6
0.438, 1.213, 0.387
0.33, 0.312, 0.141
1.186, 3.138, 1.066
1.106, 3.138, 1.11
1.437, 3.138, 1.63
2.465, 11.639, 4.063
0.746, 1.437, 0.689
0.388, 0.653, 0.236
0.312, 0.345, 0.132
1.436, 18.997, 3.421
0.421, 0.632, 0.316
0.203, 0.166, 0.07
0.879, 4.476, 1.174
1.212, 4.461, 1.611
0.813, 1.477, 0.709
0.452, 0.493, 0.199
0.375, 0.446, 0.224
2.051, 13.344, 4.368
0.402, 0.429, 0.216
1.22, 6.303, 1.716
1.331, 6.303, 1.875
0.521, 0.975, 0.401
0.663, 0.975, 0.5
1.358, 14.207, 2.363
0.324, 0.255, 0.102
1.124, 4.465, 1.189
0.807, 1.152, 0.49
1.143, 4.465, 1.383
1.334, 4.465, 1.533
1.614, 4.465, 1.784
2.773, 10.596, 4.022
1.339, 14.207, 2.355
2.336, 7.672, 3.642
1.439, 14.207, 2.522
0.788, 2.141, 0.709
0.511, 0.992, 0.475
1.466, 14.207, 2.578
0.63, 1.769, 0.829
0.711, 1.518, 0.564
0.846, 1.507, 0.656
0.789, 1.074, 0.542
0.256, 0.293, 0.207
1.544, 9.269, 2.702
1.189, 3.786, 1.383
0.791, 1.491, 0.796
0.21, 0.269, 0.19
1.621, 10.354, 2.982
1.183, 3.552, 1.328
0.783, 1.491, 0.8
0.21, 0.269, 0.19
1.603, 9.562, 2.79
1.266, 3.891, 1.425
0.846, 1.492, 0.768
0.21, 0.269, 0.19
1.545, 9.0, 2.673
1.246, 4.153, 1.517
0.777, 1.492, 0.805
0.21, 0.269, 0.19
1.666, 10.56, 3.032
1.231, 3.18, 1.324
0.774, 1.494, 0.807
0.21, 0.269, 0.19
1.53, 8.291, 2.496
1.322, 4.209, 1.539
0.84, 1.492, 0.77
0.21, 0.269, 0.19
1.529, 8.459, 2.534
1.298, 4.198, 1.524
0.838, 1.495, 0.772
0.21, 0.269, 0.19
1.198, 9.516, 1.981
1.124, 2.739, 1.171
0.517, 0.936, 0.417
0.783, 3.527, 1.007
0.882, 3.527, 1.259
0.208, 0.16, 0.072
0.673, 1.207, 0.853
1.144, 12.07, 2.458
0.862, 3.774, 1.135
0.377, 0.308, 0.141
0.71, 3.981, 1.132
0.859, 3.959, 1.423
0.208, 0.181, 0.085
0.448, 0.794, 0.561
1.525, 8.668, 2.596
1.259, 4.221, 1.544
0.772, 1.492, 0.808
0.21, 0.269, 0.19
1.659, 10.563, 3.036
1.219, 3.357, 1.334
0.771, 1.495, 0.809
0.21, 0.269, 0.19
1.653, 9.696, 2.819
1.332, 3.192, 1.421
0.836, 1.495, 0.773
0.209, 0.269, 0.19
1.635, 9.881, 2.866
1.276, 3.69, 1.4
0.836, 1.495, 0.773
0.209, 0.269, 0.19
2.602, 14.142, 4.499
0.717, 2.051, 0.765
0.797, 2.051, 0.965
3.108, 6.031, 4.264
1.311, 9.225, 2.344
0.972, 3.71, 1.131
0.677, 1.482, 0.656
0.267, 0.11, 0.045
0.297, 0.456, 0.323
1.04, 9.959, 1.801
0.95, 3.352, 1.109
0.314, 0.233, 0.128
0.835, 2.871, 0.812
0.474, 0.816, 0.307
0.374, 0.549, 0.236
0.815, 3.951, 1.322
1.261, 3.846, 1.865
0.209, 0.269, 0.19
0.98, 10.265, 1.832
0.907, 3.002, 1.025
0.335, 0.322, 0.158
0.733, 2.823, 0.743
0.489, 1.047, 0.401
0.456, 1.047, 0.472
0.73, 3.981, 1.345
1.222, 3.854, 1.887
0.209, 0.269, 0.19
1.274, 11.856, 2.249
0.878, 2.962, 1.038
0.374, 0.496, 0.225
1.255, 7.692, 1.955
0.626, 1.564, 0.461
0.659, 1.564, 0.556
0.336, 0.365, 0.185
1.177, 11.852, 2.412
1.831, 11.852, 3.454
3.143, 11.833, 5.046
0.799, 1.575, 0.718
0.593, 2.684, 0.759
0.649, 2.679, 0.828
0.373, 0.602, 0.234
1.521, 4.519, 1.945
0.678, 1.496, 0.697
0.209, 0.269, 0.19
2.012, 6.863, 2.753
0.495, 0.599, 0.303
1.555, 17.915, 2.656
0.307, 0.161, 0.087
1.568, 17.915, 2.703
2.52, 11.089, 3.487
1.435, 6.398, 2.279
2.643, 6.398, 3.397
1.504, 17.915, 2.649
1.5, 17.915, 2.66
1.122, 3.46, 1.373
1.713, 17.904, 3.455
1.73, 17.904, 3.516
2.577, 14.956, 5.549
5.642, 14.919, 8.225
1.634, 17.904, 3.224
4.439, 17.789, 7.642
0.807, 3.026, 0.921
1.215, 3.026, 1.329
1.356, 11.008, 2.331
3.615, 10.89, 4.548
0.738, 3.719, 0.986
0.482, 0.958, 0.317
0.452, 0.671, 0.298
1.128, 2.856, 1.295
0.307, 0.34, 0.139
1.414, 9.919, 2.199
2.033, 6.765, 2.776
1.267, 9.919, 2.024
2.109, 8.682, 2.837
3.565, 8.682, 4.627
1.147, 9.919, 1.931
1.443, 9.861, 2.703
1.924, 9.852, 3.958
1.506, 5.066, 2.161
1.067, 9.41, 1.685
1.084, 9.41, 1.72
2.273, 9.296, 3.228
4.194, 9.286, 4.778
0.777, 5.023, 1.083
1.022, 3.34, 1.129
0.662, 1.993, 0.964
0.658, 2.771, 0.727
0.724, 2.725, 0.856
0.254, 0.019, 0.013
0.371, 0.648, 0.272
0.172, 0.139, 0.057
2.596, 5.012, 3.544
1.882, 9.653, 3.028
1.837, 9.653, 3.314
0.719, 2.006, 0.783
2.038, 12.769, 3.894
0.289, 0.451, 0.227
1.107, 2.519, 1.435
4.927, 27.51, 6.107
1.845, 3.489, 1.706
0.456, 0.792, 0.237
0.391, 0.792, 0.339
6.263, 20.927, 7.114
4.758, 14.769, 6.959
5.738, 27.43, 7.69
5.763, 27.43, 8.242
5.523, 27.43, 7.807
4.228, 13.594, 5.576
8.998, 26.083, 12.429
9.524, 24.966, 14.302
6.938, 18.291, 7.509
8.881, 18.291, 8.8
2.706, 7.164, 2.341
1.245, 1.983, 0.868
3.585, 17.347, 5.207
1.85, 3.478, 1.747
6.352, 16.327, 7.128
8.438, 16.327, 8.175
4.776, 22.728, 6.203
4.397, 9.235, 4.259
5.607, 22.538, 7.726
9.492, 21.912, 9.802
2.417, 3.414, 2.414
5.205, 26.095, 6.154
6.133, 21.533, 6.296
5.329, 13.728, 5.011
4.824, 13.314, 6.091
9.614, 20.234, 9.422
5.707, 10.598, 7.494
4.641, 25.426, 5.289
4.754, 25.414, 5.373
8.824, 23.954, 11.215
4.615, 14.144, 4.865
3.518, 13.652, 4.101
4.873, 13.652, 6.193
7.727, 13.681, 6.996
3.77, 7.071, 5.0
4.499, 14.408, 5.076
4.379, 14.086, 4.828
5.012, 13.912, 6.466
7.452, 12.329, 6.708
1.066, 1.743, 1.232
5.184, 16.471, 5.537
5.181, 13.454, 4.833
5.115, 13.454, 6.057
6.884, 12.44, 6.211
1.055, 1.721, 1.217
2.493, 5.539, 2.408
2.341, 5.216, 2.181
2.027, 2.741, 1.53
3.052, 5.917, 4.184
4.876, 24.094, 6.116
4.871, 14.189, 4.748
4.917, 14.047, 6.573
7.743, 22.586, 11.039
2.494, 4.519, 3.195
6.349, 24.891, 7.784
6.434, 24.359, 7.714
4.644, 13.593, 6.443
10.395, 23.22, 10.908
2.127, 3.786, 2.677
5.908, 23.528, 6.804
5.609, 15.776, 5.912
4.819, 13.401, 6.433
10.457, 22.109, 10.324
2.135, 3.802, 2.689
5.626, 23.41, 6.506
4.495, 13.628, 4.26
4.707, 13.628, 6.505
10.336, 22.033, 10.387
2.53, 4.224, 2.987
4.574, 13.484, 5.014
4.412, 13.296, 4.916
4.77, 13.296, 6.089
7.007, 12.868, 6.709
2.679, 4.884, 3.453
7.021, 24.772, 8.135
7.234, 24.373, 7.998
5.571, 17.655, 8.434
10.418, 23.65, 11.24
2.429, 4.023, 2.845
5.797, 25.091, 7.807
5.168, 25.091, 7.311
2.241, 5.083, 2.145
10.474, 24.019, 11.478
2.205, 3.886, 2.748
5.182, 26.082, 5.88
6.288, 14.466, 6.23
7.309, 13.188, 5.892
4.076, 13.973, 4.38
2.129, 5.052, 1.908
2.83, 5.052, 2.272
4.691, 13.542, 5.15
5.654, 13.542, 6.184
9.435, 25.393, 14.512
5.247, 13.892, 6.084
3.727, 6.62, 4.681
1.48, 6.071, 1.848
1.615, 6.071, 1.992
1.497, 6.071, 2.012
1.901, 5.995, 2.511
1.954, 17.815, 4.816
0.53, 0.945, 0.473
0.495, 0.566, 0.23
0.578, 0.348, 0.182
0.575, 1.78, 0.507
0.587, 1.436, 0.444
0.463, 0.998, 0.292
0.382, 0.523, 0.231
0.446, 0.691, 0.273
5.204, 23.046, 10.15
2.483, 12.978, 4.192
1.014, 3.072, 1.498
1.693, 15.969, 2.527
0.29, 0.364, 0.165
0.771, 1.122, 0.533
1.871, 11.147, 3.566
3.387, 11.147, 5.303
2.065, 9.984, 3.065
2.987, 9.96, 3.577
3.417, 9.316, 3.8
3.313, 9.885, 4.581
0.55, 0.919, 0.358
0.646, 0.919, 0.469
2.252, 8.176, 3.054
2.118, 7.622, 3.154
1.566, 12.168, 2.133
2.667, 12.013, 4.388
0.448, 0.614, 0.29
1.289, 6.918, 1.583
1.272, 6.918, 1.645
1.058, 6.918, 1.816
0.652, 2.924, 1.16
1.819, 6.918, 2.918
1.426, 5.254, 1.626
1.522, 5.247, 1.838
1.239, 3.805, 1.57
1.268, 5.187, 1.49
2.23, 5.165, 1.976
0.605, 1.053, 0.383
0.66, 1.053, 0.528
1.398, 2.072, 1.085
1.561, 8.818, 2.005
4.239, 8.68, 3.89
1.37, 7.922, 1.757
1.427, 7.922, 1.81
0.506, 1.966, 0.589
0.381, 1.407, 0.552
0.768, 1.966, 0.805
1.752, 7.922, 1.993
0.755, 2.863, 0.903
0.474, 1.169, 0.483
2.033, 7.874, 2.152
2.418, 7.82, 2.232
2.318, 7.82, 2.333
2.514, 7.82, 2.642
2.194, 7.82, 3.279
2.796, 6.533, 3.11
1.639, 4.926, 2.13
3.024, 5.979, 2.208
0.478, 0.708, 0.303
0.559, 0.708, 0.395
0.62, 0.973, 0.489
1.605, 3.111, 1.571
0.755, 10.833, 1.626
0.366, 0.683, 0.344
0.374, 0.522, 0.219
0.314, 0.807, 0.239
0.373, 0.807, 0.315
0.345, 0.553, 0.272
0.231, 0.229, 0.092
0.195, 0.205, 0.103
0.35, 0.958, 0.353
0.184, 0.163, 0.076
0.333, 0.54, 0.236
1.226, 3.738, 1.219
1.263, 3.738, 1.296
0.692, 1.662, 0.742
1.389, 18.524, 3.419
0.626, 0.845, 0.422
0.821, 3.839, 1.074
1.048, 3.839, 1.352
1.458, 3.839, 1.765
1.122, 2.278, 0.958
0.797, 0.965, 0.462
1.161, 15.741, 2.098
0.152, 0.087, 0.039
0.231, 0.42, 0.204
1.04, 2.585, 1.209
0.447, 0.855, 0.312
1.202, 15.741, 2.197
0.41, 0.355, 0.251
1.223, 15.741, 2.224
1.67, 3.326, 1.19
0.867, 1.653, 0.827
1.192, 15.741, 2.28
1.069, 6.032, 1.427
0.863, 4.458, 0.951
0.526, 0.755, 0.294
0.937, 4.458, 1.123
0.977, 4.458, 1.279
1.22, 4.299, 1.495
0.388, 0.184, 0.086
1.085, 2.178, 0.987
1.087, 1.785, 0.746
1.251, 1.785, 0.957
3.092, 6.032, 4.265
1.219, 15.455, 2.561
0.88, 9.432, 1.506
0.387, 0.62, 0.244
0.397, 1.176, 0.376
0.396, 1.176, 0.386
0.468, 1.111, 0.429
0.208, 0.055, 0.025
0.489, 0.969, 0.411
1.379, 9.4, 2.11
0.693, 1.896, 0.749
2.248, 9.277, 3.074
2.674, 9.268, 3.482
0.603, 0.907, 0.379
0.682, 0.907, 0.502
2.781, 5.376, 3.801
1.158, 15.741, 2.596
0.7, 3.756, 0.844
0.284, 0.428, 0.163
0.395, 1.152, 0.362
0.391, 1.152, 0.38
0.462, 1.091, 0.424
0.207, 0.048, 0.023
0.492, 0.908, 0.373
1.651, 3.683, 1.188
1.895, 3.683, 1.53
1.569, 2.701, 1.351
2.872, 5.611, 3.968
1.277, 14.098, 1.896
0.973, 9.345, 1.679
0.645, 1.507, 0.489
0.667, 1.485, 0.603
0.641, 0.891, 0.387
0.404, 0.033, 0.023
1.371, 9.345, 2.77
0.237, 0.25, 0.177
1.545, 2.771, 1.534
2.872, 0.084, 0.059
1.355, 4.859, 1.691
0.615, 1.503, 0.541
0.75, 1.503, 0.658
0.683, 1.822, 0.602
0.387, 0.447, 0.207
1.572, 10.978, 2.142
1.526, 6.216, 2.442
1.637, 10.347, 2.303
1.637, 10.347, 2.334
1.482, 10.312, 2.481
1.973, 10.312, 4.146
1.397, 3.915, 1.407
1.888, 3.804, 1.823
1.758, 9.583, 2.345
1.923, 7.816, 2.3
2.238, 7.816, 3.239
1.771, 9.583, 2.483
1.977, 7.65, 2.434
2.328, 7.609, 3.14
1.423, 5.683, 2.452
1.748, 9.583, 2.854
2.393, 9.56, 3.636
0.449, 0.734, 0.519
1.554, 10.978, 2.09
2.339, 10.481, 4.11
1.878, 10.957, 2.309
1.019, 3.679, 1.18
0.853, 3.495, 1.081
1.287, 3.495, 1.333
2.745, 8.677, 3.068
2.31, 6.69, 2.93
2.135, 10.949, 2.563
1.952, 9.081, 2.148
2.108, 5.238, 1.954
2.645, 5.238, 2.301
0.751, 2.291, 0.993
1.925, 9.081, 2.484
2.196, 9.081, 2.779
1.772, 6.05, 2.167
1.626, 5.954, 2.539
3.391, 10.853, 4.445
4.743, 10.853, 5.059
1.793, 3.575, 1.718
0.748, 1.268, 0.507
0.974, 6.557, 1.242
0.862, 2.19, 0.936
0.958, 6.557, 1.291
0.483, 1.195, 0.389
0.362, 1.033, 0.318
0.498, 1.033, 0.378
0.796, 1.613, 0.641
0.514, 0.946, 0.465
1.663, 6.477, 1.976
1.342, 4.88, 1.676
2.671, 4.88, 2.33
0.303, 0.65, 0.28
2.892, 6.477, 3.026
0.558, 1.241, 0.479
0.472, 1.112, 0.423
2.555, 5.799, 2.363
1.945, 5.799, 2.693
2.448, 6.492, 2.402
2.048, 5.779, 2.592
0.932, 1.497, 0.749
1.155, 14.098, 1.799
1.46, 10.381, 2.122
1.5, 10.381, 2.154
1.161, 6.046, 1.323
1.153, 6.046, 1.272
0.69, 1.255, 0.593
1.24, 6.04, 1.692
1.349, 6.04, 1.864
0.754, 1.605, 0.588
1.18, 4.858, 1.205
1.194, 2.73, 1.207
1.137, 4.858, 1.44
1.282, 4.858, 1.567
0.929, 2.523, 0.992
1.24, 4.044, 1.163
1.241, 4.044, 1.296
0.813, 1.29, 0.595
2.382, 4.562, 3.226
1.525, 10.358, 2.415
1.263, 6.93, 1.748
0.451, 1.163, 0.378
0.497, 1.145, 0.443
1.534, 4.196, 1.454
0.821, 2.385, 1.117
2.305, 4.116, 1.716
0.654, 1.14, 0.806
1.125, 8.355, 2.176
0.938, 8.347, 1.79
0.662, 1.905, 0.669
0.552, 1.421, 0.553
0.526, 1.003, 0.419
0.325, 0.821, 0.383
0.674, 0.923, 0.407
0.281, 0.46, 0.325
1.815, 9.248, 2.737
1.263, 5.699, 1.809
0.431, 0.958, 0.365
2.029, 3.908, 2.763
2.532, 9.592, 2.764
2.515, 9.592, 2.684
2.085, 7.09, 2.259
2.505, 7.09, 2.505
3.15, 7.09, 3.101
3.334, 6.331, 3.168
3.665, 8.503, 3.63
0.779, 1.378, 0.974
0.737, 8.037, 1.258
0.522, 1.672, 0.441
0.377, 1.104, 0.422
0.48, 1.389, 0.425
0.499, 1.389, 0.463
0.489, 1.389, 0.544
0.518, 1.672, 0.431
0.564, 1.397, 0.57
0.494, 1.672, 0.488
0.535, 1.672, 0.532
0.558, 1.672, 0.664
0.493, 1.015, 0.332
0.455, 1.015, 0.344
0.374, 0.605, 0.275
0.719, 1.317, 0.931
0.978, 5.365, 1.207
0.863, 4.752, 0.951
0.466, 1.221, 0.458
0.804, 3.153, 0.927
0.859, 3.153, 1.007
0.97, 3.153, 1.201
0.934, 4.752, 1.05
1.398, 4.678, 1.851
0.787, 2.6, 0.815
0.863, 2.6, 0.875
0.973, 2.6, 0.999
0.876, 2.762, 0.83
0.885, 2.762, 0.928
0.86, 2.729, 1.136
0.652, 1.183, 0.836
1.142, 5.87, 1.308
1.104, 5.87, 1.232
0.463, 1.221, 0.458
1.211, 5.87, 1.475
1.125, 3.105, 1.048
0.613, 1.531, 0.572
1.754, 5.809, 2.389
1.141, 4.837, 1.217
1.386, 4.737, 1.887
1.258, 4.802, 1.351
1.441, 4.802, 1.524
0.601, 1.24, 0.47
1.239, 2.904, 1.183
0.988, 2.991, 0.861
1.18, 2.902, 1.022
0.503, 0.653, 0.282
0.76, 1.474, 0.598
0.619, 1.118, 0.791
0.705, 5.64, 1.128
0.483, 1.582, 0.487
0.325, 1.101, 0.342
0.381, 1.101, 0.448
0.574, 1.582, 0.523
0.31, 0.783, 0.362
0.668, 0.923, 0.406
0.273, 0.444, 0.314
0.729, 5.647, 1.195
0.454, 1.352, 0.42
0.378, 1.205, 0.392
0.408, 1.205, 0.486
0.465, 0.96, 0.368
0.305, 0.759, 0.351
0.666, 0.922, 0.405
0.269, 0.436, 0.308
1.429, 9.57, 2.036
0.704, 1.165, 0.502
1.599, 9.57, 2.411
2.433, 9.57, 3.453
1.691, 6.741, 2.876
1.03, 2.754, 1.001
0.988, 2.754, 1.283
1.164, 2.298, 1.011
1.231, 3.452, 1.444
0.939, 1.731, 1.224
1.041, 9.974, 1.622
0.994, 9.974, 1.579
0.299, 0.37, 0.203
1.145, 2.172, 0.868
1.041, 1.728, 0.839
0.992, 9.974, 1.634
0.979, 9.974, 1.633
2.081, 5.068, 2.703
0.649, 2.391, 0.705
0.366, 0.425, 0.182
0.573, 0.999, 0.706
1.152, 9.97, 2.055
1.133, 9.95, 2.047
0.383, 0.909, 0.282
0.327, 0.42, 0.144
0.529, 0.909, 0.643
1.236, 9.937, 2.209
1.512, 9.897, 2.603
1.581, 9.885, 3.194
2.373, 9.792, 4.283
0.774, 1.08, 0.473
0.322, 0.536, 0.379
0.933, 7.981, 1.642
0.838, 6.287, 1.342
0.438, 1.208, 0.404
0.304, 0.424, 0.154
0.595, 1.053, 0.745
1.071, 6.287, 1.881
0.37, 0.652, 0.254
0.286, 0.471, 0.333
0.728, 2.863, 0.745
0.791, 2.858, 0.846
0.592, 2.188, 0.68
0.799, 2.162, 0.868
0.76, 1.066, 0.466
0.314, 0.519, 0.367
0.824, 4.528, 0.928
0.903, 4.528, 1.032
0.701, 1.73, 0.58
0.82, 1.73, 0.62
0.961, 1.73, 0.768
0.923, 1.669, 0.837
0.751, 1.056, 0.462
2.243, 4.322, 3.056
0.816, 5.198, 1.345
0.311, 0.446, 0.194
0.274, 0.44, 0.311
1.027, 4.021, 1.341
0.795, 2.438, 0.988
0.273, 0.438, 0.31
2.405, 14.062, 4.04
2.621, 14.062, 4.197
1.898, 12.907, 3.301
1.985, 12.907, 3.601
2.484, 12.907, 4.359
0.891, 2.793, 1.328
0.739, 10.792, 1.641
0.47, 0.882, 0.442
0.371, 0.507, 0.213
0.315, 0.849, 0.246
0.378, 0.849, 0.326
0.344, 0.551, 0.272
0.23, 0.228, 0.092
0.194, 0.203, 0.102
0.343, 0.935, 0.348
0.178, 0.171, 0.081
0.327, 0.54, 0.235
1.305, 2.979, 1.186
1.526, 2.979, 1.348
1.207, 8.14, 1.564
1.018, 2.859, 1.16
0.891, 1.688, 0.845
1.127, 8.14, 1.505
1.631, 8.066, 2.341
2.222, 7.873, 2.818
0.618, 0.533, 0.249
1.114, 4.932, 1.425
1.065, 1.563, 0.707
0.931, 4.886, 1.566
1.373, 4.813, 2.071
1.383, 4.866, 1.663
1.962, 4.861, 1.864
1.247, 2.374, 1.054
0.92, 3.64, 1.129
0.83, 1.727, 0.78
0.711, 3.616, 1.176
1.047, 3.596, 1.556
1.255, 3.394, 1.375
2.09, 3.391, 1.536
1.689, 3.127, 1.564
2.541, 24.543, 3.612
8.005, 12.567, 5.704
3.464, 10.843, 3.738
3.323, 10.843, 5.168
3.456, 13.125, 4.025
2.527, 9.11, 2.928
3.212, 9.11, 3.75
2.578, 6.474, 2.867
6.078, 12.91, 5.487
8.162, 12.687, 5.589
2.124, 8.655, 2.594
1.369, 3.631, 1.389
2.234, 12.137, 2.828
4.734, 11.433, 5.008
2.13, 12.137, 2.681
1.849, 9.867, 2.323
1.496, 9.828, 2.782
1.888, 9.828, 3.955
1.667, 5.88, 2.513
1.984, 8.546, 2.226
1.361, 4.384, 1.427
0.964, 2.464, 1.026
2.092, 8.48, 2.362
2.523, 8.474, 2.489
2.333, 7.131, 2.332
2.5, 7.131, 2.616
2.157, 7.131, 2.951
2.865, 6.514, 3.385
2.003, 4.921, 2.458
4.02, 8.474, 3.338
0.536, 1.733, 0.678
0.681, 1.733, 0.823
6.975, 10.523, 4.306
1.661, 14.854, 2.901
5.026, 13.152, 6.053
1.345, 14.854, 2.434
0.867, 5.018, 1.216
0.375, 1.017, 0.373
0.305, 0.993, 0.386
0.403, 0.976, 0.431
1.103, 5.018, 1.435
0.489, 1.017, 0.378
0.44, 1.017, 0.427
1.575, 4.921, 1.805
2.547, 4.901, 1.929
1.201, 4.561, 1.745
1.67, 4.42, 2.045
5.439, 14.27, 6.629
3.037, 4.882, 2.219
1.031, 14.48, 2.417
0.54, 0.975, 0.488
0.355, 0.617, 0.252
0.298, 0.793, 0.231
0.365, 0.786, 0.307
0.338, 0.543, 0.267
0.221, 0.234, 0.095
0.183, 0.215, 0.108
0.32, 0.936, 0.348
0.16, 0.183, 0.089
2.043, 5.565, 1.973
2.511, 5.565, 2.341
1.441, 17.0, 3.186
0.421, 0.632, 0.316
0.444, 0.78, 0.306
0.736, 2.909, 0.792
0.988, 2.895, 1.076
0.813, 1.477, 0.709
0.452, 0.493, 0.199
0.375, 0.446, 0.224
2.177, 14.667, 4.813
0.377, 0.442, 0.209
1.429, 5.132, 1.399
1.509, 5.132, 1.505
0.867, 2.318, 0.793
1.321, 2.235, 0.935
1.382, 13.599, 2.636
0.421, 0.632, 0.316
0.386, 0.508, 0.229
0.736, 2.909, 0.792
0.988, 2.895, 1.076
0.813, 1.477, 0.709
0.452, 0.493, 0.199
0.375, 0.446, 0.224
2.113, 13.49, 4.183
0.355, 0.436, 0.206
1.337, 5.617, 1.768
1.559, 5.617, 1.978
0.506, 0.638, 0.315
1.358, 14.207, 2.363
0.324, 0.255, 0.102
1.124, 4.465, 1.189
0.807, 1.152, 0.49
1.143, 4.465, 1.383
1.334, 4.465, 1.533
1.614, 4.465, 1.784
2.773, 10.596, 4.022
1.339, 14.207, 2.355
2.336, 7.672, 3.642
1.439, 14.207, 2.522
0.788, 2.141, 0.709
0.511, 0.992, 0.475
1.466, 14.207, 2.578
0.63, 1.769, 0.829
0.711, 1.518, 0.564
0.846, 1.507, 0.656
0.789, 1.074, 0.542
0.256, 0.293, 0.207
1.544, 9.269, 2.702
1.189, 3.786, 1.383
0.791, 1.491, 0.796
0.21, 0.269, 0.19
1.621, 10.354, 2.982
1.183, 3.552, 1.328
0.783, 1.491, 0.8
0.21, 0.269, 0.19
1.603, 9.562, 2.79
1.266, 3.891, 1.425
0.846, 1.492, 0.768
0.21, 0.269, 0.19
1.545, 9.0, 2.673
1.246, 4.153, 1.517
0.777, 1.492, 0.805
0.21, 0.269, 0.19
1.666, 10.56, 3.032
1.231, 3.18, 1.324
0.774, 1.494, 0.807
0.21, 0.269, 0.19
1.53, 8.291, 2.496
1.322, 4.209, 1.539
0.84, 1.492, 0.77
0.21, 0.269, 0.19
1.529, 8.459, 2.534
1.298, 4.198, 1.524
0.838, 1.495, 0.772
0.21, 0.269, 0.19
1.198, 9.516, 1.981
1.124, 2.739, 1.171
0.517, 0.936, 0.417
0.783, 3.527, 1.007
0.882, 3.527, 1.259
0.208, 0.16, 0.072
0.673, 1.207, 0.853
1.144, 12.07, 2.458
0.862, 3.774, 1.135
0.377, 0.308, 0.141
0.71, 3.981, 1.132
0.859, 3.959, 1.423
0.208, 0.181, 0.085
0.448, 0.794, 0.561
1.525, 8.668, 2.596
1.259, 4.221, 1.544
0.772, 1.492, 0.808
0.21, 0.269, 0.19
1.659, 10.563, 3.036
1.219, 3.357, 1.334
0.771, 1.495, 0.809
0.21, 0.269, 0.19
1.653, 9.696, 2.819
1.332, 3.192, 1.421
0.836, 1.495, 0.773
0.209, 0.269, 0.19
1.635, 9.881, 2.866
1.276, 3.69, 1.4
0.836, 1.495, 0.773
0.209, 0.269, 0.19
2.602, 14.142, 4.499
0.717, 2.051, 0.765
0.797, 2.051, 0.965
3.108, 6.031, 4.264
1.311, 9.225, 2.344
0.972, 3.71, 1.131
0.677, 1.482, 0.656
0.267, 0.11, 0.045
0.297, 0.456, 0.323
1.04, 9.959, 1.801
0.95, 3.352, 1.109
0.314, 0.233, 0.128
0.835, 2.871, 0.812
0.474, 0.816, 0.307
0.374, 0.549, 0.236
0.815, 3.951, 1.322
1.261, 3.846, 1.865
0.209, 0.269, 0.19
0.98, 10.265, 1.832
0.907, 3.002, 1.025
0.335, 0.322, 0.158
0.733, 2.823, 0.743
0.489, 1.047, 0.401
0.456, 1.047, 0.472
0.73, 3.981, 1.345
1.222, 3.854, 1.887
0.209, 0.269, 0.19
1.274, 11.856, 2.249
0.878, 2.962, 1.038
0.374, 0.496, 0.225
1.255, 7.692, 1.955
0.626, 1.564, 0.461
0.659, 1.564, 0.556
0.336, 0.365, 0.185
1.177, 11.852, 2.412
1.831, 11.852, 3.454
3.143, 11.833, 5.046
0.799, 1.575, 0.718
0.593, 2.684, 0.759
0.649, 2.679, 0.828
0.373, 0.602, 0.234
1.521, 4.519, 1.945
0.678, 1.496, 0.697
0.209, 0.269, 0.19
2.012, 6.863, 2.753
0.495, 0.599, 0.303
0.868, 10.722, 1.863
0.366, 0.683, 0.344
0.357, 0.522, 0.226
0.308, 0.793, 0.236
0.368, 0.786, 0.308
0.342, 0.545, 0.269
0.223, 0.239, 0.098
0.184, 0.219, 0.11
0.327, 0.936, 0.344
0.173, 0.191, 0.088
2.084, 5.887, 2.1
2.648, 5.887, 2.451
1.064, 18.733, 2.384
0.464, 0.65, 0.326
0.26, 0.561, 0.169
0.296, 0.561, 0.228
0.412, 0.561, 0.291
1.756, 3.242, 1.451
1.017, 1.454, 0.555
0.879, 1.104, 0.509
0.668, 2.008, 0.68
0.256, 0.17, 0.085
1.159, 2.242, 0.893
0.487, 0.599, 0.301
0.819, 2.302, 0.792
0.838, 1.295, 0.566
0.401, 0.759, 0.295
0.191, 0.163, 0.089
1.135, 9.669, 1.604
0.683, 1.01, 0.523
2.138, 5.689, 2.669
1.8, 7.216, 2.342
1.237, 2.329, 1.165
2.238, 5.206, 2.015
0.83, 1.401, 0.598
0.82, 1.36, 0.685
0.714, 2.774, 0.669
0.564, 1.749, 0.441
0.576, 1.749, 0.495
0.882, 1.641, 0.729
0.441, 0.711, 0.332
0.668, 1.496, 0.549
0.497, 0.628, 0.285
0.669, 1.78, 0.621
0.727, 1.75, 0.691
0.541, 1.178, 0.43
0.356, 0.302, 0.157
1.045, 10.901, 2.218
0.54, 0.975, 0.488
0.42, 0.895, 0.361
0.298, 0.793, 0.231
0.365, 0.786, 0.307
0.338, 0.543, 0.267
0.221, 0.234, 0.095
0.183, 0.215, 0.108
0.336, 0.936, 0.34
0.188, 0.195, 0.094
1.976, 5.625, 2.057
2.577, 5.625, 2.332
1.463, 13.847, 2.096
0.336, 0.802, 0.386
1.016, 2.587, 1.207
0.151, 0.173, 0.078
1.124, 3.436, 1.643
1.028, 2.076, 0.922
0.781, 1.896, 0.583
0.671, 1.444, 0.514
0.557, 0.701, 0.323
2.251, 10.53, 2.681
1.969, 6.081, 2.117
2.582, 6.081, 2.662
1.729, 7.241, 2.097
1.818, 7.241, 2.371
2.874, 7.241, 3.121
1.751, 7.623, 2.458
1.599, 6.746, 2.391
1.03, 5.117, 1.889
0.368, 0.456, 0.254
2.067, 7.513, 3.201
0.601, 0.914, 0.397
0.885, 2.107, 0.654
0.485, 0.359, 0.152
1.951, 10.328, 3.177
0.662, 0.973, 0.447
0.406, 0.71, 0.265
0.632, 0.825, 0.339
1.608, 13.844, 2.237
1.745, 11.281, 3.15
2.144, 11.281, 3.776
0.778, 1.623, 0.69
1.606, 13.844, 2.184
2.299, 6.216, 2.236
3.032, 6.199, 2.659
0.744, 1.254, 0.887
1.473, 7.824, 2.513
0.828, 1.646, 0.78
1.255, 4.715, 1.512
1.688, 4.715, 2.195
1.382, 7.995, 1.713
1.346, 2.749, 1.234
1.485, 7.995, 1.915
2.073, 7.995, 2.508
1.704, 4.719, 2.149
1.002, 2.704, 0.901
1.227, 2.704, 1.161
1.669, 13.844, 2.331
1.689, 9.63, 2.093
1.727, 9.63, 2.123
1.751, 9.63, 2.157
0.911, 1.163, 0.392
1.871, 9.63, 2.249
1.162, 1.914, 0.918
1.214, 1.939, 0.808
1.901, 9.63, 2.352
1.592, 8.487, 2.538
2.209, 8.487, 2.957
1.932, 3.784, 1.941
2.045, 9.606, 2.369
3.822, 9.338, 3.422
1.624, 6.529, 1.771
1.775, 5.677, 2.128
1.347, 4.374, 1.44
1.517, 4.374, 1.569
1.789, 4.374, 1.9
2.094, 6.529, 2.255
2.07, 6.529, 2.744
2.522, 7.72, 3.381
3.226, 7.394, 3.275
0.802, 1.396, 0.987
1.164, 13.844, 2.86
0.611, 3.395, 0.725
0.632, 3.288, 0.79
0.528, 0.578, 0.195
0.769, 3.286, 1.121
0.954, 3.263, 1.263
0.496, 0.865, 0.612
2.167, 5.753, 2.806
2.962, 5.753, 3.235
2.886, 5.525, 3.907
1.622, 2.672, 1.166
0.825, 3.5, 1.101
0.52, 0.61, 0.292
0.642, 2.004, 0.677
0.733, 2.004, 0.772
1.555, 17.915, 2.656
0.307, 0.161, 0.087
1.568, 17.915, 2.703
2.52, 11.089, 3.487
1.435, 6.398, 2.279
2.643, 6.398, 3.397
1.504, 17.915, 2.649
1.5, 17.915, 2.66
1.122, 3.46, 1.373
1.713, 17.904, 3.455
1.73, 17.904, 3.516
2.577, 14.956, 5.549
5.642, 14.919, 8.225
1.634, 17.904, 3.224
4.439, 17.789, 7.642
0.807, 3.026, 0.921
1.215, 3.026, 1.329
1.356, 11.008, 2.331
3.615, 10.89, 4.548
0.738, 3.719, 0.986
0.482, 0.958, 0.317
0.452, 0.671, 0.298
1.128, 2.856, 1.295
0.307, 0.34, 0.139
1.414, 9.919, 2.199
2.033, 6.765, 2.776
1.267, 9.919, 2.024
2.109, 8.682, 2.837
3.565, 8.682, 4.627
1.147, 9.919, 1.931
1.443, 9.861, 2.703
1.924, 9.852, 3.958
1.506, 5.066, 2.161
1.067, 9.41, 1.685
1.084, 9.41, 1.72
2.273, 9.296, 3.228
4.194, 9.286, 4.778
0.777, 5.023, 1.083
1.022, 3.34, 1.129
0.662, 1.993, 0.964
0.658, 2.771, 0.727
0.724, 2.725, 0.856
0.254, 0.019, 0.013
0.371, 0.648, 0.272
0.172, 0.139, 0.057
2.596, 5.012, 3.544
1.882, 9.653, 3.028
1.837, 9.653, 3.314
0.719, 2.006, 0.783
1.467, 14.307, 2.875
0.421, 0.632, 0.316
0.413, 0.685, 0.277
0.736, 2.909, 0.792
0.988, 2.895, 1.076
0.813, 1.477, 0.709
0.452, 0.493, 0.199
0.375, 0.446, 0.224
1.936, 12.667, 4.163
0.333, 0.413, 0.201
1.752, 4.842, 1.591
1.915, 4.842, 1.763
1.237, 3.12, 1.437
1.164, 11.0, 2.173
0.277, 0.149, 0.062
0.815, 2.261, 0.713
0.594, 0.844, 0.362
1.004, 2.229, 0.81
0.785, 1.23, 0.523
1.395, 18.976, 3.356
0.421, 0.632, 0.316
0.484, 0.984, 0.386
0.736, 2.909, 0.792
0.988, 2.895, 1.076
0.813, 1.477, 0.709
0.452, 0.493, 0.199
0.375, 0.446, 0.224
2.051, 13.344, 4.368
0.402, 0.429, 0.216
1.21, 6.304, 1.714
1.319, 6.304, 1.873
0.505, 1.002, 0.346
0.604, 1.002, 0.451
