1,2
1,3
1,4
1,5
1,6
1,11
1,13
1,14
1,17
6,7
6,8
8,9
9,10
11,12
14,15
15,16
18,19
18,20
18,22
18,23
18,24
18,26
18,27
18,28
18,30
18,32
18,34
18,36
18,38
18,40
18,42
18,45
20,21
24,25
28,29
30,31
32,33
34,35
36,37
38,39
40,41
42,43
42,44
45,46
45,47
47,48
49,50
49,51
49,52
49,53
49,54
49,55
49,56
49,57
49,58
49,60
49,62
49,64
49,79
49,81
49,84
49,90
49,93
49,94
49,95
49,96
49,101
49,110
49,113
49,119
49,122
58,59
60,61
62,63
64,65
64,66
64,69
66,67
67,68
69,70
69,73
69,75
70,71
70,72
73,74
75,76
76,77
77,78
79,80
81,82
82,83
84,85
85,86
85,87
87,88
88,89
90,91
91,92
96,97
97,98
98,99
99,100
101,102
101,106
102,103
103,104
104,105
106,107
107,108
108,109
110,111
111,112
113,114
113,115
115,116
116,117
117,118
119,120
120,121
122,123
124,125
124,126
124,129
124,133
124,136
124,138
124,140
126,127
127,128
129,130
129,131
131,132
133,134
133,135
136,137
138,139
140,141
142,143
142,149
142,150
142,152
142,155
142,158
142,162
142,163
142,164
142,166
142,170
142,171
142,178
143,144
143,145
143,146
143,148
146,147
150,151
152,153
153,154
155,156
156,157
158,159
159,160
159,161
164,165
166,167
167,168
167,169
171,172
171,173
173,174
174,175
175,176
175,177
179,180
179,181
181,182
182,183
184,185
184,186
184,187
184,189
184,190
184,192
184,193
184,197
184,199
184,203
184,208
184,210
184,212
187,188
190,191
193,194
194,195
195,196
197,198
199,200
199,201
201,202
203,204
203,205
205,206
206,207
208,209
210,211
213,214
213,215
213,216
213,217
213,218
213,219
219,220
221,222
221,223
221,225
221,227
221,228
221,230
221,232
221,234
221,236
223,224
225,226
228,229
230,231
232,233
234,235
236,237
237,238
239,240
239,247
239,249
239,251
239,253
239,256
239,260
239,261
239,262
239,264
239,268
239,270
239,273
239,274
240,241
240,242
240,244
240,246
242,243
244,245
247,248
249,250
251,252
253,254
254,255
256,257
257,258
257,259
262,263
264,265
265,266
265,267
268,269
270,271
271,272
274,275
276,277
276,278
276,279
276,280
281,282
281,283
281,284
281,286
281,309
281,310
281,315
284,285
286,287
287,288
288,289
288,294
288,299
288,304
289,290
289,291
289,292
292,293
294,295
294,296
294,297
297,298
299,300
299,301
299,302
302,303
304,305
304,306
304,307
307,308
310,311
310,314
311,312
311,313
315,316
316,317
316,318
319,320
319,321
319,325
319,326
319,327
319,328
319,331
319,334
319,335
319,339
319,345
319,351
321,322
321,323
323,324
328,329
329,330
331,332
331,333
335,336
335,337
337,338
339,340
339,344
340,341
340,342
340,343
345,346
345,350
346,347
346,348
346,349
351,352
351,356
352,353
352,354
352,355
357,358
357,359
357,361
357,363
357,365
357,367
357,369
357,378
357,397
357,399
357,401
357,452
357,454
357,461
357,463
357,464
357,467
357,473
357,478
357,479
357,499
357,501
357,520
359,360
361,362
363,364
365,366
367,368
369,370
369,373
370,371
370,372
373,374
373,376
373,377
374,375
378,379
378,380
380,381
380,383
381,382
383,384
383,385
383,393
385,386
386,387
386,389
387,388
389,390
389,391
389,392
393,394
393,395
393,396
397,398
399,400
401,402
401,403
403,404
403,405
403,408
403,445
403,451
405,406
406,407
408,409
408,410
410,411
410,413
411,412
413,414
413,415
415,416
415,418
416,417
418,419
418,420
420,421
421,422
421,423
423,424
423,426
423,433
423,437
424,425
426,427
427,428
427,429
427,431
429,430
431,432
433,434
434,435
435,436
437,438
437,442
438,439
438,440
440,441
442,443
443,444
445,446
445,447
447,448
447,449
447,450
452,453
454,455
454,456
456,457
456,459
456,460
457,458
461,462
464,465
465,466
467,468
467,469
469,470
470,471
471,472
473,474
473,475
475,476
476,477
479,480
479,481
481,482
481,485
481,493
481,495
482,483
483,484
485,486
485,487
487,488
487,491
487,492
488,489
488,490
493,494
495,496
495,497
497,498
499,500
501,502
501,505
502,503
502,504
505,506
505,508
506,507
508,509
508,510
508,516
510,511
510,513
510,514
510,515
511,512
516,517
516,518
516,519
520,521
520,522
522,523
522,524
522,527
522,529
524,525
525,526
527,528
529,530
529,533
529,579
530,531
530,532
533,534
534,535
534,537
534,538
534,575
535,536
538,539
538,540
538,572
540,541
540,551
540,556
541,542
541,544
542,543
544,545
545,546
545,547
547,548
547,549
547,550
551,552
551,553
553,554
553,555
556,557
556,569
557,558
557,561
558,559
559,560
561,562
561,563
561,565
563,564
565,566
565,567
567,568
569,570
569,571
572,573
572,574
575,576
575,577
575,578
579,580
579,581
579,584
581,582
582,583
584,585
584,586
584,588
586,587
588,589
588,590
590,591
592,593
592,597
592,599
592,601
592,602
592,604
592,605
592,607
593,594
593,595
593,596
597,598
599,600
602,603
605,606
607,608
607,610
607,612
607,616
607,618
607,620
608,609
610,611
612,613
613,614
614,615
616,617
618,619
620,621
620,622
620,623
623,624
624,625
626,627
626,632
626,634
626,637
626,640
626,641
626,642
626,644
626,645
627,628
627,629
627,631
629,630
632,633
634,635
635,636
637,638
638,639
642,643
645,646
645,648
645,650
645,654
645,656
645,660
645,662
645,663
646,647
648,649
650,651
651,652
651,653
654,655
656,657
657,658
658,659
660,661
663,664
665,666
665,667
665,669
665,671
665,673
667,668
669,670
671,672
674,675
674,676
676,677
677,678
678,679
679,680
680,681
681,682
682,683
683,684
684,685
685,686
686,687
687,688
688,689
689,690
690,691
691,692
692,693
693,694
694,695
695,696
696,697
697,698
698,699
699,700
700,701
701,702
702,703
703,704
704,705
705,706
707,708
707,709
707,710
707,712
707,714
710,711
712,713
714,715
714,718
715,716
715,717
718,719
718,721
719,720
721,722
721,724
721,772
722,723
724,725
725,726
725,728
725,765
726,727
728,729
729,730
729,732
729,745
730,731
732,733
732,736
733,734
734,735
736,737
736,741
737,738
737,739
739,740
741,742
741,744
742,743
745,746
745,748
746,747
748,749
748,750
748,763
750,751
750,753
751,752
753,754
753,756
754,755
756,757
756,758
758,759
758,762
759,760
760,761
763,764
765,766
765,768
766,767
768,769
768,771
769,770
772,773
773,774
773,776
773,814
774,775
776,777
777,778
777,780
777,794
778,779
780,781
780,784
781,782
782,783
784,785
784,789
785,786
785,787
787,788
789,790
790,791
790,792
792,793
794,795
794,798
795,796
796,797
798,799
798,800
798,809
800,801
800,803
800,804
801,802
804,805
805,806
806,807
807,808
809,810
810,811
810,812
812,813
814,815
815,816
815,817
817,818
819,820
819,825
819,826
820,821
820,822
820,823
823,824
826,827
827,828
829,830
829,833
830,831
831,832
833,834
833,835
835,836
835,839
836,837
837,838
839,840
839,841
841,842
841,844
841,847
842,843
844,845
845,846
847,848
847,849
849,850
850,851
852,853
852,854
852,855
852,860
852,868
852,870
855,856
855,858
856,857
858,859
860,861
860,866
861,862
861,863
863,864
863,865
866,867
868,869
870,871
871,872
871,881
872,873
872,880
873,874
873,879
874,875
874,878
875,876
875,877
882,883
882,884
885,886
885,891
885,893
885,896
885,899
885,900
885,901
885,903
885,904
886,887
886,888
886,890
888,889
891,892
893,894
894,895
896,897
897,898
901,902
904,905
904,907
904,909
904,913
904,915
904,919
904,921
904,922
905,906
907,908
909,910
910,911
910,912
913,914
915,916
916,917
917,918
919,920
922,923
924,925
924,926
924,927
924,929
924,952
924,953
924,958
927,928
929,930
930,931
931,932
931,937
931,942
931,947
932,933
932,934
932,935
935,936
937,938
937,939
937,940
940,941
942,943
942,944
942,945
945,946
947,948
947,949
947,950
950,951
953,954
953,957
954,955
954,956
958,959
958,962
959,960
959,961
963,964
963,965
963,969
963,970
963,971
963,973
963,975
963,977
963,980
963,982
963,985
963,988
963,989
965,966
965,967
967,968
971,972
973,974
975,976
977,978
978,979
980,981
982,983
982,984
985,986
985,987
989,990
989,991
991,992
993,994
993,995
993,996
993,998
993,1021
993,1026
993,1031
996,997
998,999
999,1000
1000,1001
1000,1006
1000,1011
1000,1016
1001,1002
1001,1003
1001,1004
1004,1005
1006,1007
1006,1008
1006,1009
1009,1010
1011,1012
1011,1013
1011,1014
1014,1015
1016,1017
1016,1018
1016,1019
1019,1020
1021,1022
1021,1025
1022,1023
1022,1024
1026,1027
1026,1030
1027,1028
1027,1029
1031,1032
1031,1034
1032,1033
1035,1036
1035,1037
1035,1038
1038,1039
1040,1041
1040,1042
1040,1043
1040,1044
1040,1046
1040,1052
1044,1045
1046,1047
1046,1048
1048,1049
1049,1050
1050,1051
1052,1053
1052,1060
1053,1054
1053,1055
1055,1056
1056,1057
1057,1058
1058,1059
1060,1061
1062,1063
1062,1064
1062,1065
1062,1068
1062,1071
1062,1073
1062,1075
1062,1076
1062,1078
1062,1080
1062,1082
1062,1083
1062,1085
1062,1088
1062,1091
1062,1092
1065,1066
1066,1067
1068,1069
1069,1070
1071,1072
1073,1074
1076,1077
1078,1079
1080,1081
1083,1084
1085,1086
1086,1087
1088,1089
1089,1090
1092,1093
1093,1094
1095,1096
1095,1097
1095,1098
1095,1100
1095,1129
1095,1130
1098,1099
1100,1101
1101,1102
1102,1103
1102,1114
1102,1119
1102,1124
1103,1104
1103,1105
1103,1106
1103,1108
1106,1107
1108,1109
1109,1110
1109,1111
1109,1112
1112,1113
1114,1115
1114,1116
1114,1117
1117,1118
1119,1120
1119,1121
1119,1122
1122,1123
1124,1125
1124,1126
1124,1127
1127,1128
1130,1131
1130,1133
1131,1132
1134,1135
1134,1136
1134,1152
1134,1159
1134,1160
1134,1161
1136,1137
1137,1138
1137,1139
1137,1140
1137,1141
1137,1142
1137,1143
1137,1144
1137,1145
1137,1146
1137,1147
1137,1148
1137,1149
1137,1150
1137,1151
1152,1153
1153,1154
1154,1155
1154,1156
1154,1157
1154,1158
1162,1163
1162,1164
1162,1165
1162,1166
1162,1167
1162,1168
1162,1169
1162,1171
1162,1175
1162,1180
1169,1170
1171,1172
1171,1173
1173,1174
1175,1176
1176,1177
1176,1178
1178,1179
1180,1181
1181,1182
1181,1183
1184,1185
1184,1186
1184,1187
1184,1188
1184,1189
1184,1190
1184,1195
1184,1198
1184,1202
1184,1204
1184,1205
1184,1206
1184,1254
1190,1191
1190,1192
1192,1193
1192,1194
1195,1196
1196,1197
1198,1199
1199,1200
1200,1201
1202,1203
1206,1207
1206,1208
1206,1239
1208,1209
1208,1212
1208,1220
1208,1223
1208,1231
1209,1210
1210,1211
1212,1213
1212,1214
1214,1215
1214,1218
1214,1219
1215,1216
1216,1217
1220,1221
1221,1222
1223,1224
1223,1225
1225,1226
1225,1229
1225,1230
1226,1227
1227,1228
1231,1232
1231,1233
1233,1234
1233,1235
1233,1238
1235,1236
1236,1237
1239,1240
1239,1242
1240,1241
1242,1243
1242,1244
1244,1245
1244,1246
1244,1249
1244,1253
1246,1247
1247,1248
1249,1250
1249,1251
1251,1252
1254,1255
1254,1256
1254,1396
1256,1257
1256,1259
1256,1261
1257,1258
1259,1260
1261,1262
1261,1267
1261,1390
1262,1263
1262,1266
1263,1264
1263,1265
1267,1268
1267,1271
1267,1274
1267,1276
1267,1277
1267,1278
1267,1337
1267,1350
1268,1269
1269,1270
1271,1272
1272,1273
1274,1275
1278,1279
1278,1280
1280,1281
1280,1282
1280,1284
1280,1285
1280,1303
1280,1312
1280,1316
1280,1336
1282,1283
1285,1286
1285,1287
1285,1301
1287,1288
1288,1289
1288,1294
1288,1297
1289,1290
1290,1291
1291,1292
1291,1293
1294,1295
1294,1296
1297,1298
1297,1299
1299,1300
1301,1302
1303,1304
1303,1305
1303,1309
1305,1306
1306,1307
1307,1308
1309,1310
1310,1311
1312,1313
1313,1314
1314,1315
1316,1317
1316,1320
1316,1334
1317,1318
1318,1319
1320,1321
1320,1333
1321,1322
1322,1323
1322,1325
1322,1327
1322,1330
1323,1324
1325,1326
1327,1328
1328,1329
1330,1331
1331,1332
1334,1335
1337,1338
1337,1339
1339,1340
1339,1347
1339,1348
1339,1349
1340,1341
1340,1342
1342,1343
1343,1344
1344,1345
1345,1346
1350,1351
1350,1388
1351,1352
1351,1356
1352,1353
1353,1354
1354,1355
1356,1357
1356,1358
1356,1363
1358,1359
1358,1361
1359,1360
1361,1362
1363,1364
1363,1366
1364,1365
1366,1367
1366,1370
1366,1381
1367,1368
1367,1369
1370,1371
1370,1375
1370,1376
1370,1377
1370,1379
1371,1372
1372,1373
1373,1374
1377,1378
1379,1380
1381,1382
1381,1385
1382,1383
1382,1384
1385,1386
1386,1387
1388,1389
1390,1391
1390,1393
1391,1392
1393,1394
1394,1395
1396,1397
1396,1398
1398,1399
1398,1400
1400,1401
1400,1404
1400,1406
1400,1408
1400,1443
1401,1402
1402,1403
1404,1405
1406,1407
1408,1409
1408,1414
1408,1439
1409,1410
1409,1413
1410,1411
1410,1412
1414,1415
1414,1416
1414,1423
1414,1433
1414,1438
1416,1417
1416,1418
1418,1419
1418,1421
1418,1422
1419,1420
1423,1424
1423,1425
1425,1426
1425,1431
1425,1432
1426,1427
1426,1428
1428,1429
1429,1430
1433,1434
1433,1435
1435,1436
1436,1437
1439,1440
1439,1442
1440,1441
1444,1445
1444,1446
1444,1449
1444,1452
1446,1447
1447,1448
1449,1450
1450,1451
1453,1454
1453,1455
1453,1457
1453,1458
1453,1461
1453,1464
1453,1466
1453,1468
1453,1471
1453,1472
1453,1473
1455,1456
1458,1459
1459,1460
1461,1462
1462,1463
1464,1465
1466,1467
1468,1469
1469,1470
1473,1474
1474,1475
1476,1477
1476,1479
1476,1481
1476,1483
1476,1486
1476,1511
1477,1478
1479,1480
1481,1482
1483,1484
1484,1485
1486,1487
1486,1488
1488,1489
1488,1492
1489,1490
1490,1491
1492,1493
1492,1494
1494,1495
1494,1499
1495,1496
1496,1497
1497,1498
1499,1500
1499,1502
1500,1501
1502,1503
1503,1504
1503,1506
1504,1505
1506,1507
1506,1508
1506,1510
1508,1509
1512,1513
1512,1514
1512,1515
1512,1517
1512,1540
1512,1541
1512,1546
1515,1516
1517,1518
1518,1519
1519,1520
1519,1525
1519,1530
1519,1535
1520,1521
1520,1522
1520,1523
1523,1524
1525,1526
1525,1527
1525,1528
1528,1529
1530,1531
1530,1532
1530,1533
1533,1534
1535,1536
1535,1537
1535,1538
1538,1539
1541,1542
1541,1545
1542,1543
1542,1544
1546,1547
1546,1550
1547,1548
1547,1549
1551,1552
1551,1553
1551,1556
1551,1563
1551,1566
1551,1567
1551,1572
1551,1576
1551,1577
1551,1578
1551,1581
1551,1583
1551,1584
1551,1605
1551,1606
1551,1607
1551,1609
1551,1610
1551,1613
1553,1554
1554,1555
1556,1557
1556,1558
1558,1559
1559,1560
1560,1561
1561,1562
1563,1564
1564,1565
1567,1568
1567,1569
1569,1570
1570,1571
1572,1573
1573,1574
1573,1575
1578,1579
1579,1580
1581,1582
1584,1585
1584,1586
1584,1592
1586,1587
1586,1590
1587,1588
1587,1589
1590,1591
1592,1593
1592,1596
1593,1594
1594,1595
1596,1597
1596,1601
1597,1598
1598,1599
1599,1600
1601,1602
1601,1603
1603,1604
1607,1608
1610,1611
1611,1612
1613,1614
1614,1615
1616,1617
1616,1618
1616,1635
1618,1619
1618,1620
1620,1621
1620,1624
1621,1622
1622,1623
1624,1625
1624,1626
1626,1627
1626,1629
1627,1628
1629,1630
1629,1633
1630,1631
1630,1632
1633,1634
1636,1637
1636,1638
1636,1639
1636,1641
1636,1664
1636,1669
1639,1640
1641,1642
1642,1643
1643,1644
1643,1649
1643,1654
1643,1659
1644,1645
1644,1646
1644,1647
1647,1648
1649,1650
1649,1651
1649,1652
1652,1653
1654,1655
1654,1656
1654,1657
1657,1658
1659,1660
1659,1661
1659,1662
1662,1663
1664,1665
1664,1668
1665,1666
1665,1667
1669,1670
1669,1672
1670,1671
1673,1674
1673,1675
1673,1676
1673,1677
1677,1678
1679,1680
1679,1681
1679,1683
1679,1689
1681,1682
1683,1684
1683,1687
1684,1685
1684,1686
1687,1688
1690,1691
1690,1692
1690,1693
1690,1694
1694,1695
1695,1696
1696,1697
1696,1701
1696,1702
1696,1706
1696,1707
1696,1708
1696,1709
1697,1698
1698,1699
1698,1700
1702,1703
1703,1704
1703,1705
1709,1710
1709,1711
1711,1712
1713,1714
1713,1715
1713,1717
1713,1719
1713,1721
1713,1723
1715,1716
1717,1718
1719,1720
1721,1722
1724,1725
1724,1726
1724,1727
1724,1728
1724,1729
1724,1730
1724,1735
1724,1738
1724,1742
1724,1744
1724,1745
1724,1746
1724,1794
1730,1731
1730,1732
1732,1733
1732,1734
1735,1736
1736,1737
1738,1739
1739,1740
1740,1741
1742,1743
1746,1747
1746,1748
1746,1779
1748,1749
1748,1752
1748,1760
1748,1763
1748,1771
1749,1750
1750,1751
1752,1753
1752,1754
1754,1755
1754,1758
1754,1759
1755,1756
1756,1757
1760,1761
1761,1762
1763,1764
1763,1765
1765,1766
1765,1769
1765,1770
1766,1767
1767,1768
1771,1772
1771,1773
1773,1774
1773,1775
1773,1778
1775,1776
1776,1777
1779,1780
1779,1782
1780,1781
1782,1783
1782,1784
1784,1785
1784,1786
1784,1789
1784,1793
1786,1787
1787,1788
1789,1790
1789,1791
1791,1792
1794,1795
1794,1796
1794,1936
1796,1797
1796,1799
1796,1801
1797,1798
1799,1800
1801,1802
1801,1807
1801,1930
1802,1803
1802,1806
1803,1804
1803,1805
1807,1808
1807,1811
1807,1814
1807,1816
1807,1817
1807,1818
1807,1877
1807,1890
1808,1809
1809,1810
1811,1812
1812,1813
1814,1815
1818,1819
1818,1820
1820,1821
1820,1822
1820,1824
1820,1825
1820,1843
1820,1852
1820,1856
1820,1876
1822,1823
1825,1826
1825,1827
1825,1841
1827,1828
1828,1829
1828,1834
1828,1837
1829,1830
1830,1831
1831,1832
1831,1833
1834,1835
1834,1836
1837,1838
1837,1839
1839,1840
1841,1842
1843,1844
1843,1845
1843,1849
1845,1846
1846,1847
1847,1848
1849,1850
1850,1851
1852,1853
1853,1854
1854,1855
1856,1857
1856,1860
1856,1874
1857,1858
1858,1859
1860,1861
1860,1873
1861,1862
1862,1863
1862,1865
1862,1867
1862,1870
1863,1864
1865,1866
1867,1868
1868,1869
1870,1871
1871,1872
1874,1875
1877,1878
1877,1879
1879,1880
1879,1887
1879,1888
1879,1889
1880,1881
1880,1882
1882,1883
1883,1884
1884,1885
1885,1886
1890,1891
1890,1928
1891,1892
1891,1896
1892,1893
1893,1894
1894,1895
1896,1897
1896,1898
1896,1903
1898,1899
1898,1901
1899,1900
1901,1902
1903,1904
1903,1906
1904,1905
1906,1907
1906,1910
1906,1921
1907,1908
1907,1909
1910,1911
1910,1915
1910,1916
1910,1917
1910,1919
1911,1912
1912,1913
1913,1914
1917,1918
1919,1920
1921,1922
1921,1925
1922,1923
1922,1924
1925,1926
1926,1927
1928,1929
1930,1931
1930,1933
1931,1932
1933,1934
1934,1935
1936,1937
1936,1938
1938,1939
1938,1940
1940,1941
1940,1944
1940,1946
1940,1948
1940,1983
1941,1942
1942,1943
1944,1945
1946,1947
1948,1949
1948,1954
1948,1979
1949,1950
1949,1953
1950,1951
1950,1952
1954,1955
1954,1956
1954,1963
1954,1973
1954,1978
1956,1957
1956,1958
1958,1959
1958,1961
1958,1962
1959,1960
1963,1964
1963,1965
1965,1966
1965,1971
1965,1972
1966,1967
1966,1968
1968,1969
1969,1970
1973,1974
1973,1975
1975,1976
1976,1977
1979,1980
1979,1982
1980,1981
1984,1985
1984,1986
1984,1987
1984,1990
1984,2003
1984,2004
1984,2009
1984,2014
1987,1988
1987,1989
1990,1991
1991,1992
1992,1993
1992,1998
1993,1994
1993,1995
1993,1996
1996,1997
1998,1999
1998,2000
1998,2001
2001,2002
2004,2005
2004,2008
2005,2006
2005,2007
2009,2010
2009,2013
2010,2011
2010,2012
2014,2015
2014,2017
2015,2016
2018,2019
2018,2020
2018,2021
2018,2024
2018,2026
2018,2028
2021,2022
2022,2023
2024,2025
2026,2027
2028,2029
2028,2031
2029,2030
2032,2033
2032,2034
2032,2035
2032,2036
2032,2037
2032,2038
2038,2039
2040,2041
2040,2042
2040,2043
2040,2045
2040,2068
2043,2044
2045,2046
2046,2047
2047,2048
2047,2053
2047,2058
2047,2063
2048,2049
2048,2050
2048,2051
2051,2052
2053,2054
2053,2055
2053,2056
2056,2057
2058,2059
2058,2060
2058,2061
2061,2062
2063,2064
2063,2065
2063,2066
2066,2067
2068,2069
2068,2072
2069,2070
2069,2071
2073,2074
2073,2075
2073,2076
2076,2077
2076,2078
2076,2081
2078,2079
2078,2080
2081,2082
2081,2087
2082,2083
2082,2084
2082,2086
2084,2085
2087,2088
2087,2089
2087,2091
2087,2092
2089,2090
2093,2094
2093,2095
2093,2096
2093,2098
2093,2121
2093,2122
2093,2127
2096,2097
2098,2099
2099,2100
2100,2101
2100,2106
2100,2111
2100,2116
2101,2102
2101,2103
2101,2104
2104,2105
2106,2107
2106,2108
2106,2109
2109,2110
2111,2112
2111,2113
2111,2114
2114,2115
2116,2117
2116,2118
2116,2119
2119,2120
2122,2123
2122,2126
2123,2124
2123,2125
2127,2128
2128,2129
2128,2130
2131,2132
2132,2133
2132,2135
2132,2171
2132,2172
2133,2134
2135,2136
2135,2170
2136,2137
2137,2138
2138,2139
2138,2142
2138,2146
2138,2151
2138,2156
2138,2161
2138,2166
2139,2140
2139,2141
2142,2143
2142,2144
2142,2145
2146,2147
2146,2148
2146,2149
2146,2150
2151,2152
2151,2153
2151,2154
2151,2155
2156,2157
2156,2158
2156,2159
2156,2160
2161,2162
2161,2163
2161,2164
2161,2165
2166,2167
2166,2168
2166,2169
2172,2173
2172,2174
2174,2175
2176,2177
2176,2178
2176,2179
2176,2180
2176,2181
2176,2182
2176,2183
2176,2184
2176,2186
2176,2188
2176,2190
2176,2192
2176,2194
2184,2185
2186,2187
2188,2189
2190,2191
2192,2193
2194,2195
2194,2205
2194,2215
2194,2225
2194,2235
2194,2245
2194,2255
2194,2265
2194,2275
2195,2196
2196,2197
2197,2198
2197,2199
2197,2200
2197,2201
2197,2202
2197,2203
2197,2204
2205,2206
2206,2207
2207,2208
2207,2209
2207,2210
2207,2211
2207,2212
2207,2213
2207,2214
2215,2216
2216,2217
2217,2218
2217,2219
2217,2220
2217,2221
2217,2222
2217,2223
2217,2224
2225,2226
2226,2227
2227,2228
2227,2229
2227,2230
2227,2231
2227,2232
2227,2233
2227,2234
2235,2236
2236,2237
2237,2238
2237,2239
2237,2240
2237,2241
2237,2242
2237,2243
2237,2244
2245,2246
2246,2247
2247,2248
2247,2249
2247,2250
2247,2251
2247,2252
2247,2253
2247,2254
2255,2256
2256,2257
2257,2258
2257,2259
2257,2260
2257,2261
2257,2262
2257,2263
2257,2264
2265,2266
2266,2267
2267,2268
2267,2269
2267,2270
2267,2271
2267,2272
2267,2273
2267,2274
2275,2276
2277,2278
2277,2279
2277,2280
2277,2282
2277,2300
2280,2281
2282,2283
2283,2284
2284,2285
2284,2290
2284,2295
2285,2286
2285,2287
2285,2288
2288,2289
2290,2291
2290,2292
2290,2293
2293,2294
2295,2296
2295,2297
2295,2298
2298,2299
2300,2301
2300,2304
2301,2302
2301,2303
2305,2306
2305,2307
2305,2309
2305,2311
2305,2315
2305,2317
2305,2321
2305,2325
2305,2329
2307,2308
2309,2310
2311,2312
2311,2313
2313,2314
2315,2316
2317,2318
2317,2319
2319,2320
2321,2322
2322,2323
2323,2324
2325,2326
2325,2327
2327,2328
2330,2331
2330,2332
2330,2334
2330,2361
2330,2363
2330,2365
2330,2381
2330,2383
2330,2385
2330,2403
2330,2405
2330,2436
2330,2438
2332,2333
2334,2335
2334,2338
2335,2336
2335,2337
2338,2339
2338,2344
2338,2349
2338,2354
2338,2359
2339,2340
2339,2342
2340,2341
2342,2343
2344,2345
2345,2346
2345,2348
2346,2347
2349,2350
2349,2352
2350,2351
2352,2353
2354,2355
2354,2357
2355,2356
2357,2358
2359,2360
2361,2362
2363,2364
2365,2366
2365,2368
2366,2367
2368,2369
2368,2372
2368,2375
2368,2379
2369,2370
2370,2371
2372,2373
2373,2374
2375,2376
2376,2377
2377,2378
2379,2380
2381,2382
2383,2384
2385,2386
2385,2388
2386,2387
2388,2389
2388,2391
2389,2390
2391,2392
2391,2393
2391,2397
2393,2394
2394,2395
2395,2396
2397,2398
2397,2399
2399,2400
2400,2401
2401,2402
2403,2404
2405,2406
2405,2408
2406,2407
2408,2409
2408,2411
2408,2413
2408,2417
2408,2421
2408,2427
2408,2433
2408,2435
2409,2410
2411,2412
2413,2414
2414,2415
2415,2416
2417,2418
2418,2419
2419,2420
2421,2422
2421,2425
2422,2423
2423,2424
2425,2426
2427,2428
2427,2431
2428,2429
2429,2430
2431,2432
2433,2434
2436,2437
2438,2439
2438,2442
2439,2440
2439,2441
2442,2443
2442,2449
2442,2451
2442,2453
2442,2456
2442,2458
2442,2459
2442,2461
2443,2444
2444,2445
2444,2448
2445,2446
2446,2447
2449,2450
2451,2452
2453,2454
2454,2455
2456,2457
2459,2460
2461,2462
2461,2468
2462,2463
2463,2464
2463,2467
2464,2465
2465,2466
2469,2470
2469,2471
2469,2472
2469,2473
2469,2474
2469,2475
2469,2476
2469,2477
2469,2480
2477,2478
2478,2479
2480,2481
2482,2483
2482,2484
2482,2486
2482,2504
2484,2485
2486,2487
2486,2490
2487,2488
2487,2489
2490,2491
2490,2495
2490,2499
2490,2501
2491,2492
2491,2493
2491,2494
2495,2496
2496,2497
2496,2498
2499,2500
2501,2502
2501,2503
2505,2506
2505,2507
2505,2508
2505,2510
2505,2528
2505,2529
2505,2534
2508,2509
2510,2511
2511,2512
2512,2513
2512,2518
2512,2523
2513,2514
2513,2515
2513,2516
2516,2517
2518,2519
2518,2520
2518,2521
2521,2522
2523,2524
2523,2525
2523,2526
2526,2527
2529,2530
2529,2533
2530,2531
2530,2532
2534,2535
2534,2538
2535,2536
2535,2537
2539,2540
2539,2541
2539,2542
2539,2544
2539,2567
2539,2572
2539,2577
2542,2543
2544,2545
2545,2546
2546,2547
2546,2552
2546,2557
2546,2562
2547,2548
2547,2549
2547,2550
2550,2551
2552,2553
2552,2554
2552,2555
2555,2556
2557,2558
2557,2559
2557,2560
2560,2561
2562,2563
2562,2564
2562,2565
2565,2566
2567,2568
2567,2571
2568,2569
2568,2570
2572,2573
2572,2576
2573,2574
2573,2575
2577,2578
2577,2580
2578,2579
2581,2582
2581,2583
2581,2585
2581,2587
2581,2589
2581,2592
2581,2596
2581,2599
2581,2601
2581,2604
2581,2607
2583,2584
2585,2586
2587,2588
2589,2590
2590,2591
2592,2593
2593,2594
2594,2595
2596,2597
2596,2598
2599,2600
2601,2602
2601,2603
2604,2605
2604,2606
2607,2608
2607,2609
2610,2611
2610,2612
2610,2613
2610,2615
2610,2633
2610,2634
2610,2639
2613,2614
2615,2616
2616,2617
2617,2618
2617,2623
2617,2628
2618,2619
2618,2620
2618,2621
2621,2622
2623,2624
2623,2625
2623,2626
2626,2627
2628,2629
2628,2630
2628,2631
2631,2632
2634,2635
2634,2638
2635,2636
2635,2637
2639,2640
2639,2643
2640,2641
2640,2642
2644,2645
2644,2646
2644,2648
2644,2651
2644,2654
2644,2655
2646,2647
2648,2649
2648,2650
2651,2652
2651,2653
2655,2656
2657,2658
2657,2659
2657,2660
2660,2661
2661,2662
2662,2663
2662,2664
2662,2667
2662,2670
2662,2679
2664,2665
2664,2666
2667,2668
2667,2669
2670,2671
2670,2672
2670,2676
2672,2673
2673,2674
2674,2675
2676,2677
2677,2678
2679,2680
2681,2682
2681,2683
2681,2684
2681,2690
2681,2693
2681,2695
2681,2702
2681,2704
2684,2685
2684,2688
2685,2686
2685,2687
2688,2689
2690,2691
2691,2692
2693,2694
2695,2696
2695,2699
2696,2697
2696,2698
2699,2700
2700,2701
2702,2703
2704,2705
2704,2708
2705,2706
2705,2707
2708,2709
2710,2711
2710,2712
2710,2714
2710,2716
2710,2718
2710,2720
2710,2722
2710,2731
2710,2750
2710,2752
2710,2754
2710,2805
2710,2807
2710,2814
2710,2816
2710,2817
2710,2820
2710,2826
2710,2831
2710,2832
2710,2852
2710,2854
2710,2873
2712,2713
2714,2715
2716,2717
2718,2719
2720,2721
2722,2723
2722,2726
2723,2724
2723,2725
2726,2727
2726,2729
2726,2730
2727,2728
2731,2732
2731,2733
2733,2734
2733,2736
2734,2735
2736,2737
2736,2738
2736,2746
2738,2739
2739,2740
2739,2742
2740,2741
2742,2743
2742,2744
2742,2745
2746,2747
2746,2748
2746,2749
2750,2751
2752,2753
2754,2755
2754,2756
2756,2757
2756,2758
2756,2761
2756,2798
2756,2804
2758,2759
2759,2760
2761,2762
2761,2763
2763,2764
2763,2766
2764,2765
2766,2767
2766,2768
2768,2769
2768,2771
2769,2770
2771,2772
2771,2773
2773,2774
2774,2775
2774,2776
2776,2777
2776,2779
2776,2786
2776,2790
2777,2778
2779,2780
2780,2781
2780,2782
2780,2784
2782,2783
2784,2785
2786,2787
2787,2788
2788,2789
2790,2791
2790,2795
2791,2792
2791,2793
2793,2794
2795,2796
2796,2797
2798,2799
2798,2800
2800,2801
2800,2802
2800,2803
2805,2806
2807,2808
2807,2809
2809,2810
2809,2812
2809,2813
2810,2811
2814,2815
2817,2818
2818,2819
2820,2821
2820,2822
2822,2823
2823,2824
2824,2825
2826,2827
2826,2828
2828,2829
2829,2830
2832,2833
2832,2834
2834,2835
2834,2838
2834,2846
2834,2848
2835,2836
2836,2837
2838,2839
2838,2840
2840,2841
2840,2844
2840,2845
2841,2842
2841,2843
2846,2847
2848,2849
2848,2850
2850,2851
2852,2853
2854,2855
2854,2858
2855,2856
2855,2857
2858,2859
2858,2861
2859,2860
2861,2862
2861,2863
2861,2869
2863,2864
2863,2866
2863,2867
2863,2868
2864,2865
2869,2870
2869,2871
2869,2872
2873,2874
2873,2875
2875,2876
2875,2877
2875,2880
2875,2882
2877,2878
2878,2879
2880,2881
2882,2883
2882,2886
2882,2932
2883,2884
2883,2885
2886,2887
2887,2888
2887,2890
2887,2891
2887,2928
2888,2889
2891,2892
2891,2893
2891,2925
2893,2894
2893,2904
2893,2909
2894,2895
2894,2897
2895,2896
2897,2898
2898,2899
2898,2900
2900,2901
2900,2902
2900,2903
2904,2905
2904,2906
2906,2907
2906,2908
2909,2910
2909,2922
2910,2911
2910,2914
2911,2912
2912,2913
2914,2915
2914,2916
2914,2918
2916,2917
2918,2919
2918,2920
2920,2921
2922,2923
2922,2924
2925,2926
2925,2927
2928,2929
2928,2930
2928,2931
2932,2933
2932,2934
2932,2937
2934,2935
2935,2936
2937,2938
2937,2939
2937,2941
2939,2940
2941,2942
2941,2943
2943,2944
2945,2946
2945,2947
2945,2948
2945,2951
2945,2953
2945,2955
2948,2949
2949,2950
2951,2952
2953,2954
2955,2956
2955,2958
2956,2957
2959,2960
2959,2961
2959,2963
2959,2965
2959,2967
2959,2969
2959,2971
2959,2973
2959,2974
2959,2976
2959,2981
2961,2962
2963,2964
2965,2966
2967,2968
2969,2970
2971,2972
2974,2975
2976,2977
2976,2980
2977,2978
2977,2979
2981,2982
2981,2985
2982,2983
2982,2984
2986,2987
2987,2988
2987,2990
2987,3026
2987,3027
2988,2989
2990,2991
2990,3025
2991,2992
2992,2993
2993,2994
2993,2997
2993,3001
2993,3005
2993,3010
2993,3015
2993,3020
2994,2995
2994,2996
2997,2998
2997,2999
2997,3000
3001,3002
3001,3003
3001,3004
3005,3006
3005,3007
3005,3008
3005,3009
3010,3011
3010,3012
3010,3013
3010,3014
3015,3016
3015,3017
3015,3018
3015,3019
3020,3021
3020,3022
3020,3023
3020,3024
3027,3028
3027,3029
3029,3030
3031,3032
3031,3033
3031,3037
3031,3038
3031,3039
3031,3041
3031,3043
3031,3045
3031,3048
3031,3050
3031,3053
3031,3056
3031,3057
3033,3034
3033,3035
3035,3036
3039,3040
3041,3042
3043,3044
3045,3046
3046,3047
3048,3049
3050,3051
3050,3052
3053,3054
3053,3055
3057,3058
3057,3059
3059,3060
3061,3062
3061,3063
3063,3064
3065,3066
3065,3073
3065,3075
3065,3077
3065,3079
3065,3082
3065,3086
3065,3087
3065,3088
3065,3090
3065,3094
3065,3096
3065,3099
3065,3100
3066,3067
3066,3068
3066,3070
3066,3072
3068,3069
3070,3071
3073,3074
3075,3076
3077,3078
3079,3080
3080,3081
3082,3083
3083,3084
3083,3085
3088,3089
3090,3091
3091,3092
3091,3093
3094,3095
3096,3097
3097,3098
3100,3101
3102,3103
3102,3105
3102,3107
3103,3104
3105,3106
3107,3108
3108,3109
3110,3111
3110,3112
3110,3113
3110,3114
3110,3115
3110,3116
3110,3117
3117,3118
3117,3121
3117,3131
3117,3133
3117,3135
3117,3137
3117,3139
3117,3195
3118,3119
3119,3120
3121,3122
3121,3124
3122,3123
3124,3125
3124,3126
3124,3130
3126,3127
3126,3128
3128,3129
3131,3132
3133,3134
3135,3136
3137,3138
3139,3140
3139,3141
3141,3142
3142,3143
3142,3150
3142,3191
3143,3144
3144,3145
3145,3146
3145,3149
3146,3147
3146,3148
3150,3151
3150,3152
3150,3159
3150,3169
3150,3177
3150,3185
3150,3190
3152,3153
3152,3154
3154,3155
3154,3157
3154,3158
3155,3156
3159,3160
3159,3161
3161,3162
3161,3167
3161,3168
3162,3163
3162,3164
3164,3165
3165,3166
3169,3170
3170,3171
3170,3176
3171,3172
3171,3173
3173,3174
3174,3175
3177,3178
3178,3179
3178,3184
3179,3180
3179,3181
3181,3182
3182,3183
3185,3186
3185,3187
3187,3188
3188,3189
3191,3192
3191,3194
3192,3193
3196,3197
3196,3198
3196,3199
3196,3201
3196,3224
3196,3225
3196,3230
3199,3200
3201,3202
3202,3203
3203,3204
3203,3209
3203,3214
3203,3219
3204,3205
3204,3206
3204,3207
3207,3208
3209,3210
3209,3211
3209,3212
3212,3213
3214,3215
3214,3216
3214,3217
3217,3218
3219,3220
3219,3221
3219,3222
3222,3223
3225,3226
3225,3229
3226,3227
3226,3228
3230,3231
3231,3232
3231,3233
3234,3235
3234,3236
3234,3237
3234,3245
3234,3247
3234,3248
3234,3254
3234,3255
3234,3257
3237,3238
3237,3240
3238,3239
3240,3241
3240,3242
3240,3244
3242,3243
3245,3246
3248,3249
3248,3252
3249,3250
3250,3251
3252,3253
3255,3256
3258,3259
3258,3260
3258,3261
3258,3262
3258,3263
3258,3264
3264,3265
3266,3267
3266,3268
3266,3269
3266,3271
3266,3294
3266,3299
3269,3270
3271,3272
3272,3273
3273,3274
3273,3279
3273,3284
3273,3289
3274,3275
3274,3276
3274,3277
3277,3278
3279,3280
3279,3281
3279,3282
3282,3283
3284,3285
3284,3286
3284,3287
3287,3288
3289,3290
3289,3291
3289,3292
3292,3293
3294,3295
3294,3298
3295,3296
3295,3297
3299,3300
3299,3303
3300,3301
3300,3302
3304,3305
3304,3306
3304,3307
3304,3309
3304,3332
3304,3333
3304,3338
3304,3343
3307,3308
3309,3310
3310,3311
3311,3312
3311,3317
3311,3322
3311,3327
3312,3313
3312,3314
3312,3315
3315,3316
3317,3318
3317,3319
3317,3320
3320,3321
3322,3323
3322,3324
3322,3325
3325,3326
3327,3328
3327,3329
3327,3330
3330,3331
3333,3334
3333,3337
3334,3335
3334,3336
3338,3339
3338,3342
3339,3340
3339,3341
3343,3344
3343,3346
3344,3345
3347,3348
3347,3349
3347,3351
3347,3361
3349,3350
3351,3352
3351,3357
3352,3353
3352,3354
3352,3355
3355,3356
3357,3358
3358,3359
3359,3360
3362,3363
3362,3364
3362,3365
3362,3373
3365,3366
3365,3368
3366,3367
3368,3369
3368,3370
3368,3372
3370,3371
3373,3374
3374,3375
3376,3377
3376,3378
3376,3385
3376,3397
3376,3401
3378,3379
3378,3380
3380,3381
3381,3382
3382,3383
3382,3384
3385,3386
3385,3387
3387,3388
3387,3390
3388,3389
3390,3391
3390,3392
3392,3393
3393,3394
3394,3395
3395,3396
3397,3398
3397,3399
3399,3400
3401,3402
3401,3403
3403,3404
3404,3405
3406,3407
3406,3408
3406,3411
3406,3417
3408,3409
3409,3410
3411,3412
3412,3413
3412,3415
3413,3414
3415,3416
3417,3418
3419,3420
3419,3424
3419,3426
3419,3427
3419,3429
3419,3430
3419,3432
3419,3434
3419,3436
3419,3438
3419,3440
3419,3444
3419,3446
3420,3421
3420,3422
3420,3423
3424,3425
3427,3428
3430,3431
3432,3433
3434,3435
3436,3437
3438,3439
3440,3441
3441,3442
3442,3443
3444,3445
3446,3447
3448,3449
3448,3450
3448,3451
3448,3453
3448,3476
3448,3481
3451,3452
3453,3454
3454,3455
3455,3456
3455,3461
3455,3466
3455,3471
3456,3457
3456,3458
3456,3459
3459,3460
3461,3462
3461,3463
3461,3464
3464,3465
3466,3467
3466,3468
3466,3469
3469,3470
3471,3472
3471,3473
3471,3474
3474,3475
3476,3477
3476,3480
3477,3478
3477,3479
3481,3482
3481,3484
3482,3483
3485,3486
3485,3487
3485,3492
3485,3497
3485,3498
3485,3581
3485,3586
3487,3488
3487,3489
3489,3490
3490,3491
3492,3493
3493,3494
3493,3495
3495,3496
3498,3499
3498,3500
3498,3502
3500,3501
3502,3503
3502,3504
3502,3506
3504,3505
3506,3507
3506,3508
3506,3510
3508,3509
3510,3511
3510,3512
3510,3514
3512,3513
3514,3515
3514,3516
3514,3525
3516,3517
3517,3518
3517,3521
3517,3523
3518,3519
3518,3520
3521,3522
3523,3524
3525,3526
3525,3527
3525,3572
3527,3528
3527,3531
3528,3529
3529,3530
3531,3532
3531,3533
3531,3535
3533,3534
3535,3536
3535,3537
3535,3539
3537,3538
3539,3540
3539,3541
3539,3543
3541,3542
3543,3544
3543,3545
3543,3547
3545,3546
3547,3548
3547,3549
3547,3551
3549,3550
3551,3552
3551,3553
3551,3555
3553,3554
3555,3556
3555,3557
3555,3559
3557,3558
3559,3560
3559,3561
3559,3563
3561,3562
3563,3564
3563,3565
3563,3567
3565,3566
3567,3568
3567,3569
3569,3570
3570,3571
3572,3573
3572,3574
3572,3576
3574,3575
3576,3577
3577,3578
3578,3579
3579,3580
3581,3582
3581,3583
3583,3584
3584,3585
3587,3588
3587,3589
3587,3590
3587,3591
3587,3594
3587,3601
3587,3611
3587,3613
3587,3614
3587,3620
3587,3624
3587,3626
3587,3628
3587,3629
3587,3631
3591,3592
3592,3593
3594,3595
3595,3596
3596,3597
3596,3600
3597,3598
3597,3599
3601,3602
3601,3606
3602,3603
3602,3604
3604,3605
3606,3607
3606,3609
3606,3610
3607,3608
3611,3612
3614,3615
3615,3616
3615,3617
3617,3618
3618,3619
3620,3621
3621,3622
3622,3623
3624,3625
3626,3627
3629,3630
3631,3632
3631,3634
3632,3633
3634,3635
3634,3638
3634,3640
3635,3636
3636,3637
3638,3639
3640,3641
3642,3643
3642,3644
3642,3645
3642,3646
3642,3664
3646,3647
3646,3651
3646,3660
3647,3648
3647,3650
3648,3649
3651,3652
3651,3655
3651,3657
3651,3659
3652,3653
3653,3654
3655,3656
3657,3658
3660,3661
3660,3663
3661,3662
3665,3666
3665,3667
3665,3668
3665,3670
3665,3673
3668,3669
3670,3671
3671,3672
3673,3674
3674,3675
3674,3682
3674,3689
3675,3676
3676,3677
3677,3678
3677,3679
3677,3680
3677,3681
3682,3683
3683,3684
3683,3685
3683,3686
3686,3687
3687,3688
3689,3690
3691,3692
3691,3698
3691,3700
3691,3703
3691,3704
3691,3706
3692,3693
3692,3694
3692,3696
3692,3697
3694,3695
3698,3699
3700,3701
3701,3702
3704,3705
3707,3708
3707,3714
3707,3715
3707,3717
3707,3720
3707,3721
3707,3722
3708,3709
3708,3710
3708,3711
3708,3713
3711,3712
3715,3716
3717,3718
3718,3719
3722,3723
3724,3725
3724,3726
3724,3727
3724,3729
3727,3728
3729,3730
3731,3732
3731,3733
3731,3734
3731,3735
3731,3736
3737,3738
3737,3739
3739,3740
3740,3741
3741,3742
3743,3744
3743,3745
3743,3747
3743,3749
3743,3751
3745,3746
3747,3748
3749,3750
3752,3753
3752,3754
3752,3755
3752,3757
3752,3758
3755,3756
3758,3759
3758,3761
3759,3760
3761,3762
3761,3767
3761,3773
3761,3779
3762,3763
3762,3764
3762,3765
3765,3766
3767,3768
3767,3770
3767,3771
3767,3772
3768,3769
3773,3774
3773,3776
3773,3777
3773,3778
3774,3775
3779,3780
3779,3782
3779,3785
3780,3781
3782,3783
3782,3784
3786,3787
3786,3788
3786,3789
3786,3791
3786,3814
3786,3815
3786,3820
3786,3825
3789,3790
3791,3792
3792,3793
3793,3794
3793,3799
3793,3804
3793,3809
3794,3795
3794,3796
3794,3797
3797,3798
3799,3800
3799,3801
3799,3802
3802,3803
3804,3805
3804,3806
3804,3807
3807,3808
3809,3810
3809,3811
3809,3812
3812,3813
3815,3816
3815,3819
3816,3817
3816,3818
3820,3821
3820,3824
3821,3822
3821,3823
3825,3826
3825,3828
3826,3827
3829,3830
3829,3831
3829,3834
3829,3841
3829,3844
3829,3845
3829,3850
3829,3854
3829,3855
3829,3856
3829,3859
3829,3861
3829,3862
3829,3883
3829,3884
3829,3885
3829,3887
3829,3888
3829,3891
3831,3832
3832,3833
3834,3835
3834,3836
3836,3837
3837,3838
3838,3839
3839,3840
3841,3842
3842,3843
3845,3846
3845,3847
3847,3848
3848,3849
3850,3851
3851,3852
3851,3853
3856,3857
3857,3858
3859,3860
3862,3863
3862,3864
3862,3870
3864,3865
3864,3868
3865,3866
3865,3867
3868,3869
3870,3871
3870,3874
3871,3872
3872,3873
3874,3875
3874,3879
3875,3876
3876,3877
3877,3878
3879,3880
3879,3881
3881,3882
3885,3886
3888,3889
3889,3890
3891,3892
3892,3893
3894,3895
3894,3896
3894,3900
3896,3897
3896,3898
3898,3899
3900,3901
3901,3902
3902,3903
3902,3904
3904,3905
3906,3907
3906,3911
3906,3913
3906,3914
3906,3916
3906,3917
3906,3919
3906,3921
3906,3923
3906,3925
3906,3927
3906,3931
3906,3933
3907,3908
3907,3909
3907,3910
3911,3912
3914,3915
3917,3918
3919,3920
3921,3922
3923,3924
3925,3926
3927,3928
3928,3929
3929,3930
3931,3932
3933,3934
3935,3936
3935,3937
3935,3939
3935,3966
3935,3968
3935,3970
3935,3986
3935,3988
3935,3990
3935,4014
3935,4016
3935,4047
3935,4049
3937,3938
3939,3940
3939,3943
3940,3941
3940,3942
3943,3944
3943,3949
3943,3954
3943,3959
3943,3964
3944,3945
3944,3947
3945,3946
3947,3948
3949,3950
3950,3951
3950,3953
3951,3952
3954,3955
3954,3957
3955,3956
3957,3958
3959,3960
3959,3962
3960,3961
3962,3963
3964,3965
3966,3967
3968,3969
3970,3971
3970,3973
3971,3972
3973,3974
3973,3977
3973,3980
3973,3984
3974,3975
3975,3976
3977,3978
3978,3979
3980,3981
3981,3982
3982,3983
3984,3985
3986,3987
3988,3989
3990,3991
3990,3993
3991,3992
3993,3994
3993,3996
3994,3995
3996,3997
3996,3998
3996,4002
3998,3999
3999,4000
4000,4001
4002,4003
4002,4004
4002,4008
4004,4005
4005,4006
4006,4007
4008,4009
4008,4010
4010,4011
4011,4012
4012,4013
4014,4015
4016,4017
4016,4019
4017,4018
4019,4020
4019,4022
4019,4024
4019,4028
4019,4032
4019,4038
4019,4044
4019,4046
4020,4021
4022,4023
4024,4025
4025,4026
4026,4027
4028,4029
4029,4030
4030,4031
4032,4033
4032,4036
4033,4034
4034,4035
4036,4037
4038,4039
4038,4042
4039,4040
4040,4041
4042,4043
4044,4045
4047,4048
4049,4050
4049,4053
4050,4051
4050,4052
4053,4054
4053,4060
4053,4062
4053,4064
4053,4067
4053,4069
4053,4070
4053,4072
4054,4055
4055,4056
4055,4059
4056,4057
4057,4058
4060,4061
4062,4063
4064,4065
4065,4066
4067,4068
4070,4071
4072,4073
4072,4079
4073,4074
4074,4075
4074,4078
4075,4076
4076,4077
4080,4081
4080,4082
4080,4084
4080,4088
4080,4090
4080,4092
4080,4094
4080,4096
4080,4098
4080,4106
4082,4083
4084,4085
4085,4086
4086,4087
4088,4089
4090,4091
4092,4093
4094,4095
4096,4097
4098,4099
4099,4100
4099,4101
4101,4102
4102,4103
4103,4104
4104,4105
4106,4107
4108,4109
4108,4110
4108,4112
4110,4111
4112,4113
4114,4115
4114,4116
4114,4118
4114,4119
4116,4117
4119,4120
4119,4122
4119,4124
4120,4121
4122,4123
4124,4125
4126,4127
4126,4128
4128,4129
4130,4131
4130,4136
4130,4138
4130,4140
4130,4141
4130,4143
4130,4145
4131,4132
4131,4133
4131,4135
4133,4134
4136,4137
4138,4139
4141,4142
4143,4144
4145,4146
4146,4147
4146,4150
4147,4148
4148,4149
4151,4152
4151,4153
4151,4154
4151,4155
4151,4157
4151,4159
4151,4162
4151,4163
4155,4156
4157,4158
4159,4160
4160,4161
4163,4164
4165,4166
4166,4167
4166,4169
4166,4205
4166,4206
4167,4168
4169,4170
4169,4204
4170,4171
4171,4172
4172,4173
4172,4176
4172,4180
4172,4185
4172,4190
4172,4195
4172,4200
4173,4174
4173,4175
4176,4177
4176,4178
4176,4179
4180,4181
4180,4182
4180,4183
4180,4184
4185,4186
4185,4187
4185,4188
4185,4189
4190,4191
4190,4192
4190,4193
4190,4194
4195,4196
4195,4197
4195,4198
4195,4199
4200,4201
4200,4202
4200,4203
4206,4207
4206,4208
4208,4209
4210,4211
4210,4212
4210,4213
4210,4215
4210,4238
4213,4214
4215,4216
4216,4217
4217,4218
4217,4223
4217,4228
4217,4233
4218,4219
4218,4220
4218,4221
4221,4222
4223,4224
4223,4225
4223,4226
4226,4227
4228,4229
4228,4230
4228,4231
4231,4232
4233,4234
4233,4235
4233,4236
4236,4237
4238,4239
4238,4242
4239,4240
4239,4241
4243,4244
4243,4245
4243,4246
4243,4247
4243,4248
4243,4249
4243,4251
4243,4259
4243,4261
4243,4263
4243,4265
4243,4267
4249,4250
4251,4252
4251,4253
4253,4254
4253,4255
4253,4258
4255,4256
4256,4257
4259,4260
4261,4262
4263,4264
4265,4266
4267,4268
4267,4275
4267,4419
4268,4269
4269,4270
4270,4271
4270,4274
4271,4272
4271,4273
4275,4276
4275,4279
4275,4282
4275,4284
4275,4285
4275,4286
4275,4342
4275,4355
4275,4367
4275,4379
4276,4277
4277,4278
4279,4280
4280,4281
4282,4283
4286,4287
4286,4288
4288,4289
4288,4290
4288,4292
4288,4293
4288,4308
4288,4317
4288,4321
4288,4341
4290,4291
4293,4294
4293,4295
4293,4306
4295,4296
4296,4297
4296,4299
4296,4301
4296,4303
4297,4298
4299,4300
4301,4302
4303,4304
4303,4305
4306,4307
4308,4309
4308,4310
4308,4314
4310,4311
4311,4312
4312,4313
4314,4315
4315,4316
4317,4318
4318,4319
4319,4320
4321,4322
4321,4325
4321,4339
4322,4323
4323,4324
4325,4326
4325,4338
4326,4327
4327,4328
4327,4330
4327,4332
4327,4335
4328,4329
4330,4331
4332,4333
4333,4334
4335,4336
4336,4337
4339,4340
4342,4343
4342,4344
4344,4345
4344,4352
4344,4353
4344,4354
4345,4346
4345,4347
4347,4348
4348,4349
4349,4350
4350,4351
4355,4356
4356,4357
4356,4364
4356,4365
4356,4366
4357,4358
4357,4359
4359,4360
4360,4361
4361,4362
4362,4363
4367,4368
4368,4369
4368,4376
4368,4377
4368,4378
4369,4370
4369,4371
4371,4372
4372,4373
4373,4374
4374,4375
4379,4380
4379,4417
4380,4381
4380,4385
4381,4382
4382,4383
4383,4384
4385,4386
4385,4387
4385,4392
4387,4388
4387,4390
4388,4389
4390,4391
4392,4393
4392,4395
4393,4394
4395,4396
4395,4399
4395,4410
4396,4397
4396,4398
4399,4400
4399,4404
4399,4405
4399,4406
4399,4408
4400,4401
4401,4402
4402,4403
4406,4407
4408,4409
4410,4411
4410,4414
4411,4412
4411,4413
4414,4415
4415,4416
4417,4418
4419,4420
4419,4422
4420,4421
4422,4423
4423,4424
4425,4426
4425,4427
4425,4428
4425,4429
4425,4431
4425,4432
4425,4433
4425,4435
4425,4438
4425,4440
4425,4441
4425,4443
4425,4445
4425,4450
4429,4430
4433,4434
4435,4436
4436,4437
4438,4439
4441,4442
4443,4444
4445,4446
4445,4447
4447,4448
4448,4449
4450,4451
4450,4452
4453,4454
4455,4456
4455,4457
4455,4458
4455,4460
4455,4478
4455,4479
4455,4484
4455,4489
4458,4459
4460,4461
4461,4462
4462,4463
4462,4468
4462,4473
4463,4464
4463,4465
4463,4466
4466,4467
4468,4469
4468,4470
4468,4471
4471,4472
4473,4474
4473,4475
4473,4476
4476,4477
4479,4480
4479,4483
4480,4481
4480,4482
4484,4485
4484,4488
4485,4486
4485,4487
4489,4490
4489,4494
4489,4495
4490,4491
4490,4493
4491,4492
4495,4496
4497,4498
4497,4499
4497,4500
4497,4501
4497,4502
4497,4505
4502,4503
4503,4504
4505,4506
4505,4510
4506,4507
4506,4509
4507,4508
4510,4511
4510,4513
4510,4515
4511,4512
4513,4514
4515,4516
4515,4517
4517,4518
4517,4521
4518,4519
4519,4520
4521,4522
4521,4523
4523,4524
4523,4528
4524,4525
4525,4526
4526,4527
4529,4530
4529,4531
4529,4532
4529,4535
4529,4542
4529,4546
4529,4548
4529,4549
4529,4550
4529,4552
4529,4555
4529,4557
4529,4566
4529,4567
4529,4568
4529,4571
4532,4533
4533,4534
4535,4536
4535,4537
4537,4538
4538,4539
4539,4540
4540,4541
4542,4543
4543,4544
4543,4545
4546,4547
4550,4551
4552,4553
4553,4554
4555,4556
4557,4558
4557,4559
4559,4560
4559,4563
4560,4561
4561,4562
4563,4564
4563,4565
4568,4569
4569,4570
4571,4572
4572,4573
4574,4575
4574,4576
4574,4577
4574,4583
4574,4586
4574,4588
4574,4595
4574,4597
4577,4578
4577,4581
4578,4579
4578,4580
4581,4582
4583,4584
4584,4585
4586,4587
4588,4589
4588,4592
4589,4590
4589,4591
4592,4593
4593,4594
4595,4596
4597,4598
4597,4601
4598,4599
4598,4600
4601,4602
4603,4604
4603,4605
4603,4606
4603,4608
4603,4629
4606,4607
4608,4609
4609,4610
4610,4611
4610,4614
4610,4619
4610,4624
4611,4612
4611,4613
4614,4615
4614,4616
4614,4617
4617,4618
4619,4620
4619,4621
4619,4622
4622,4623
4624,4625
4624,4626
4624,4627
4627,4628
4629,4630
4629,4633
4630,4631
4630,4632
4634,4635
4634,4636
4634,4649
4636,4637
4636,4639
4637,4638
4639,4640
4640,4641
4640,4642
4642,4643
4642,4644
4642,4647
4644,4645
4645,4646
4647,4648
4649,4650
4651,4652
4651,4653
4651,4654
4651,4655
4651,4656
4651,4657
4658,4659
4658,4660
4658,4661
4658,4663
4658,4692
4658,4693
4658,4698
4658,4704
4661,4662
4663,4664
4664,4665
4665,4666
4665,4677
4665,4682
4665,4687
4666,4667
4666,4668
4666,4669
4666,4671
4669,4670
4671,4672
4672,4673
4672,4674
4672,4675
4675,4676
4677,4678
4677,4679
4677,4680
4680,4681
4682,4683
4682,4684
4682,4685
4685,4686
4687,4688
4687,4689
4687,4690
4690,4691
4693,4694
4693,4697
4694,4695
4694,4696
4698,4699
4698,4703
4699,4700
4699,4702
4700,4701
4704,4705
4704,4708
4704,4709
4705,4706
4705,4707
4709,4710
4711,4712
4711,4713
4711,4714
4711,4716
4711,4734
4711,4739
4714,4715
4716,4717
4717,4718
4718,4719
4718,4724
4718,4729
4719,4720
4719,4721
4719,4722
4722,4723
4724,4725
4724,4726
4724,4727
4727,4728
4729,4730
4729,4731
4729,4732
4732,4733
4734,4735
4734,4738
4735,4736
4735,4737
4739,4740
4739,4743
4740,4741
4740,4742
4744,4745
4744,4746
4744,4747
4744,4749
4744,4767
4744,4768
4744,4773
4747,4748
4749,4750
4750,4751
4751,4752
4751,4757
4751,4762
4752,4753
4752,4754
4752,4755
4755,4756
4757,4758
4757,4759
4757,4760
4760,4761
4762,4763
4762,4764
4762,4765
4765,4766
4768,4769
4768,4772
4769,4770
4769,4771
4773,4774
4774,4775
4774,4776
4777,4778
4777,4779
4777,4781
4777,4783
4777,4785
4777,4787
4777,4789
4777,4791
4777,4792
4777,4794
4777,4799
4779,4780
4781,4782
4783,4784
4785,4786
4787,4788
4789,4790
4792,4793
4794,4795
4794,4798
4795,4796
4795,4797
4799,4800
4799,4803
4800,4801
4800,4802
4804,4805
4805,4806
4805,4808
4805,4844
4805,4845
4806,4807
4808,4809
4808,4843
4809,4810
4810,4811
4811,4812
4811,4815
4811,4819
4811,4823
4811,4828
4811,4833
4811,4838
4812,4813
4812,4814
4815,4816
4815,4817
4815,4818
4819,4820
4819,4821
4819,4822
4823,4824
4823,4825
4823,4826
4823,4827
4828,4829
4828,4830
4828,4831
4828,4832
4833,4834
4833,4835
4833,4836
4833,4837
4838,4839
4838,4840
4838,4841
4838,4842
4845,4846
4845,4847
4847,4848
4849,4850
4849,4851
4849,4854
4849,4856
4849,4864
4851,4852
4852,4853
4854,4855
4856,4857
4857,4858
4857,4859
4857,4862
4857,4863
4859,4860
4860,4861
4865,4866
4865,4867
4865,4868
4865,4870
4865,4893
4865,4898
4865,4903
4868,4869
4870,4871
4871,4872
4872,4873
4872,4878
4872,4883
4872,4888
4873,4874
4873,4875
4873,4876
4876,4877
4878,4879
4878,4880
4878,4881
4881,4882
4883,4884
4883,4885
4883,4886
4886,4887
4888,4889
4888,4890
4888,4891
4891,4892
4893,4894
4893,4897
4894,4895
4894,4896
4898,4899
4898,4902
4899,4900
4899,4901
4903,4904
4903,4906
4904,4905
4907,4908
4907,4909
4907,4910
4907,4912
4907,4935
4910,4911
4912,4913
4913,4914
4914,4915
4914,4920
4914,4925
4914,4930
4915,4916
4915,4917
4915,4918
4918,4919
4920,4921
4920,4922
4920,4923
4923,4924
4925,4926
4925,4927
4925,4928
4928,4929
4930,4931
4930,4932
4930,4933
4933,4934
4935,4936
4935,4939
4936,4937
4936,4938
4940,4941
4940,4942
4940,4943
4940,4949
4940,4952
4940,4954
4940,4957
4940,4962
4940,4965
4940,4968
4940,4971
4940,4974
4943,4944
4943,4947
4944,4945
4944,4946
4947,4948
4949,4950
4950,4951
4952,4953
4954,4955
4955,4956
4957,4958
4957,4959
4959,4960
4960,4961
4962,4963
4962,4964
4965,4966
4965,4967
4968,4969
4969,4970
4971,4972
4971,4973
4974,4975
4974,4976
4977,4978
4977,4979
4979,4980
4979,4983
4980,4981
4980,4982
4983,4984
4984,4985
4984,4987
4985,4986
4987,4988
4987,4999
4988,4989
4988,4990
4988,4997
4990,4991
4991,4992
4992,4993
4993,4994
4993,4995
4993,4996
4997,4998
4999,5000
5001,5002
5001,5003
5001,5004
5001,5007
5001,5023
5001,5024
5004,5005
5005,5006
5007,5008
5007,5009
5009,5010
5009,5014
5009,5017
5010,5011
5011,5012
5012,5013
5014,5015
5015,5016
5017,5018
5017,5019
5019,5020
5020,5021
5021,5022
5025,5026
5025,5027
5025,5028
5025,5030
5025,5048
5028,5029
5030,5031
5031,5032
5032,5033
5032,5038
5032,5043
5033,5034
5033,5035
5033,5036
5036,5037
5038,5039
5038,5040
5038,5041
5041,5042
5043,5044
5043,5045
5043,5046
5046,5047
5048,5049
5048,5052
5049,5050
5049,5051
5053,5054
5053,5055
5053,5056
5053,5058
5053,5076
5053,5077
5053,5082
5056,5057
5058,5059
5059,5060
5060,5061
5060,5066
5060,5071
5061,5062
5061,5063
5061,5064
5064,5065
5066,5067
5066,5068
5066,5069
5069,5070
5071,5072
5071,5073
5071,5074
5074,5075
5077,5078
5077,5081
5078,5079
5078,5080
5082,5083
5083,5084
5083,5085
5086,5087
5086,5088
5086,5090
5086,5092
5086,5094
5086,5097
5086,5100
5086,5102
5086,5105
5086,5107
5086,5110
5086,5113
5088,5089
5090,5091
5092,5093
5094,5095
5095,5096
5097,5098
5098,5099
5100,5101
5102,5103
5102,5104
5105,5106
5107,5108
5107,5109
5110,5111
5110,5112
5113,5114
5113,5115
5116,5117
5116,5118
5116,5120
5116,5122
5116,5124
5116,5126
5116,5128
5118,5119
5120,5121
5122,5123
5124,5125
5126,5127
5128,5129
5130,5131
5131,5132
5131,5134
5131,5170
5131,5171
5132,5133
5134,5135
5134,5169
5135,5136
5136,5137
5137,5138
5137,5141
5137,5146
5137,5151
5137,5155
5137,5159
5137,5164
5138,5139
5138,5140
5141,5142
5141,5143
5141,5144
5141,5145
5146,5147
5146,5148
5146,5149
5146,5150
5151,5152
5151,5153
5151,5154
5155,5156
5155,5157
5155,5158
5159,5160
5159,5161
5159,5162
5159,5163
5164,5165
5164,5166
5164,5167
5164,5168
5171,5172
5171,5173
5173,5174
5175,5176
5175,5177
5175,5178
5175,5179
5175,5180
5175,5181
5175,5182
5175,5183
5175,5184
5175,5185
5175,5186
5175,5187
5175,5189
5175,5191
5175,5193
5175,5195
5175,5197
5175,5199
5175,5201
5175,5203
5175,5205
5175,5207
5187,5188
5189,5190
5191,5192
5193,5194
5195,5196
5197,5198
5199,5200
5201,5202
5203,5204
5205,5206
5207,5208
5209,5210
5209,5211
5209,5212
5209,5214
5209,5232
5209,5233
5209,5238
5212,5213
5214,5215
5215,5216
5216,5217
5216,5222
5216,5227
5217,5218
5217,5219
5217,5220
5220,5221
5222,5223
5222,5224
5222,5225
5225,5226
5227,5228
5227,5229
5227,5230
5230,5231
5233,5234
5233,5237
5234,5235
5234,5236
5238,5239
5239,5240
5239,5241
5242,5243
5242,5244
5242,5247
5242,5249
5242,5257
5244,5245
5245,5246
5247,5248
5249,5250
5250,5251
5250,5252
5250,5255
5250,5256
5252,5253
5253,5254
5258,5259
5258,5260
5258,5262
5258,5280
5260,5261
5262,5263
5262,5266
5263,5264
5263,5265
5266,5267
5266,5271
5266,5275
5266,5277
5267,5268
5267,5269
5267,5270
5271,5272
5272,5273
5272,5274
5275,5276
5277,5278
5277,5279
5281,5282
5281,5284
5281,5285
5281,5287
5282,5283
5285,5286
5287,5288
5288,5289
5289,5290
5290,5291
5290,5292
5293,5294
5293,5295
5293,5296
5293,5298
5293,5316
5296,5297
5298,5299
5299,5300
5300,5301
5300,5306
5300,5311
5301,5302
5301,5303
5301,5304
5304,5305
5306,5307
5306,5308
5306,5309
5309,5310
5311,5312
5311,5313
5311,5314
5314,5315
5316,5317
5316,5320
5317,5318
5317,5319
5321,5322
5321,5323
5321,5326
5321,5329
5323,5324
5324,5325
5326,5327
5327,5328
5330,5331
5330,5337
5330,5339
5330,5342
5330,5343
5330,5345
5331,5332
5331,5333
5331,5335
5331,5336
5333,5334
5337,5338
5339,5340
5340,5341
5343,5344
5346,5347
5346,5348
5346,5349
5346,5350
5346,5351
5346,5352
5346,5353
5346,5354
5346,5356
5346,5358
5354,5355
5356,5357
5359,5360
5359,5361
5359,5362
5359,5363
5363,5364
5363,5369
5363,5371
5363,5376
5363,5392
5364,5365
5364,5367
5365,5366
5367,5368
5369,5370
5371,5372
5372,5373
5372,5375
5373,5374
5376,5377
5376,5386
5376,5391
5377,5378
5378,5379
5378,5382
5378,5384
5379,5380
5379,5381
5382,5383
5384,5385
5386,5387
5386,5390
5387,5388
5387,5389
5392,5393
5392,5394
5394,5395
5395,5396
5395,5398
5396,5397
5399,5400
5399,5401
5401,5402
5403,5404
5403,5405
5405,5406
5407,5408
5407,5409
5407,5414
5409,5410
5410,5411
5410,5412
5410,5413
5414,5415
5415,5416
5417,5418
5417,5419
5417,5420
5417,5422
5417,5445
5417,5446
5417,5451
5417,5455
5420,5421
5422,5423
5423,5424
5424,5425
5424,5430
5424,5435
5424,5440
5425,5426
5425,5427
5425,5428
5428,5429
5430,5431
5430,5432
5430,5433
5433,5434
5435,5436
5435,5437
5435,5438
5438,5439
5440,5441
5440,5442
5440,5443
5443,5444
5446,5447
5446,5450
5447,5448
5447,5449
5451,5452
5452,5453
5452,5454
5455,5456
5455,5458
5456,5457
5459,5460
5459,5461
5459,5462
5459,5464
5459,5482
5459,5483
5462,5463
5464,5465
5465,5466
5466,5467
5466,5472
5466,5477
5467,5468
5467,5469
5467,5470
5470,5471
5472,5473
5472,5474
5472,5475
5475,5476
5477,5478
5477,5479
5477,5480
5480,5481
5483,5484
5483,5486
5484,5485
5487,5488
5487,5489
5487,5490
5487,5492
5487,5494
5490,5491
5492,5493
5494,5495
5494,5498
5495,5496
5495,5497
5498,5499
5498,5501
5499,5500
5501,5502
5501,5504
5501,5552
5502,5503
5504,5505
5505,5506
5505,5508
5505,5545
5506,5507
5508,5509
5509,5510
5509,5512
5509,5525
5510,5511
5512,5513
5512,5516
5513,5514
5514,5515
5516,5517
5516,5521
5517,5518
5517,5519
5519,5520
5521,5522
5521,5524
5522,5523
5525,5526
5525,5528
5526,5527
5528,5529
5528,5530
5528,5543
5530,5531
5530,5533
5531,5532
5533,5534
5533,5536
5534,5535
5536,5537
5536,5538
5538,5539
5538,5542
5539,5540
5540,5541
5543,5544
5545,5546
5545,5548
5546,5547
5548,5549
5548,5551
5549,5550
5552,5553
5553,5554
5553,5556
5553,5594
5554,5555
5556,5557
5557,5558
5557,5560
5557,5574
5558,5559
5560,5561
5560,5564
5561,5562
5562,5563
5564,5565
5564,5569
5565,5566
5565,5567
5567,5568
5569,5570
5570,5571
5570,5572
5572,5573
5574,5575
5574,5578
5575,5576
5576,5577
5578,5579
5578,5580
5578,5589
5580,5581
5580,5583
5580,5584
5581,5582
5584,5585
5585,5586
5586,5587
5587,5588
5589,5590
5590,5591
5590,5592
5592,5593
5594,5595
5595,5596
5595,5597
5597,5598
5599,5600
5599,5601
5599,5602
5599,5604
5599,5622
5599,5623
5599,5628
5599,5633
5602,5603
5604,5605
5605,5606
5606,5607
5606,5612
5606,5617
5607,5608
5607,5609
5607,5610
5610,5611
5612,5613
5612,5614
5612,5615
5615,5616
5617,5618
5617,5619
5617,5620
5620,5621
5623,5624
5623,5627
5624,5625
5624,5626
5628,5629
5628,5632
5629,5630
5629,5631
5633,5634
5633,5638
5633,5639
5634,5635
5634,5637
5635,5636
5639,5640
5641,5642
5641,5643
5641,5644
5641,5646
5641,5664
5644,5645
5646,5647
5647,5648
5648,5649
5648,5654
5648,5659
5649,5650
5649,5651
5649,5652
5652,5653
5654,5655
5654,5656
5654,5657
5657,5658
5659,5660
5659,5661
5659,5662
5662,5663
5664,5665
5664,5668
5665,5666
5665,5667
5669,5670
5669,5671
5669,5673
5669,5700
5669,5702
5669,5704
5669,5720
5669,5722
5669,5724
5669,5742
5669,5744
5669,5775
5669,5777
5671,5672
5673,5674
5673,5677
5674,5675
5674,5676
5677,5678
5677,5683
5677,5688
5677,5693
5677,5698
5678,5679
5678,5681
5679,5680
5681,5682
5683,5684
5684,5685
5684,5687
5685,5686
5688,5689
5688,5691
5689,5690
5691,5692
5693,5694
5693,5696
5694,5695
5696,5697
5698,5699
5700,5701
5702,5703
5704,5705
5704,5707
5705,5706
5707,5708
5707,5711
5707,5714
5707,5718
5708,5709
5709,5710
5711,5712
5712,5713
5714,5715
5715,5716
5716,5717
5718,5719
5720,5721
5722,5723
5724,5725
5724,5727
5725,5726
5727,5728
5727,5730
5728,5729
5730,5731
5730,5732
5730,5736
5732,5733
5733,5734
5734,5735
5736,5737
5736,5738
5738,5739
5739,5740
5740,5741
5742,5743
5744,5745
5744,5747
5745,5746
5747,5748
5747,5750
5747,5752
5747,5756
5747,5760
5747,5766
5747,5772
5747,5774
5748,5749
5750,5751
5752,5753
5753,5754
5754,5755
5756,5757
5757,5758
5758,5759
5760,5761
5760,5764
5761,5762
5762,5763
5764,5765
5766,5767
5766,5770
5767,5768
5768,5769
5770,5771
5772,5773
5775,5776
5777,5778
5777,5781
5778,5779
5778,5780
5781,5782
5781,5788
5781,5790
5781,5792
5781,5795
5781,5797
5781,5798
5781,5800
5782,5783
5783,5784
5783,5787
5784,5785
5785,5786
5788,5789
5790,5791
5792,5793
5793,5794
5795,5796
5798,5799
5800,5801
5800,5807
5801,5802
5802,5803
5802,5806
5803,5804
5804,5805
5808,5809
5808,5810
5808,5812
5808,5814
5808,5815
5808,5818
5808,5822
5808,5826
5808,5828
5808,5830
5808,5833
5808,5835
5808,5838
5808,5841
5808,5845
5808,5847
5808,5850
5808,5853
5810,5811
5812,5813
5815,5816
5816,5817
5818,5819
5819,5820
5820,5821
5822,5823
5823,5824
5824,5825
5826,5827
5828,5829
5830,5831
5831,5832
5833,5834
5835,5836
5835,5837
5838,5839
5839,5840
5841,5842
5842,5843
5842,5844
5845,5846
5847,5848
5847,5849
5850,5851
5851,5852
5853,5854
5853,5857
5854,5855
5855,5856
5857,5858
5859,5860
5859,5861
5862,5863
5862,5864
5862,5865
5862,5868
5862,5871
5862,5873
5862,5875
5862,5881
5862,5882
5862,5886
5862,5887
5862,5888
5862,5891
5862,5892
5862,5896
5862,5898
5862,5900
5862,5903
5862,5912
5862,5913
5862,5916
5862,5919
5865,5866
5866,5867
5868,5869
5869,5870
5871,5872
5873,5874
5875,5876
5875,5877
5877,5878
5878,5879
5878,5880
5882,5883
5883,5884
5883,5885
5888,5889
5889,5890
5892,5893
5892,5894
5894,5895
5896,5897
5898,5899
5900,5901
5901,5902
5903,5904
5903,5908
5904,5905
5905,5906
5906,5907
5908,5909
5908,5910
5910,5911
5913,5914
5914,5915
5916,5917
5917,5918
5919,5920
5920,5921
5922,5923
5923,5924
5923,5926
5923,5962
5923,5963
5924,5925
5926,5927
5926,5961
5927,5928
5928,5929
5929,5930
5929,5933
5929,5937
5929,5942
5929,5947
5929,5952
5929,5957
5930,5931
5930,5932
5933,5934
5933,5935
5933,5936
5937,5938
5937,5939
5937,5940
5937,5941
5942,5943
5942,5944
5942,5945
5942,5946
5947,5948
5947,5949
5947,5950
5947,5951
5952,5953
5952,5954
5952,5955
5952,5956
5957,5958
5957,5959
5957,5960
5963,5964
5963,5965
5965,5966
5967,5968
5967,5969
5967,5970
5967,5971
5967,5973
5967,5974
5967,5975
5967,5977
5967,5979
5967,5980
5967,5982
5967,5984
5971,5972
5975,5976
5977,5978
5980,5981
5982,5983
5984,5985
5984,5986
5986,5987
5987,5988
5989,5990
5989,5993
5989,5995
5989,5996
5989,5998
5989,6000
5990,5991
5990,5992
5993,5994
5996,5997
5998,5999
6000,6001
6000,6002
6000,6030
6002,6003
6002,6005
6002,6008
6002,6015
6002,6019
6002,6021
6002,6026
6002,6028
6003,6004
6005,6006
6006,6007
6008,6009
6008,6011
6009,6010
6011,6012
6012,6013
6013,6014
6015,6016
6016,6017
6017,6018
6019,6020
6021,6022
6021,6023
6023,6024
6024,6025
6026,6027
6028,6029
6030,6031
6031,6032
6033,6034
6034,6035
6034,6036
6036,6037
6037,6038
6039,6040
6039,6041
6039,6042
6039,6044
6039,6067
6039,6072
6042,6043
6044,6045
6045,6046
6046,6047
6046,6052
6046,6057
6046,6062
6047,6048
6047,6049
6047,6050
6050,6051
6052,6053
6052,6054
6052,6055
6055,6056
6057,6058
6057,6059
6057,6060
6060,6061
6062,6063
6062,6064
6062,6065
6065,6066
6067,6068
6067,6071
6068,6069
6068,6070
6072,6073
6072,6075
6073,6074
6076,6077
6076,6078
6076,6079
6076,6080
6076,6081
6076,6082
6076,6083
6076,6088
6076,6093
6076,6097
6076,6099
6076,6101
6076,6103
6076,6107
6076,6109
6083,6084
6083,6085
6085,6086
6086,6087
6088,6089
6088,6090
6090,6091
6091,6092
6093,6094
6094,6095
6094,6096
6097,6098
6099,6100
6101,6102
6103,6104
6104,6105
6105,6106
6107,6108
6110,6111
6110,6112
6110,6117
6110,6120
6110,6123
6110,6126
6110,6178
6112,6113
6112,6114
6112,6115
6115,6116
6117,6118
6118,6119
6120,6121
6120,6122
6123,6124
6124,6125
6126,6127
6126,6171
6127,6128
6128,6129
6128,6131
6128,6134
6128,6170
6129,6130
6131,6132
6132,6133
6134,6135
6134,6137
6135,6136
6137,6138
6137,6141
6137,6144
6137,6146
6137,6147
6137,6149
6138,6139
6139,6140
6141,6142
6141,6143
6144,6145
6147,6148
6149,6150
6150,6151
6150,6152
6150,6155
6150,6159
6150,6162
6150,6166
6152,6153
6152,6154
6155,6156
6155,6157
6157,6158
6159,6160
6159,6161
6162,6163
6162,6164
6164,6165
6166,6167
6166,6168
6168,6169
6171,6172
6171,6174
6171,6176
6172,6173
6174,6175
6176,6177
6178,6179
6180,6181
6180,6182
6180,6183
6180,6185
6180,6214
6180,6215
6180,6219
6183,6184
6185,6186
6186,6187
6187,6188
6187,6199
6187,6204
6187,6209
6188,6189
6188,6190
6188,6191
6188,6193
6191,6192
6193,6194
6194,6195
6194,6196
6194,6197
6197,6198
6199,6200
6199,6201
6199,6202
6202,6203
6204,6205
6204,6206
6204,6207
6207,6208
6209,6210
6209,6211
6209,6212
6212,6213
6215,6216
6215,6218
6216,6217
6219,6220
6219,6222
6220,6221
6223,6224
6223,6225
6223,6226
6223,6234
6223,6236
6223,6238
6223,6239
6223,6245
6223,6246
6223,6248
6226,6227
6226,6229
6227,6228
6229,6230
6229,6231
6229,6233
6231,6232
6234,6235
6236,6237
6239,6240
6239,6243
6240,6241
6241,6242
6243,6244
6246,6247
6249,6250
6249,6251
6249,6252
6249,6253
6249,6254
6249,6255
6249,6256
6249,6261
6249,6266
6249,6270
6249,6272
6249,6274
6249,6276
6249,6280
6249,6282
6256,6257
6256,6258
6258,6259
6259,6260
6261,6262
6261,6263
6263,6264
6264,6265
6266,6267
6267,6268
6267,6269
6270,6271
6272,6273
6274,6275
6276,6277
6277,6278
6278,6279
6280,6281
6283,6284
6283,6285
6283,6286
6283,6287
6283,6288
6283,6289
6289,6290
6291,6292
6291,6299
6291,6301
6291,6304
6291,6307
6291,6308
6291,6310
6291,6313
6291,6315
6292,6293
6292,6294
6292,6295
6292,6297
6292,6298
6295,6296
6299,6300
6301,6302
6302,6303
6304,6305
6305,6306
6308,6309
6310,6311
6311,6312
6313,6314
6315,6316
6317,6318
6317,6322
6317,6324
6317,6328
6317,6332
6317,6336
6317,6337
6317,6338
6317,6340
6317,6341
6317,6343
6317,6345
6318,6319
6318,6320
6318,6321
6322,6323
6324,6325
6325,6326
6325,6327
6328,6329
6329,6330
6329,6331
6332,6333
6333,6334
6333,6335
6338,6339
6341,6342
6343,6344
6345,6346
6345,6347
6345,6349
6347,6348
6349,6350
6349,6354
6349,6356
6349,6359
6349,6360
6349,6361
6349,6363
6349,6365
6350,6351
6351,6352
6352,6353
6354,6355
6356,6357
6357,6358
6361,6362
6363,6364
6365,6366
6365,6368
6366,6367
6368,6369
6369,6370
6371,6372
6371,6375
6372,6373
6373,6374
6375,6376
6377,6378
6377,6379
6377,6380
6377,6384
6377,6386
6377,6388
6377,6390
6377,6392
6377,6394
6380,6381
6381,6382
6382,6383
6384,6385
6386,6387
6388,6389
6390,6391
6392,6393
6394,6395
6396,6397
6396,6398
6399,6400
6399,6401
6399,6402
6399,6403
6399,6405
6399,6407
6403,6404
6405,6406
6407,6408
6409,6410
6409,6415
6409,6417
6409,6420
6409,6423
6409,6424
6409,6425
6409,6427
6409,6428
6410,6411
6410,6412
6410,6414
6412,6413
6415,6416
6417,6418
6418,6419
6420,6421
6421,6422
6425,6426
6428,6429
6428,6431
6428,6433
6428,6437
6428,6439
6428,6443
6428,6445
6428,6446
6429,6430
6431,6432
6433,6434
6434,6435
6434,6436
6437,6438
6439,6440
6440,6441
6441,6442
6443,6444
6446,6447
6448,6449
6448,6450
6448,6451
6448,6452
6448,6453
6448,6454
6448,6455
6448,6463
6448,6466
6448,6468
6455,6456
6455,6460
6456,6457
6456,6458
6456,6459
6460,6461
6461,6462
6463,6464
6464,6465
6466,6467
6469,6470
6469,6472
6469,6474
6469,6476
6469,6477
6470,6471
6472,6473
6474,6475
6477,6478
6477,6480
6478,6479
6481,6482
6481,6483
6483,6484
6485,6486
6485,6487
6488,6489
6488,6490
6488,6491
6488,6492
6488,6493
6488,6494
6494,6495
6496,6497
6496,6498
6496,6499
6496,6501
6496,6519
6499,6500
6501,6502
6502,6503
6503,6504
6503,6509
6503,6514
6504,6505
6504,6506
6504,6507
6507,6508
6509,6510
6509,6511
6509,6512
6512,6513
6514,6515
6514,6516
6514,6517
6517,6518
6519,6520
6519,6523
6520,6521
6520,6522
6524,6525
6524,6528
6525,6526
6526,6527
6528,6529
6529,6530
6531,6532
6531,6533
6531,6534
6534,6535
6536,6537
6536,6538
6536,6539
6536,6541
6536,6564
6536,6569
6539,6540
6541,6542
6542,6543
6543,6544
6543,6549
6543,6554
6543,6559
6544,6545
6544,6546
6544,6547
6547,6548
6549,6550
6549,6551
6549,6552
6552,6553
6554,6555
6554,6556
6554,6557
6557,6558
6559,6560
6559,6561
6559,6562
6562,6563
6564,6565
6564,6568
6565,6566
6565,6567
6569,6570
6569,6573
6570,6571
6570,6572
6574,6575
6574,6576
6574,6588
6576,6577
6576,6578
6578,6579
6579,6580
6580,6581
6580,6583
6581,6582
6583,6584
6584,6585
6585,6586
6586,6587
6589,6590
6589,6591
6589,6594
6589,6597
6589,6600
6589,6601
6589,6605
6589,6607
6589,6608
6589,6609
6591,6592
6592,6593
6594,6595
6595,6596
6597,6598
6598,6599
6601,6602
6602,6603
6602,6604
6605,6606
6609,6610
6609,6615
6610,6611
6610,6612
6610,6613
6610,6614
6616,6617
6616,6618
6616,6620
6616,6638
6618,6619
6620,6621
6620,6624
6621,6622
6621,6623
6624,6625
6624,6629
6624,6633
6624,6635
6625,6626
6625,6627
6625,6628
6629,6630
6630,6631
6630,6632
6633,6634
6635,6636
6635,6637
6639,6640
6639,6641
6639,6643
6639,6645
6639,6647
6639,6649
6639,6651
6639,6660
6639,6679
6639,6681
6639,6683
6639,6734
6639,6736
6639,6743
6639,6745
6639,6746
6639,6749
6639,6755
6639,6760
6639,6761
6639,6781
6639,6783
6639,6802
6641,6642
6643,6644
6645,6646
6647,6648
6649,6650
6651,6652
6651,6655
6652,6653
6652,6654
6655,6656
6655,6658
6655,6659
6656,6657
6660,6661
6660,6662
6662,6663
6662,6665
6663,6664
6665,6666
6665,6667
6665,6675
6667,6668
6668,6669
6668,6671
6669,6670
6671,6672
6671,6673
6671,6674
6675,6676
6675,6677
6675,6678
6679,6680
6681,6682
6683,6684
6683,6685
6685,6686
6685,6687
6685,6690
6685,6727
6685,6733
6687,6688
6688,6689
6690,6691
6690,6692
6692,6693
6692,6695
6693,6694
6695,6696
6695,6697
6697,6698
6697,6700
6698,6699
6700,6701
6700,6702
6702,6703
6703,6704
6703,6705
6705,6706
6705,6708
6705,6715
6705,6719
6706,6707
6708,6709
6709,6710
6709,6711
6709,6713
6711,6712
6713,6714
6715,6716
6716,6717
6717,6718
6719,6720
6719,6724
6720,6721
6720,6722
6722,6723
6724,6725
6725,6726
6727,6728
6727,6729
6729,6730
6729,6731
6729,6732
6734,6735
6736,6737
6736,6738
6738,6739
6738,6741
6738,6742
6739,6740
6743,6744
6746,6747
6747,6748
6749,6750
6749,6751
6751,6752
6752,6753
6753,6754
6755,6756
6755,6757
6757,6758
6758,6759
6761,6762
6761,6763
6763,6764
6763,6767
6763,6775
6763,6777
6764,6765
6765,6766
6767,6768
6767,6769
6769,6770
6769,6773
6769,6774
6770,6771
6770,6772
6775,6776
6777,6778
6777,6779
6779,6780
6781,6782
6783,6784
6783,6787
6784,6785
6784,6786
6787,6788
6787,6790
6788,6789
6790,6791
6790,6792
6790,6798
6792,6793
6792,6795
6792,6796
6792,6797
6793,6794
6798,6799
6798,6800
6798,6801
6802,6803
6802,6804
6804,6805
6804,6806
6804,6809
6804,6811
6806,6807
6807,6808
6809,6810
6811,6812
6811,6815
6811,6861
6812,6813
6812,6814
6815,6816
6816,6817
6816,6819
6816,6820
6816,6857
6817,6818
6820,6821
6820,6822
6820,6854
6822,6823
6822,6833
6822,6838
6823,6824
6823,6826
6824,6825
6826,6827
6827,6828
6827,6829
6829,6830
6829,6831
6829,6832
6833,6834
6833,6835
6835,6836
6835,6837
6838,6839
6838,6851
6839,6840
6839,6843
6840,6841
6841,6842
6843,6844
6843,6845
6843,6847
6845,6846
6847,6848
6847,6849
6849,6850
6851,6852
6851,6853
6854,6855
6854,6856
6857,6858
6857,6859
6857,6860
6861,6862
6861,6863
6861,6866
6863,6864
6864,6865
6866,6867
6866,6868
6866,6870
6868,6869
6870,6871
6870,6872
6872,6873
6874,6875
6874,6876
6874,6877
6874,6879
6874,6897
6877,6878
6879,6880
6880,6881
6881,6882
6881,6887
6881,6892
6882,6883
6882,6884
6882,6885
6885,6886
6887,6888
6887,6889
6887,6890
6890,6891
6892,6893
6892,6894
6892,6895
6895,6896
6897,6898
6897,6901
6898,6899
6898,6900
6902,6903
6902,6904
6902,6906
6902,6907
6902,6910
6902,6913
6902,6916
6902,6918
6902,6922
6902,6924
6902,6926
6902,6930
6902,6931
6902,6934
6902,6936
6902,6940
6904,6905
6907,6908
6908,6909
6910,6911
6911,6912
6913,6914
6914,6915
6916,6917
6918,6919
6918,6921
6919,6920
6922,6923
6924,6925
6926,6927
6927,6928
6927,6929
6931,6932
6932,6933
6934,6935
6936,6937
6936,6939
6937,6938
6940,6941
6940,6944
6941,6942
6941,6943
6945,6946
6945,6947
6945,6948
6945,6949
6945,6950
6945,6951
6945,6952
6945,6954
6952,6953
6954,6955
6954,6964
6954,6973
6954,6982
6954,6991
6954,7000
6954,7009
6954,7018
6954,7027
6955,6956
6956,6957
6957,6958
6957,6959
6957,6960
6957,6961
6957,6962
6957,6963
6964,6965
6965,6966
6966,6967
6966,6968
6966,6969
6966,6970
6966,6971
6966,6972
6973,6974
6974,6975
6975,6976
6975,6977
6975,6978
6975,6979
6975,6980
6975,6981
6982,6983
6983,6984
6984,6985
6984,6986
6984,6987
6984,6988
6984,6989
6984,6990
6991,6992
6992,6993
6993,6994
6993,6995
6993,6996
6993,6997
6993,6998
6993,6999
7000,7001
7001,7002
7002,7003
7002,7004
7002,7005
7002,7006
7002,7007
7002,7008
7009,7010
7010,7011
7011,7012
7011,7013
7011,7014
7011,7015
7011,7016
7011,7017
7018,7019
7019,7020
7020,7021
7020,7022
7020,7023
7020,7024
7020,7025
7020,7026
7027,7028
7029,7030
7029,7031
7029,7033
7029,7035
7029,7039
7029,7041
7029,7045
7029,7046
7029,7048
7029,7054
7029,7055
7029,7056
7029,7058
7029,7059
7031,7032
7033,7034
7035,7036
7036,7037
7037,7038
7039,7040
7041,7042
7041,7043
7043,7044
7046,7047
7048,7049
7049,7050
7050,7051
7050,7052
7050,7053
7056,7057
7059,7060
7059,7061
7062,7063
7062,7064
7062,7065
7062,7066
7062,7067
7062,7068
7068,7069
7069,7070
7070,7071
7070,7073
7070,7074
7070,7078
7070,7082
7070,7086
7070,7090
7070,7094
7070,7100
7070,7114
7070,7164
7070,7173
7071,7072
7074,7075
7075,7076
7075,7077
7078,7079
7078,7080
7080,7081
7082,7083
7082,7084
7084,7085
7086,7087
7087,7088
7087,7089
7090,7091
7091,7092
7091,7093
7094,7095
7095,7096
7096,7097
7096,7098
7096,7099
7100,7101
7101,7102
7101,7103
7101,7104
7101,7107
7101,7110
7104,7105
7105,7106
7107,7108
7108,7109
7110,7111
7111,7112
7112,7113
7114,7115
7114,7119
7114,7120
7114,7128
7114,7129
7114,7133
7114,7138
7114,7143
7114,7146
7114,7153
7114,7155
7114,7158
7114,7159
7114,7160
7115,7116
7116,7117
7116,7118
7120,7121
7120,7123
7121,7122
7123,7124
7124,7125
7125,7126
7126,7127
7129,7130
7130,7131
7130,7132
7133,7134
7134,7135
7135,7136
7136,7137
7138,7139
7139,7140
7140,7141
7141,7142
7143,7144
7144,7145
7146,7147
7147,7148
7148,7149
7149,7150
7150,7151
7151,7152
7153,7154
7155,7156
7156,7157
7160,7161
7160,7162
7162,7163
7164,7165
7164,7169
7165,7166
7166,7167
7166,7168
7169,7170
7169,7171
7171,7172
7173,7174
7175,7176
7175,7177
7175,7178
7175,7181
7175,7210
7175,7211
7175,7216
7175,7220
7178,7179
7179,7180
7181,7182
7182,7183
7183,7184
7183,7195
7183,7200
7183,7205
7184,7185
7184,7186
7184,7187
7184,7189
7187,7188
7189,7190
7190,7191
7190,7192
7190,7193
7193,7194
7195,7196
7195,7197
7195,7198
7198,7199
7200,7201
7200,7202
7200,7203
7203,7204
7205,7206
7205,7207
7205,7208
7208,7209
7211,7212
7211,7215
7212,7213
7212,7214
7216,7217
7216,7219
7217,7218
7220,7221
7220,7223
7221,7222
7224,7225
7224,7226
7224,7227
7224,7230
7224,7259
7224,7260
7224,7265
7224,7269
7224,7273
7227,7228
7228,7229
7230,7231
7231,7232
7232,7233
7232,7244
7232,7249
7232,7254
7233,7234
7233,7235
7233,7236
7233,7238
7236,7237
7238,7239
7239,7240
7239,7241
7239,7242
7242,7243
7244,7245
7244,7246
7244,7247
7247,7248
7249,7250
7249,7251
7249,7252
7252,7253
7254,7255
7254,7256
7254,7257
7257,7258
7260,7261
7260,7264
7261,7262
7261,7263
7265,7266
7265,7268
7266,7267
7269,7270
7269,7272
7270,7271
7273,7274
7273,7276
7274,7275
7277,7278
7277,7279
7279,7280
7280,7281
7281,7282
7282,7283
7283,7284
7284,7285
7285,7286
7286,7287
7287,7288
7288,7289
7289,7290
7290,7291
7291,7292
7292,7293
7293,7294
7294,7295
7296,7297
7296,7298
7296,7299
7296,7301
7296,7319
7296,7320
7296,7325
7299,7300
7301,7302
7302,7303
7303,7304
7303,7309
7303,7314
7304,7305
7304,7306
7304,7307
7307,7308
7309,7310
7309,7311
7309,7312
7312,7313
7314,7315
7314,7316
7314,7317
7317,7318
7320,7321
7320,7324
7321,7322
7321,7323
7325,7326
7326,7327
7326,7328
7329,7330
7329,7331
7329,7334
7331,7332
7332,7333
7334,7335
7334,7336
7337,7338
7337,7339
7337,7341
7337,7343
7337,7345
7337,7347
7337,7349
7337,7351
7337,7353
7337,7355
7337,7357
7337,7359
7337,7360
7337,7362
7337,7364
7337,7370
7337,7373
7337,7376
7337,7378
7339,7340
7341,7342
7343,7344
7345,7346
7347,7348
7349,7350
7351,7352
7353,7354
7355,7356
7357,7358
7360,7361
7362,7363
7364,7365
7365,7366
7365,7369
7366,7367
7366,7368
7370,7371
7371,7372
7373,7374
7374,7375
7376,7377
7378,7379
7380,7381
7380,7382
7380,7383
7380,7385
7380,7408
7380,7413
7383,7384
7385,7386
7386,7387
7387,7388
7387,7393
7387,7398
7387,7403
7388,7389
7388,7390
7388,7391
7391,7392
7393,7394
7393,7395
7393,7396
7396,7397
7398,7399
7398,7400
7398,7401
7401,7402
7403,7404
7403,7405
7403,7406
7406,7407
7408,7409
7408,7412
7409,7410
7409,7411
7413,7414
7413,7416
7414,7415
7417,7418
7417,7419
7417,7420
7417,7428
7417,7430
7417,7432
7417,7433
7417,7439
7417,7440
7417,7442
7420,7421
7420,7423
7421,7422
7423,7424
7423,7425
7423,7427
7425,7426
7428,7429
7430,7431
7433,7434
7433,7437
7434,7435
7435,7436
7437,7438
7440,7441
7443,7444
7443,7445
7443,7448
7443,7450
7443,7458
7445,7446
7446,7447
7448,7449
7450,7451
7451,7452
7451,7453
7451,7456
7451,7457
7453,7454
7454,7455
7459,7460
7459,7461
7459,7462
7459,7464
7459,7477
7462,7463
7464,7465
7465,7466
7466,7467
7466,7472
7467,7468
7467,7469
7467,7470
7470,7471
7472,7473
7472,7474
7472,7475
7475,7476
7477,7478
7477,7481
7478,7479
7478,7480
7482,7483
7482,7484
7482,7486
7482,7488
7482,7490
7482,7492
7482,7494
7482,7503
7482,7522
7482,7524
7482,7526
7482,7577
7482,7579
7482,7586
7482,7588
7482,7589
7482,7592
7482,7598
7482,7603
7482,7604
7482,7624
7482,7626
7482,7645
7484,7485
7486,7487
7488,7489
7490,7491
7492,7493
7494,7495
7494,7498
7495,7496
7495,7497
7498,7499
7498,7501
7498,7502
7499,7500
7503,7504
7503,7505
7505,7506
7505,7508
7506,7507
7508,7509
7508,7510
7508,7518
7510,7511
7511,7512
7511,7514
7512,7513
7514,7515
7514,7516
7514,7517
7518,7519
7518,7520
7518,7521
7522,7523
7524,7525
7526,7527
7526,7528
7528,7529
7528,7530
7528,7533
7528,7570
7528,7576
7530,7531
7531,7532
7533,7534
7533,7535
7535,7536
7535,7538
7536,7537
7538,7539
7538,7540
7540,7541
7540,7543
7541,7542
7543,7544
7543,7545
7545,7546
7546,7547
7546,7548
7548,7549
7548,7551
7548,7558
7548,7562
7549,7550
7551,7552
7552,7553
7552,7554
7552,7556
7554,7555
7556,7557
7558,7559
7559,7560
7560,7561
7562,7563
7562,7567
7563,7564
7563,7565
7565,7566
7567,7568
7568,7569
7570,7571
7570,7572
7572,7573
7572,7574
7572,7575
7577,7578
7579,7580
7579,7581
7581,7582
7581,7584
7581,7585
7582,7583
7586,7587
7589,7590
7590,7591
7592,7593
7592,7594
7594,7595
7595,7596
7596,7597
7598,7599
7598,7600
7600,7601
7601,7602
7604,7605
7604,7606
7606,7607
7606,7610
7606,7618
7606,7620
7607,7608
7608,7609
7610,7611
7610,7612
7612,7613
7612,7616
7612,7617
7613,7614
7613,7615
7618,7619
7620,7621
7620,7622
7622,7623
7624,7625
7626,7627
7626,7630
7627,7628
7627,7629
7630,7631
7630,7633
7631,7632
7633,7634
7633,7635
7633,7641
7635,7636
7635,7638
7635,7639
7635,7640
7636,7637
7641,7642
7641,7643
7641,7644
7645,7646
7645,7647
7647,7648
7647,7649
7647,7652
7647,7654
7649,7650
7650,7651
7652,7653
7654,7655
7654,7658
7654,7704
7655,7656
7655,7657
7658,7659
7659,7660
7659,7662
7659,7663
7659,7700
7660,7661
7663,7664
7663,7665
7663,7697
7665,7666
7665,7676
7665,7681
7666,7667
7666,7669
7667,7668
7669,7670
7670,7671
7670,7672
7672,7673
7672,7674
7672,7675
7676,7677
7676,7678
7678,7679
7678,7680
7681,7682
7681,7694
7682,7683
7682,7686
7683,7684
7684,7685
7686,7687
7686,7688
7686,7690
7688,7689
7690,7691
7690,7692
7692,7693
7694,7695
7694,7696
7697,7698
7697,7699
7700,7701
7700,7702
7700,7703
7704,7705
7704,7706
7704,7709
7706,7707
7707,7708
7709,7710
7709,7711
7709,7713
7711,7712
7713,7714
7713,7715
7715,7716
7717,7718
7717,7724
7717,7726
7717,7729
7717,7732
7717,7735
7717,7736
7717,7737
7717,7738
7717,7739
7717,7740
7717,7741
7717,7742
7717,7744
7718,7719
7718,7720
7718,7722
7718,7723
7720,7721
7724,7725
7726,7727
7727,7728
7729,7730
7730,7731
7732,7733
7733,7734
7742,7743
7744,7745
7746,7747
7746,7748
7746,7749
7746,7751
7746,7774
7746,7775
7746,7780
7749,7750
7751,7752
7752,7753
7753,7754
7753,7759
7753,7764
7753,7769
7754,7755
7754,7756
7754,7757
7757,7758
7759,7760
7759,7761
7759,7762
7762,7763
7764,7765
7764,7766
7764,7767
7767,7768
7769,7770
7769,7771
7769,7772
7772,7773
7775,7776
7775,7779
7776,7777
7776,7778
7780,7781
7781,7782
7781,7783
7784,7785
7784,7786
7784,7787
7784,7788
7784,7789
7784,7790
7784,7791
7784,7793
7791,7792
7793,7794
7793,7801
7793,7808
7793,7815
7793,7822
7793,7829
7793,7836
7793,7843
7793,7850
7794,7795
7795,7796
7796,7797
7796,7798
7796,7799
7796,7800
7801,7802
7802,7803
7803,7804
7803,7805
7803,7806
7803,7807
7808,7809
7809,7810
7810,7811
7810,7812
7810,7813
7810,7814
7815,7816
7816,7817
7817,7818
7817,7819
7817,7820
7817,7821
7822,7823
7823,7824
7824,7825
7824,7826
7824,7827
7824,7828
7829,7830
7830,7831
7831,7832
7831,7833
7831,7834
7831,7835
7836,7837
7837,7838
7838,7839
7838,7840
7838,7841
7838,7842
7843,7844
7844,7845
7845,7846
7845,7847
7845,7848
7845,7849
7850,7851
7852,7853
7852,7854
7854,7855
7854,7858
7855,7856
7855,7857
7858,7859
7859,7860
7859,7862
7860,7861
7862,7863
7862,7874
7863,7864
7863,7865
7863,7872
7865,7866
7866,7867
7867,7868
7868,7869
7868,7870
7868,7871
7872,7873
7874,7875
7876,7877
7876,7878
7876,7883
7878,7879
7879,7880
7880,7881
7881,7882
7883,7884
7884,7885
7886,7887
7886,7888
7886,7889
7886,7890
7886,7891
7886,7892
7886,7893
7886,7894
7886,7896
7886,7898
7886,7900
7886,7902
7886,7904
7894,7895
7896,7897
7898,7899
7900,7901
7902,7903
7904,7905
7906,7907
7906,7908
7906,7909
7909,7910
7909,7913
7909,7915
7910,7911
7910,7912
7913,7914
7915,7916
7916,7917
7916,7920
7917,7918
7917,7919
7920,7921
7922,7923
7922,7924
7922,7925
7922,7928
7922,7931
7922,7934
7922,7936
7922,7987
7925,7926
7926,7927
7928,7929
7929,7930
7931,7932
7932,7933
7934,7935
7936,7937
7936,7938
7938,7939
7938,7942
7939,7940
7940,7941
7942,7943
7942,7944
7942,7983
7944,7945
7944,7948
7945,7946
7946,7947
7948,7949
7948,7950
7948,7979
7950,7951
7950,7957
7950,7971
7951,7952
7951,7955
7952,7953
7953,7954
7955,7956
7957,7958
7957,7959
7959,7960
7959,7962
7959,7967
7960,7961
7962,7963
7962,7964
7964,7965
7965,7966
7967,7968
7967,7969
7969,7970
7971,7972
7972,7973
7972,7975
7973,7974
7975,7976
7975,7977
7977,7978
7979,7980
7980,7981
7981,7982
7983,7984
7984,7985
7985,7986
7987,7988
7988,7989
7988,7991
7988,8005
7988,8007
7988,8018
7988,8019
7989,7990
7991,7992
7992,7993
7992,8000
7993,7994
7993,7999
7994,7995
7995,7996
7996,7997
7997,7998
8000,8001
8000,8002
8002,8003
8003,8004
8005,8006
8007,8008
8007,8009
8009,8010
8009,8014
8010,8011
8011,8012
8012,8013
8014,8015
8015,8016
8016,8017
8020,8021
8020,8022
8020,8024
8020,8025
8020,8028
8020,8031
8020,8033
8020,8035
8020,8038
8020,8039
8020,8040
8022,8023
8025,8026
8026,8027
8028,8029
8029,8030
8031,8032
8033,8034
8035,8036
8036,8037
8040,8041
8041,8042
8043,8044
8043,8045
8043,8046
8043,8049
8043,8052
8043,8055
8043,8058
8043,8061
8043,8064
8043,8067
8043,8070
8043,8073
8043,8076
8043,8079
8043,8082
8043,8085
8043,8088
8043,8090
8043,8094
8043,8099
8043,8103
8043,8108
8043,8112
8043,8117
8043,8120
8043,8123
8043,8126
8043,8129
8043,8132
8043,8136
8043,8139
8043,8142
8043,8144
8043,8147
8046,8047
8047,8048
8049,8050
8050,8051
8052,8053
8053,8054
8055,8056
8055,8057
8058,8059
8058,8060
8061,8062
8061,8063
8064,8065
8064,8066
8067,8068
8067,8069
8070,8071
8070,8072
8073,8074
8073,8075
8076,8077
8076,8078
8079,8080
8079,8081
8082,8083
8082,8084
8085,8086
8086,8087
8088,8089
8090,8091
8091,8092
8091,8093
8094,8095
8095,8096
8095,8098
8096,8097
8099,8100
8100,8101
8100,8102
8103,8104
8104,8105
8104,8107
8105,8106
8108,8109
8109,8110
8109,8111
8112,8113
8113,8114
8113,8116
8114,8115
8117,8118
8118,8119
8120,8121
8121,8122
8123,8124
8124,8125
8126,8127
8127,8128
8129,8130
8130,8131
8132,8133
8133,8134
8133,8135
8136,8137
8137,8138
8139,8140
8140,8141
8142,8143
8144,8145
8145,8146
8147,8148
8147,8149
8147,8150
8150,8151
8151,8152
8151,8153
8151,8154
8151,8156
8154,8155
8157,8158
8157,8159
8157,8160
8157,8162
8157,8180
8160,8161
8162,8163
8163,8164
8164,8165
8164,8170
8164,8175
8165,8166
8165,8167
8165,8168
8168,8169
8170,8171
8170,8172
8170,8173
8173,8174
8175,8176
8175,8177
8175,8178
8178,8179
8180,8181
8180,8184
8181,8182
8181,8183
8185,8186
8185,8187
8187,8188
8187,8192
8187,8196
8187,8198
8187,8200
8187,8203
8187,8204
8188,8189
8189,8190
8190,8191
8192,8193
8192,8194
8194,8195
8196,8197
8198,8199
8200,8201
8201,8202
8204,8205
8204,8206
8204,8208
8206,8207
8209,8210
8209,8211
8209,8212
8209,8214
8209,8235
8209,8240
8212,8213
8214,8215
8215,8216
8216,8217
8216,8220
8216,8225
8216,8230
8217,8218
8217,8219
8220,8221
8220,8222
8220,8223
8223,8224
8225,8226
8225,8227
8225,8228
8228,8229
8230,8231
8230,8232
8230,8233
8233,8234
8235,8236
8235,8239
8236,8237
8236,8238
8240,8241
8240,8243
8241,8242
8244,8245
8244,8246
8244,8247
8244,8248
8244,8249
8244,8251
8244,8252
8244,8260
8249,8250
8252,8253
8252,8256
8253,8254
8253,8255
8256,8257
8257,8258
8257,8259
8261,8262
8261,8263
8261,8266
8261,8275
8263,8264
8264,8265
8266,8267
8267,8268
8267,8269
8267,8271
8267,8273
8267,8274
8269,8270
8271,8272
8276,8277
8276,8278
8276,8280
8276,8282
8276,8290
8278,8279
8280,8281
8282,8283
8282,8286
8283,8284
8283,8285
8286,8287
8287,8288
8288,8289
8290,8291
8290,8292
8292,8293
8293,8294
8295,8296
8295,8297
8295,8304
8295,8316
8295,8323
8297,8298
8297,8299
8299,8300
8300,8301
8301,8302
8301,8303
8304,8305
8304,8306
8306,8307
8306,8309
8307,8308
8309,8310
8309,8311
8311,8312
8312,8313
8313,8314
8314,8315
8316,8317
8316,8318
8316,8321
8318,8319
8319,8320
8321,8322
8323,8324
8323,8325
8325,8326
8326,8327
8328,8329
8328,8330
8328,8331
8328,8334
8328,8352
8328,8353
8328,8358
8328,8362
8331,8332
8332,8333
8334,8335
8335,8336
8336,8337
8336,8342
8336,8347
8337,8338
8337,8339
8337,8340
8340,8341
8342,8343
8342,8344
8342,8345
8345,8346
8347,8348
8347,8349
8347,8350
8350,8351
8353,8354
8353,8357
8354,8355
8354,8356
8358,8359
8358,8361
8359,8360
8362,8363
8362,8365
8363,8364
8366,8367
8366,8368
8366,8369
8366,8371
8366,8400
8366,8401
8366,8406
8366,8412
8366,8419
8369,8370
8371,8372
8372,8373
8373,8374
8373,8385
8373,8390
8373,8395
8374,8375
8374,8376
8374,8377
8374,8379
8377,8378
8379,8380
8380,8381
8380,8382
8380,8383
8383,8384
8385,8386
8385,8387
8385,8388
8388,8389
8390,8391
8390,8392
8390,8393
8393,8394
8395,8396
8395,8397
8395,8398
8398,8399
8401,8402
8401,8405
8402,8403
8402,8404
8406,8407
8406,8411
8407,8408
8407,8410
8408,8409
8412,8413
8412,8416
8412,8417
8413,8414
8413,8415
8417,8418
8419,8420
8419,8422
8420,8421
8423,8424
8423,8425
8423,8426
8423,8427
8423,8428
8423,8429
8423,8431
8429,8430
8432,8433
8432,8434
8432,8435
8432,8437
8432,8455
8432,8460
8435,8436
8437,8438
8438,8439
8439,8440
8439,8445
8439,8450
8440,8441
8440,8442
8440,8443
8443,8444
8445,8446
8445,8447
8445,8448
8448,8449
8450,8451
8450,8452
8450,8453
8453,8454
8455,8456
8455,8459
8456,8457
8456,8458
8460,8461
8460,8464
8461,8462
8461,8463
8465,8466
8465,8467
8465,8468
8465,8470
8465,8488
8465,8489
8465,8494
8465,8500
8468,8469
8470,8471
8471,8472
8472,8473
8472,8478
8472,8483
8473,8474
8473,8475
8473,8476
8476,8477
8478,8479
8478,8480
8478,8481
8481,8482
8483,8484
8483,8485
8483,8486
8486,8487
8489,8490
8489,8493
8490,8491
8490,8492
8494,8495
8494,8499
8495,8496
8495,8498
8496,8497
8500,8501
8500,8504
8500,8505
8501,8502
8501,8503
8505,8506
8507,8508
8507,8509
8507,8510
8507,8512
8507,8535
8507,8536
8507,8541
8510,8511
8512,8513
8513,8514
8514,8515
8514,8520
8514,8525
8514,8530
8515,8516
8515,8517
8515,8518
8518,8519
8520,8521
8520,8522
8520,8523
8523,8524
8525,8526
8525,8527
8525,8528
8528,8529
8530,8531
8530,8532
8530,8533
8533,8534
8536,8537
8536,8540
8537,8538
8537,8539
8541,8542
8542,8543
8542,8544
8545,8546
8545,8547
8545,8548
8545,8550
8545,8568
8548,8549
8550,8551
8551,8552
8552,8553
8552,8558
8552,8563
8553,8554
8553,8555
8553,8556
8556,8557
8558,8559
8558,8560
8558,8561
8561,8562
8563,8564
8563,8565
8563,8566
8566,8567
8568,8569
8568,8572
8569,8570
8569,8571
8573,8574
8573,8575
8573,8576
8573,8577
8573,8579
8573,8602
8573,8603
8573,8608
8573,8612
8577,8578
8579,8580
8580,8581
8581,8582
8581,8587
8581,8592
8581,8597
8582,8583
8582,8584
8582,8585
8585,8586
8587,8588
8587,8589
8587,8590
8590,8591
8592,8593
8592,8594
8592,8595
8595,8596
8597,8598
8597,8599
8597,8600
8600,8601
8603,8604
8603,8607
8604,8605
8604,8606
8608,8609
8609,8610
8609,8611
8612,8613
8612,8615
8613,8614
8616,8617
8616,8618
8616,8620
8618,8619
8620,8621
8621,8622
8621,8624
8621,8627
8621,8631
8621,8632
8622,8623
8624,8625
8625,8626
8627,8628
8628,8629
8629,8630
8633,8634
8633,8635
8636,8637
8636,8640
8636,8642
8636,8643
8636,8644
8636,8646
8637,8638
8637,8639
8640,8641
8644,8645
8646,8647
8646,8649
8646,8651
8646,8655
8646,8657
8646,8661
8646,8663
8646,8665
8646,8667
8647,8648
8649,8650
8651,8652
8652,8653
8652,8654
8655,8656
8657,8658
8658,8659
8659,8660
8661,8662
8663,8664
8665,8666
8667,8668
8667,8669
8667,8670
8670,8671
8671,8672
8673,8674
8673,8675
8673,8676
8673,8677
8673,8685
8677,8678
8677,8681
8678,8679
8678,8680
8681,8682
8682,8683
8683,8684
8685,8686
8685,8689
8686,8687
8686,8688
8689,8690
8690,8691
8691,8692
8693,8694
8693,8695
8695,8696
8697,8698
8697,8699
8697,8700
8697,8702
8697,8725
8700,8701
8702,8703
8703,8704
8704,8705
8704,8710
8704,8715
8704,8720
8705,8706
8705,8707
8705,8708
8708,8709
8710,8711
8710,8712
8710,8713
8713,8714
8715,8716
8715,8717
8715,8718
8718,8719
8720,8721
8720,8722
8720,8723
8723,8724
8725,8726
8725,8729
8726,8727
8726,8728
8730,8731
8730,8732
8730,8733
8734,8735
8734,8736
8734,8738
8734,8739
8736,8737
8739,8740
8739,8742
8739,8744
8740,8741
8742,8743
8744,8745
8746,8747
8746,8748
8746,8749
8746,8750
8746,8751
8746,8752
8752,8753
8754,8755
8754,8756
8754,8758
8754,8759
8754,8762
8754,8765
8754,8767
8754,8769
8754,8772
8754,8773
8754,8774
8756,8757
8759,8760
8760,8761
8762,8763
8763,8764
8765,8766
8767,8768
8769,8770
8770,8771
8775,8776
8775,8778
8775,8779
8775,8782
8775,8784
8775,8794
8776,8777
8779,8780
8780,8781
8782,8783
8784,8785
8784,8786
8786,8787
8786,8789
8787,8788
8789,8790
8789,8792
8790,8791
8792,8793
8795,8796
8795,8799
8795,8801
8795,8802
8795,8803
8795,8805
8796,8797
8796,8798
8799,8800
8803,8804
8805,8806
8805,8808
8805,8810
8805,8814
8805,8816
8805,8820
8805,8822
8805,8824
8805,8826
8806,8807
8808,8809
8810,8811
8811,8812
8811,8813
8814,8815
8816,8817
8817,8818
8818,8819
8820,8821
8822,8823
8824,8825
8826,8827
8826,8828
8826,8829
8829,8830
8830,8831
8832,8833
8832,8835
8832,8838
8832,8841
8833,8834
8835,8836
8836,8837
8838,8839
8839,8840
8841,8842
8841,8843
8843,8844
8843,8846
8844,8845
8846,8847
8846,8848
8848,8849
8848,8852
8849,8850
8850,8851
8852,8853
8852,8854
8854,8855
8854,8858
8855,8856
8856,8857
8858,8859
8858,8860
8860,8861
8861,8862
8861,8863
8863,8864
8863,8867
8864,8865
8865,8866
8867,8868
8867,8869
8869,8870
8871,8872
8871,8873
8871,8874
8871,8875
8871,8876
8871,8877
8871,8879
8877,8878
