101
102
103
104
104
104
105
103
104
104
106
107
106
105
108
106
106
106
108
106
106
106
106
109
104
104
106
8
108
103
104
107
110
110
106
106
106
106
106
106
106
106
107
108
106
106
106
110
106
106
106
106
106
106
106
106
106
106
110
106
109
111
106
106
106
106
106
103
106
110
106
109
111
106
106
106
111
109
112
112
103
104
104
106
106
110
101
103
104
104
104
106
105
108
113
106
106
111
109
112
112
103
104
104
104
106
107
110
110
107
103
104
104
104
106
105
106
114
113
6
101
105
115
116
116
106
116
106
6
109
110
6
6
101
117
102
102
102
102
108
103
104
106
106
109
118
106
106
119
120
108
106
106
108
121
104
106
103
104
104
104
104
106
107
110
106
106
106
101
101
102
102
108
115
108
115
106
109
108
106
103
104
106
103
104
106
103
106
106
106
109
106
115
101
117
108
111
118
103
104
6
106
113
107
106
103
104
6
107
6
106
119
120
106
106
101
102
102
108
115
106
106
108
103
104
107
106
106
118
122
123
124
107
108
104
104
106
108
115
115
106
108
115
122
125
124
104
107
108
115
110
106
106
106
103
104
107
106
106
106
103
104
107
108
106
108
106
108
106
103
104
104
104
107
122
125
124
104
104
107
122
125
124
104
107
108
115
110
6
6
6
103
104
107
106
106
106
106
106
104
119
120
106
101
126
126
102
102
102
102
103
104
110
103
104
107
108
106
108
106
103
104
104
106
107
110
106
108
105
121
104
106
106
109
6
106
101
103
104
105
8
6
6
106
109
108
115
106
108
115
108
127
104
104
110
106
106
107
106
105
101
102
102
108
115
106
106
103
104
107
106
106
118
122
123
124
107
108
104
104
6
108
115
115
106
122
125
124
104
107
108
115
106
106
106
106
103
104
107
106
106
106
103
104
107
108
106
108
106
108
106
103
104
104
104
107
122
125
124
104
104
107
122
125
124
104
107
108
115
106
106
106
103
104
107
106
106
106
106
106
104
119
120
128
115
106
101
106
106
106
109
104
106
106
106
109
6
6
101
108
106
106
106
106
108
105
106
106
129
109
121
106
106
106
6
101
126
102
105
121
6
6
101
103
104
105
8
6
8
6
106
109
108
115
106
108
115
108
127
104
104
110
106
106
107
106
105
101
117
110
105
113
101
102
102
108
115
106
106
108
103
104
107
106
106
118
122
123
124
107
108
104
104
106
108
115
115
106
108
115
122
125
124
104
107
108
115
110
6
6
6
103
104
107
106
106
106
103
104
107
108
106
108
106
108
106
103
104
104
104
107
122
125
124
104
104
107
122
125
124
104
107
108
115
110
106
106
106
103
104
107
106
106
106
106
106
104
119
120
106
101
117
102
102
108
106
103
104
104
107
108
106
103
104
104
106
107
130
113
108
106
113
103
107
108
106
103
104
106
106
106
106
106
107
108
104
113
104
113
110
113
103
104
106
113
107
103
106
107
103
107
106
109
106
103
104
104
106
107
106
105
107
106
104
105
101
126
126
102
102
102
102
102
102
102
102
103
104
104
106
107
105
106
115
108
106
108
121
104
106
105
106
106
129
109
108
103
104
104
104
104
110
106
106
105
106
103
104
104
104
106
107
105
106
121
108
121
104
104
108
104
104
106
104
105
106
109
6
6
101
8
108
131
122
125
124
104
107
110
32
115
32
5
101
5
6
6
6
101
102
103
104
104
104
105
103
104
104
106
107
106
105
108
106
106
106
108
106
106
106
106
109
104
104
106
108
108
103
104
107
110
110
106
106
106
106
106
106
106
106
107
108
106
106
106
110
106
106
106
106
106
106
106
106
106
106
110
106
109
6
6
6
6
6
103
6
110
106
109
6
6
106
111
109
112
112
103
104
104
106
106
110
101
102
108
115
108
106
108
115
106
108
115
106
106
122
123
124
107
108
115
106
122
123
124
106
107
108
106
108
106
108
106
108
106
108
106
103
104
106
107
106
115
103
104
107
108
115
106
106
103
104
106
107
106
103
104
107
108
115
106
106
103
104
106
107
106
122
123
124
107
108
115
106
103
104
107
122
123
124
106
107
108
106
108
106
108
106
108
106
108
106
106
115
103
104
107
108
115
106
106
103
104
106
107
106
103
104
107
108
115
106
106
103
104
106
107
106
105
101
102
102
108
115
106
106
108
103
104
107
106
106
118
122
123
124
107
108
104
104
106
108
115
115
106
108
115
122
125
124
104
107
108
115
110
106
106
106
103
104
107
106
106
106
103
104
107
108
106
108
106
108
106
103
104
104
104
107
122
125
124
104
104
107
122
125
124
104
107
108
115
110
106
106
106
103
104
107
106
106
106
106
106
104
119
120
6
101
108
106
108
108
108
104
103
104
104
106
107
108
106
106
106
109
106
106
110
106
114
107
108
106
106
106
108
106
106
104
108
106
106
106
106
108
106
106
106
106
109
106
106
110
106
109
106
6
106
114
6
6
105
106
109
103
128
115
108
121
115
108
106
103
104
106
122
123
124
106
107
103
106
106
106
108
106
106
103
106
107
103
104
106
122
123
124
106
106
107
106
106
108
122
123
124
106
103
106
107
103
104
110
106
106
106
106
106
106
106
108
106
106
106
106
104
106
106
115
101
117
102
108
106
108
121
104
106
103
104
122
123
124
107
108
106
133
106
134
103
104
106
110
106
106
106
106
134
106
135
134
106
104
106
106
135
106
121
104
104
106
106
106
106
106
104
101
117
103
107
103
106
107
106
106
101
117
102
106
103
104
130
113
103
104
104
104
106
107
110
106
130
113
103
128
115
105
110
101
102
102
108
115
106
106
8
103
104
107
106
106
118
122
123
124
107
108
104
104
106
108
115
115
106
108
115
122
125
124
104
107
108
115
110
106
106
106
103
104
107
106
106
106
103
104
107
108
106
108
106
108
106
103
104
104
104
107
122
125
124
104
104
107
122
125
124
104
107
108
115
110
106
106
106
103
104
107
106
106
106
106
106
104
119
120
106
101
2
108
104
104
6
6
5
101
102
108
115
108
106
122
123
124
107
108
104
108
115
122
123
124
106
107
106
106
122
123
124
107
122
123
124
107
8
6
108
115
108
115
108
115
106
104
106
106
104
106
103
104
107
122
123
124
106
107
106
106
105
101
102
108
115
106
109
106
122
123
124
107
122
123
124
107
103
106
107
128
115
104
104
104
106
103
106
128
115
104
104
104
6
108
106
127
106
107
108
106
103
104
104
106
104
104
106
107
108
115
118
106
128
115
104
104
104
106
119
120
106
136
2
2
110
113
110
113
101
2
108
115
8
6
122
123
124
107
108
104
108
115
122
123
124
106
107
106
106
122
123
124
107
122
123
124
107
108
106
108
115
108
115
108
115
106
104
106
106
104
106
103
104
107
122
123
124
106
107
106
106
105
101
117
103
104
106
