101
102
103
104
105
105
106
103
104
107
108
109
110
108
109
105
111
107
103
109
105
103
103
106
103
106
3
103
109
105
112
103
107
108
108
108
106
113
109
114
106
103
107
108
109
114
106
103
104
115
116
117
103
118
103
108
108
108
108
111
103
116
117
107
108
109
111
103
116
117
107
108
108
108
104
109
103
101
102
105
112
105
112
101
102
119
119
103
103
104
101
102
119
103
104
105
103
103
103
105
103
103
103
105
103
103
103
103
101
19
120
103
101
19
19
111
5
3
3
116
117
14
14
101
102
103
104
105
105
106
103
104
107
108
109
110
108
109
105
111
107
3
109
5
3
3
106
3
107
109
106
3
3
109
105
112
3
107
108
108
108
106
113
109
14
106
3
107
108
109
14
106
103
104
115
116
117
103
118
103
108
108
108
108
111
103
116
117
107
108
109
111
103
116
117
107
108
108
108
104
109
103
101
119
119
119
105
112
120
105
103
107
108
109
103
107
108
109
113
109
103
101
119
107
108
109
121
112
107
109
103
103
112
104
108
108
3
101
102
105
103
103
105
112
105
112
101
102
119
119
103
103
103
104
101
102
119
103
104
105
103
103
103
103
103
103
101
102
19
2
22
22
119
102
101
119
119
119
105
112
106
105
103
107
108
109
103
107
108
109
105
113
107
108
109
103
103
109
103
101
119
103
103
106
103
106
103
106
3
105
103
105
103
103
103
103
101
102
103
103
105
112
103
105
103
103
103
103
103
103
105
103
105
103
103
105
112
3
103
103
101
119
119
119
103
107
108
3
108
3
3
109
106
107
109
103
107
103
109
107
3
109
105
103
104
103
114
107
103
109
106
103
103
105
103
103
107
108
109
103
101
102
14
3
3
3
3
3
101
119
107
108
109
121
112
107
109
103
103
112
104
108
108
3
123
119
119
119
119
105
112
103
106
104
112
104
103
103
112
104
103
103
112
101
19
106
101
102
105
103
103
103
103
105
112
103
5
3
105
103
103
103
105
103
103
101
19
19
105
112
5
3
5
124
125
106
125
106
125
106
107
3
109
105
112
3
109
105
112
3
5
3
3
3
3
106
125
115
14
101
102
101
102
19
1
19
19
3
