1,2
1,3
1,4
1,6
1,7
1,8
1,9
1,14
4,5
9,10
9,11
11,12
12,13
14,15
14,86
15,16
15,18
16,17
18,19
18,23
18,26
18,27
18,29
18,46
18,83
18,84
19,20
20,21
20,22
23,24
24,25
27,28
29,30
29,33
30,31
30,32
33,34
33,36
33,38
33,40
33,45
34,35
36,37
38,39
40,41
40,42
42,43
43,44
46,47
46,48
48,49
48,51
48,53
48,55
49,50
51,52
53,54
55,56
55,59
56,57
56,58
59,60
60,61
60,65
61,62
61,63
63,64
65,66
66,67
66,70
67,68
67,69
70,71
70,73
70,75
70,77
70,82
71,72
73,74
75,76
77,78
77,79
79,80
80,81
84,85
86,87
86,88
89,90
89,93
89,95
89,97
90,91
90,92
93,94
95,96
97,98
98,99
98,102
98,104
98,105
98,113
99,100
100,101
102,103
105,106
105,111
106,107
106,110
107,108
108,109
111,112
114,115
115,116
116,117
117,118
119,120
119,123
119,126
120,121
120,122
123,124
124,125
126,127
127,128
127,131
127,133
127,134
127,142
128,129
129,130
131,132
134,135
134,140
135,136
135,139
136,137
137,138
140,141
143,144
144,145
144,146
144,150
144,151
146,147
147,148
148,149
151,152
151,154
152,153
155,156
155,157
155,159
155,168
157,158
159,160
159,163
160,161
160,162
163,164
164,165
164,166
166,167
169,170
169,171
169,176
171,172
172,173
173,174
173,175
177,178
177,179
177,184
177,191
177,195
177,204
177,205
177,206
177,243
177,250
177,260
179,180
179,183
180,181
180,182
184,185
184,188
185,186
185,187
188,189
188,190
191,192
192,193
192,194
195,196
196,197
196,198
196,199
199,200
200,201
201,202
201,203
206,207
206,208
206,219
208,209
209,210
210,211
211,212
211,214
211,215
211,218
212,213
215,216
216,217
219,220
219,224
219,235
220,221
221,222
221,223
224,225
225,226
225,228
225,229
225,230
225,233
225,234
226,227
230,231
231,232
235,236
236,237
236,242
237,238
238,239
239,240
239,241
243,244
243,245
245,246
246,247
246,249
247,248
250,251
251,252
252,253
252,254
252,255
255,256
255,259
256,257
256,258
261,262
261,263
261,264
261,266
261,267
261,268
261,269
261,274
264,265
269,270
269,271
271,272
272,273
274,275
274,346
275,276
275,278
276,277
278,279
278,283
278,286
278,287
278,289
278,306
278,343
278,344
279,280
280,281
280,282
283,284
284,285
287,288
289,290
289,293
290,291
290,292
293,294
293,296
293,298
293,300
293,305
294,295
296,297
298,299
300,301
300,302
302,303
303,304
306,307
306,308
308,309
308,311
308,313
308,315
309,310
311,312
313,314
315,316
315,319
316,317
316,318
319,320
320,321
320,325
321,322
321,323
323,324
325,326
326,327
326,330
327,328
327,329
330,331
330,333
330,335
330,337
330,342
331,332
333,334
335,336
337,338
337,339
339,340
340,341
344,345
346,347
346,348
349,350
349,351
349,352
349,354
349,355
349,356
349,357
349,362
352,353
357,358
357,359
359,360
360,361
362,363
362,434
363,364
363,366
364,365
366,367
366,371
366,374
366,375
366,377
366,394
366,431
366,432
367,368
368,369
368,370
371,372
372,373
375,376
377,378
377,381
378,379
378,380
381,382
381,384
381,386
381,388
381,393
382,383
384,385
386,387
388,389
388,390
390,391
391,392
394,395
394,396
396,397
396,399
396,401
396,403
397,398
399,400
401,402
403,404
403,407
404,405
404,406
407,408
408,409
408,413
409,410
409,411
411,412
413,414
414,415
414,418
415,416
415,417
418,419
418,421
418,423
418,425
418,430
419,420
421,422
423,424
425,426
425,427
427,428
428,429
432,433
434,435
434,436
437,438
437,439
437,440
440,441
441,442
441,443
444,445
444,446
444,447
444,449
444,450
444,451
444,456
447,448
451,452
451,453
453,454
454,455
456,457
456,525
457,458
457,460
458,459
460,461
460,465
460,468
460,469
460,486
460,522
460,523
461,462
462,463
462,464
465,466
466,467
469,470
469,473
470,471
470,472
473,474
473,476
473,478
473,480
473,485
474,475
476,477
478,479
480,481
480,482
482,483
483,484
486,487
486,488
488,489
488,491
488,493
488,495
489,490
491,492
493,494
495,496
495,499
496,497
496,498
499,500
500,501
500,505
501,502
501,503
503,504
505,506
506,507
506,510
507,508
507,509
510,511
510,513
510,514
510,516
510,521
511,512
514,515
516,517
516,518
518,519
519,520
523,524
525,526
525,527
527,528
528,529
530,531
530,532
530,533
530,535
530,550
533,534
535,536
536,537
536,538
538,539
538,541
539,540
541,542
541,543
541,544
544,545
544,546
544,547
547,548
547,549
550,551
551,552
552,553
553,554
554,555
554,556
554,558
556,557
558,559
558,572
559,560
559,562
559,564
560,561
562,563
564,565
564,566
564,571
566,567
566,569
567,568
569,570
572,573
572,574
574,575
576,577
576,578
576,579
579,580
581,582
581,583
581,584
581,585
581,586
581,587
581,588
581,589
581,590
581,591
581,592
581,600
581,602
581,606
592,593
592,596
593,594
593,595
596,597
597,598
598,599
600,601
602,603
603,604
603,605
606,607
607,608
607,609
607,610
607,644
610,611
610,612
610,622
610,631
610,635
610,640
612,613
612,620
613,614
613,616
614,615
616,617
616,619
617,618
620,621
622,623
622,627
623,624
624,625
624,626
627,628
628,629
629,630
631,632
632,633
632,634
635,636
636,637
637,638
638,639
640,641
641,642
642,643
645,646
645,647
645,649
645,651
645,666
645,698
647,648
649,650
651,652
651,654
652,653
654,655
654,657
654,659
654,665
655,656
657,658
659,660
659,663
660,661
660,662
663,664
666,667
666,669
667,668
669,670
670,671
670,673
671,672
673,674
673,676
673,678
673,680
673,682
673,684
673,685
673,687
673,688
673,697
674,675
676,677
678,679
680,681
682,683
685,686
688,689
688,690
690,691
691,692
691,695
692,693
692,694
695,696
699,700
699,701
699,702
699,704
702,703
704,705
706,707
706,708
706,709
706,710
706,711
706,712
706,713
706,716
706,730
706,731
713,714
713,715
716,717
716,718
718,719
718,721
718,723
719,720
721,722
723,724
723,727
724,725
724,726
727,728
728,729
731,732
732,733
732,735
732,738
733,734
735,736
736,737
739,740
739,742
739,743
739,744
739,746
739,792
740,741
744,745
746,747
746,750
746,761
747,748
748,749
750,751
750,758
751,752
752,753
752,754
752,756
752,757
754,755
758,759
759,760
761,762
761,766
761,770
761,775
761,783
762,763
763,764
763,765
766,767
767,768
767,769
770,771
771,772
771,773
771,774
775,776
776,777
776,778
776,779
776,781
776,782
779,780
783,784
784,785
785,786
786,787
786,788
786,790
788,789
790,791
792,793
793,794
794,795
794,798
794,801
794,803
794,815
794,818
794,849
794,850
794,931
795,796
796,797
798,799
799,800
801,802
803,804
803,806
804,805
806,807
806,810
807,808
807,809
810,811
810,814
811,812
812,813
815,816
816,817
818,819
818,820
820,821
820,832
820,833
821,822
821,824
822,823
824,825
824,829
825,826
825,827
827,828
829,830
830,831
833,834
833,837
834,835
834,836
837,838
837,839
839,840
839,846
840,841
840,842
842,843
843,844
843,845
846,847
847,848
850,851
851,852
851,853
851,854
851,856
851,857
854,855
857,858
858,859
858,906
858,915
859,860
859,861
859,862
859,864
859,868
859,896
862,863
864,865
865,866
865,867
868,869
868,870
870,871
870,873
871,872
873,874
873,876
874,875
876,877
876,878
876,887
876,890
878,879
879,880
879,882
880,881
882,883
883,884
883,885
883,886
887,888
887,889
890,891
890,895
891,892
892,893
893,894
896,897
897,898
897,899
897,902
899,900
900,901
902,903
902,904
902,905
906,907
906,908
908,909
909,910
909,914
910,911
910,912
912,913
915,916
915,917
915,918
915,919
919,920
919,921
921,922
921,923
923,924
923,928
924,925
924,927
925,926
928,929
929,930
931,932
931,933
931,936
933,934
934,935
936,937
938,939
938,940
938,942
938,944
938,959
938,991
940,941
942,943
944,945
944,947
945,946
947,948
947,950
947,952
947,958
948,949
950,951
952,953
952,956
953,954
953,955
956,957
959,960
959,962
960,961
962,963
963,964
963,966
964,965
966,967
966,969
966,971
966,973
966,975
966,977
966,978
966,980
966,981
966,990
967,968
969,970
971,972
973,974
975,976
978,979
981,982
981,983
983,984
984,985
984,988
985,986
985,987
988,989
992,993
992,994
992,999
992,1006
992,1010
992,1019
992,1020
992,1021
992,1059
992,1067
992,1077
994,995
994,998
995,996
995,997
999,1000
999,1003
1000,1001
1000,1002
1003,1004
1003,1005
1006,1007
1007,1008
1007,1009
1010,1011
1011,1012
1011,1013
1011,1014
1014,1015
1015,1016
1016,1017
1016,1018
1021,1022
1021,1023
1021,1034
1023,1024
1024,1025
1025,1026
1026,1027
1026,1029
1026,1030
1026,1033
1027,1028
1030,1031
1031,1032
1034,1035
1034,1039
1034,1050
1035,1036
1036,1037
1036,1038
1039,1040
1040,1041
1040,1043
1040,1044
1040,1045
1040,1048
1040,1049
1041,1042
1045,1046
1046,1047
1050,1051
1051,1052
1051,1058
1052,1053
1052,1054
1054,1055
1055,1056
1055,1057
1059,1060
1059,1061
1061,1062
1062,1063
1062,1066
1063,1064
1063,1065
1067,1068
1068,1069
1069,1070
1069,1071
1069,1072
1072,1073
1072,1076
1073,1074
1073,1075
1078,1079
1078,1080
1078,1082
1078,1084
1078,1086
1078,1087
1078,1090
1078,1091
1078,1143
1078,1194
1080,1081
1082,1083
1084,1085
1087,1088
1088,1089
1091,1092
1091,1094
1092,1093
1094,1095
1094,1097
1094,1098
1095,1096
1098,1099
1098,1102
1099,1100
1099,1101
1102,1103
1102,1105
1102,1107
1102,1109
1102,1111
1102,1113
1102,1119
1102,1131
1103,1104
1105,1106
1107,1108
1109,1110
1111,1112
1113,1114
1113,1116
1114,1115
1116,1117
1117,1118
1119,1120
1119,1121
1121,1122
1121,1126
1122,1123
1123,1124
1123,1125
1126,1127
1126,1129
1127,1128
1129,1130
1131,1132
1131,1133
1133,1134
1133,1138
1134,1135
1135,1136
1135,1137
1138,1139
1138,1141
1139,1140
1141,1142
1143,1144
1143,1146
1144,1145
1146,1147
1146,1149
1146,1150
1147,1148
1150,1151
1150,1152
1152,1153
1153,1154
1153,1157
1154,1155
1154,1156
1157,1158
1157,1160
1157,1162
1157,1164
1157,1166
1157,1168
1157,1170
1157,1182
1158,1159
1160,1161
1162,1163
1164,1165
1166,1167
1168,1169
1170,1171
1170,1172
1172,1173
1172,1177
1173,1174
1174,1175
1174,1176
1177,1178
1177,1180
1178,1179
1180,1181
1182,1183
1182,1184
1184,1185
1184,1189
1185,1186
1186,1187
1186,1188
1189,1190
1189,1192
1190,1191
1192,1193
1195,1196
1195,1197
1195,1199
1195,1202
1197,1198
1199,1200
1200,1201
1202,1203
1202,1205
1203,1204
1205,1206
1206,1207
1206,1209
1207,1208
1209,1210
1209,1219
1209,1227
1209,1229
1210,1211
1210,1212
1212,1213
1213,1214
1214,1215
1215,1216
1215,1218
1216,1217
1219,1220
1219,1221
1221,1222
1222,1223
1223,1224
1223,1226
1224,1225
1227,1228
1229,1230
1229,1231
1231,1232
1231,1234
1232,1233
1234,1235
1234,1241
1235,1236
1235,1239
1236,1237
1236,1238
1239,1240
1241,1242
1241,1244
1242,1243
1244,1245
1244,1246
1244,1252
1246,1247
1247,1248
1248,1249
1249,1250
1250,1251
1252,1253
1252,1254
1255,1256
1255,1262
1255,1265
1256,1257
1256,1261
1257,1258
1257,1259
1259,1260
1262,1263
1263,1264
1265,1266
1265,1288
1266,1267
1267,1268
1267,1269
1267,1270
1270,1271
1270,1275
1270,1278
1271,1272
1271,1273
1273,1274
1275,1276
1275,1277
1278,1279
1278,1285
1279,1280
1279,1284
1280,1281
1280,1282
1282,1283
1285,1286
1286,1287
1289,1290
1289,1291
1289,1292
1289,1293
1289,1295
1289,1353
1293,1294
1295,1296
1295,1298
1295,1322
1296,1297
1298,1299
1298,1301
1299,1300
1301,1302
1301,1305
1301,1321
1302,1303
1302,1304
1305,1306
1306,1307
1306,1308
1306,1311
1308,1309
1309,1310
1311,1312
1312,1313
1312,1315
1313,1314
1315,1316
1315,1317
1317,1318
1318,1319
1318,1320
1322,1323
1322,1328
1322,1330
1323,1324
1323,1326
1324,1325
1326,1327
1328,1329
1330,1331
1330,1334
1330,1350
1331,1332
1332,1333
1334,1335
1335,1336
1335,1337
1337,1338
1337,1343
1337,1349
1338,1339
1339,1340
1340,1341
1341,1342
1343,1344
1343,1347
1344,1345
1345,1346
1347,1348
1350,1351
1351,1352
1354,1355
1354,1356
1354,1357
1354,1359
1354,1360
1354,1361
1354,1362
1354,1367
1357,1358
1362,1363
1362,1364
1364,1365
1365,1366
1367,1368
1367,1439
1368,1369
1368,1371
1369,1370
1371,1372
1371,1376
1371,1379
1371,1380
1371,1382
1371,1399
1371,1436
1371,1437
1372,1373
1373,1374
1373,1375
1376,1377
1377,1378
1380,1381
1382,1383
1382,1386
1383,1384
1383,1385
1386,1387
1386,1389
1386,1391
1386,1393
1386,1398
1387,1388
1389,1390
1391,1392
1393,1394
1393,1395
1395,1396
1396,1397
1399,1400
1399,1401
1401,1402
1401,1404
1401,1406
1401,1408
1402,1403
1404,1405
1406,1407
1408,1409
1408,1412
1409,1410
1409,1411
1412,1413
1413,1414
1413,1418
1414,1415
1414,1416
1416,1417
1418,1419
1419,1420
1419,1423
1420,1421
1420,1422
1423,1424
1423,1426
1423,1428
1423,1430
1423,1435
1424,1425
1426,1427
1428,1429
1430,1431
1430,1432
1432,1433
1433,1434
1437,1438
1439,1440
1439,1441
1442,1443
1442,1448
1442,1449
1443,1444
1444,1445
1444,1446
1444,1447
1449,1450
1450,1451
1450,1452
1450,1453
1450,1458
1453,1454
1454,1455
1454,1456
1454,1457
1459,1460
1459,1461
1461,1462
1461,1463
1464,1465
1465,1466
1466,1467
1466,1468
1466,1470
1466,1477
1466,1512
1468,1469
1470,1471
1471,1472
1471,1473
1471,1476
1473,1474
1474,1475
1477,1478
1477,1479
1477,1480
1477,1481
1477,1482
1477,1483
1477,1484
1484,1485
1484,1486
1484,1487
1487,1488
1487,1511
1488,1489
1489,1490
1489,1492
1490,1491
1492,1493
1492,1494
1492,1497
1492,1501
1492,1510
1494,1495
1495,1496
1497,1498
1498,1499
1498,1500
1501,1502
1501,1507
1502,1503
1502,1504
1504,1505
1505,1506
1507,1508
1508,1509
