101
102
102
103
104
105
105
103
106
107
108
105
105
109
110
111
112
108
103
107
107
105
103
104
104
105
103
104
110
113
112
107
108
103
104
114
5
5
5
106
107
108
105
105
105
106
107
108
103
105
103
105
103
105
106
107
107
107
108
110
113
112
107
107
108
110
113
112
107
108
103
104
114
105
105
105
106
107
108
105
105
105
105
105
107
115
116
105
101
106
107
117
3
5
3
5
105
118
103
104
105
103
104
103
119
107
107
114
105
105
108
105
117
101
17
5
5
5
101
106
107
117
3
5
5
105
118
103
104
105
103
104
103
119
107
107
114
105
105
108
105
117
101
105
105
105
118
107
105
105
105
118
5
5
101
3
103
120
110
113
112
107
108
114
21
104
21
17
101
2
103
107
107
5
5
17
101
102
106
107
107
107
117
106
107
107
105
108
105
117
103
105
105
105
103
105
105
105
105
118
107
107
105
103
103
106
107
108
114
114
105
105
105
105
105
105
105
105
108
103
105
105
105
114
105
105
105
105
105
105
105
105
105
105
114
105
118
5
5
5
5
5
106
5
114
105
118
5
5
105
122
118
123
123
106
107
107
105
105
114
101
102
102
103
104
105
105
103
106
107
108
105
105
109
110
111
112
108
103
107
107
105
103
104
104
105
103
104
110
113
112
107
108
103
104
114
105
105
105
106
107
108
105
105
105
106
107
108
103
105
103
105
103
105
106
107
107
107
108
110
113
112
107
107
108
110
113
112
107
108
103
104
114
5
5
5
106
107
108
105
105
105
105
105
107
115
116
105
101
102
102
103
104
105
105
3
106
107
108
105
105
109
110
111
112
108
103
107
107
105
103
104
104
105
103
104
110
113
112
107
108
103
104
114
105
105
105
106
107
108
105
105
105
106
107
108
103
105
103
105
103
105
106
107
107
107
108
110
113
112
107
107
108
110
113
112
107
108
103
104
114
105
105
105
106
107
108
105
105
105
105
105
107
115
116
105
101
124
102
117
125
5
5
101
102
102
103
104
105
105
106
107
108
105
105
109
110
111
112
108
103
107
107
5
103
104
104
105
110
113
112
107
108
103
104
105
105
105
105
106
107
108
105
105
105
106
107
108
103
105
103
105
103
105
106
107
107
107
108
110
113
112
107
107
108
110
113
112
107
108
103
104
105
105
105
106
107
108
105
105
105
105
105
107
115
116
126
104
105
101
102
102
103
104
103
104
105
118
103
105
106
107
105
106
107
105
106
105
105
105
118
105
104
101
127
103
122
109
106
107
5
105
128
108
105
106
107
5
108
5
105
115
116
105
105
101
127
114
117
128
101
124
124
102
102
102
102
102
102
102
102
106
107
107
105
108
117
105
104
103
105
103
125
107
105
117
105
105
129
118
103
106
107
107
107
107
114
105
105
117
105
106
107
107
107
105
108
117
105
125
103
125
107
107
103
107
107
105
107
117
105
118
5
5
101
2
103
104
3
5
110
111
112
108
103
107
103
104
110
111
112
105
108
105
105
110
111
112
108
110
111
112
108
103
105
103
104
103
104
103
104
105
107
105
105
107
105
106
107
108
110
111
112
105
108
105
105
117
130
2
2
114
128
114
128
101
124
124
102
102
102
102
106
107
114
106
107
108
103
105
103
105
106
107
107
105
108
114
105
103
117
125
107
105
105
118
5
105
101
103
105
103
103
103
107
106
107
107
105
108
103
105
105
105
118
105
105
114
105
131
108
103
105
105
105
103
105
105
107
103
105
105
105
105
103
105
105
105
105
118
105
105
114
105
118
105
5
105
131
5
5
117
105
118
106
126
104
103
125
104
103
105
106
107
105
110
111
112
105
108
106
105
105
105
103
105
105
106
105
108
106
107
105
110
111
112
105
105
108
105
105
103
110
111
112
105
106
105
108
106
107
114
105
105
105
105
105
105
105
103
105
105
105
105
107
105
105
104
101
127
102
103
105
103
125
107
105
106
107
110
111
112
108
103
105
132
105
133
106
107
105
114
105
105
105
105
133
105
134
133
105
107
105
105
134
105
125
107
107
105
105
105
105
105
107
101
127
106
108
106
105
108
105
105
101
127
102
105
106
107
135
128
106
107
107
107
105
108
114
105
135
128
106
126
104
117
114
101
102
103
104
103
105
110
111
112
108
103
107
103
104
110
111
112
105
108
105
105
110
111
112
108
110
111
112
108
3
5
103
104
103
104
103
104
105
107
105
105
107
105
106
107
108
110
111
112
105
108
105
105
117
101
102
106
107
107
107
117
106
107
107
105
108
105
117
103
105
105
105
103
105
105
105
105
118
107
107
105
3
103
106
107
108
114
114
105
105
105
105
105
105
105
105
108
103
105
105
105
114
105
105
105
105
105
105
105
105
105
105
114
105
118
122
105
105
105
105
105
106
105
114
105
118
122
105
105
105
122
118
123
123
106
107
107
105
105
114
101
102
103
104
103
105
103
104
105
103
104
105
105
110
111
112
108
103
104
105
110
111
112
105
108
103
105
103
105
103
105
103
105
103
105
106
107
105
108
105
104
106
107
108
103
104
105
105
106
107
105
108
105
106
107
108
103
104
105
105
106
107
105
108
105
110
111
112
108
103
104
105
106
107
108
110
111
112
105
108
103
105
103
105
103
105
103
105
103
105
105
104
106
107
108
103
104
105
105
106
107
105
108
105
106
107
108
103
104
105
105
106
107
105
108
105
117
101
102
103
104
105
118
105
110
111
112
108
110
111
112
108
106
105
108
126
104
107
107
107
105
106
105
126
104
107
107
107
5
103
105
119
105
108
103
105
106
107
107
105
107
107
105
108
103
104
109
105
126
104
107
107
107
105
115
116
105
101
106
107
107
107
105
117
103
128
105
105
122
118
123
123
106
107
107
107
105
108
114
114
108
106
107
107
107
105
117
105
131
128
5
101
127
102
102
103
105
106
107
107
108
103
105
106
107
107
105
108
135
128
103
105
128
106
108
103
105
106
107
105
105
105
105
105
108
103
107
128
107
128
114
128
106
107
105
128
108
106
105
108
106
108
105
118
105
106
107
107
105
108
105
117
108
105
107
117
101
102
102
103
104
105
105
103
106
107
108
105
105
109
110
111
112
108
103
107
107
105
103
104
104
105
103
104
110
113
112
107
108
103
104
114
105
105
105
106
107
108
105
105
105
106
107
108
103
105
103
105
103
105
106
107
107
107
108
110
113
112
107
107
108
110
113
112
107
108
103
104
114
105
105
105
106
107
108
105
105
105
105
105
107
115
116
5
101
103
105
105
105
105
103
117
105
105
129
118
125
105
105
105
5
101
127
106
107
105
101
117
104
136
136
105
136
105
5
118
114
5
5
101
127
102
102
102
102
103
106
107
105
105
118
109
105
105
115
116
103
105
105
103
125
107
105
106
107
107
107
107
105
108
114
105
105
105
101
