1,2
1,3
1,4
1,5
1,7
1,9
1,11
1,12
1,15
1,20
1,22
5,6
7,8
9,10
12,13
13,14
15,16
16,17
17,18
17,19
20,21
22,23
23,24
25,26
25,27
25,31
25,33
25,35
25,37
25,39
25,40
25,41
25,42
25,43
27,28
27,29
29,30
31,32
33,34
35,36
37,38
44,45
44,46
44,47
44,52
44,53
44,71
44,73
44,77
44,87
47,48
47,49
49,50
50,51
53,54
53,56
54,55
56,57
56,59
56,61
56,63
56,69
57,58
59,60
61,62
63,64
63,65
65,66
65,67
67,68
69,70
71,72
73,74
74,75
75,76
77,78
77,83
78,79
78,82
79,80
79,81
83,84
84,85
85,86
87,88
87,89
87,96
87,99
89,90
90,91
91,92
91,93
91,94
94,95
96,97
97,98
99,100
100,101
102,103
102,104
102,107
102,110
102,113
102,116
102,120
102,122
102,125
102,126
102,129
102,140
104,105
105,106
107,108
107,109
110,111
110,112
113,114
114,115
116,117
116,119
117,118
120,121
122,123
122,124
126,127
126,128
129,130
130,131
130,132
132,133
133,134
134,135
135,136
136,137
137,138
138,139
140,141
141,142
141,143
143,144
145,146
145,147
145,149
145,151
145,171
145,173
145,175
145,181
145,183
147,148
149,150
151,152
151,154
152,153
154,155
155,156
155,158
156,157
158,159
158,161
159,160
161,162
161,163
161,164
161,167
164,165
165,166
167,168
168,169
168,170
171,172
173,174
175,176
175,179
176,177
176,178
179,180
181,182
184,185
184,186
184,189
184,196
184,215
184,218
184,224
184,231
184,244
184,247
184,249
184,250
184,253
184,256
184,262
184,265
184,267
184,268
184,269
184,270
184,277
184,287
184,294
184,301
184,303
184,313
184,314
184,315
184,322
186,187
187,188
189,190
190,191
190,194
190,195
191,192
192,193
196,197
196,200
196,203
196,206
196,209
196,212
197,198
198,199
200,201
201,202
203,204
204,205
206,207
207,208
209,210
210,211
212,213
213,214
215,216
216,217
218,219
219,220
220,221
220,223
221,222
224,225
225,226
225,229
225,230
226,227
227,228
231,232
231,235
231,238
231,241
232,233
233,234
235,236
236,237
238,239
239,240
241,242
242,243
244,245
245,246
247,248
250,251
251,252
253,254
254,255
256,257
257,258
258,259
258,261
259,260
262,263
263,264
265,266
270,271
271,272
271,275
271,276
272,273
273,274
277,278
277,281
277,284
278,279
279,280
281,282
282,283
284,285
285,286
287,288
288,289
288,292
288,293
289,290
290,291
294,295
294,298
295,296
296,297
298,299
299,300
301,302
303,304
303,307
303,310
304,305
305,306
307,308
308,309
310,311
311,312
315,316
316,317
316,320
316,321
317,318
318,319
322,323
322,326
322,329
323,324
324,325
326,327
327,328
329,330
330,331
331,332
333,334
333,335
333,336
333,337
333,339
333,341
333,343
333,345
333,359
333,362
333,371
337,338
339,340
341,342
343,344
345,346
345,348
346,347
348,349
348,351
349,350
351,352
351,356
352,353
352,354
354,355
356,357
357,358
359,360
360,361
362,363
362,365
363,364
365,366
365,369
366,367
367,368
369,370
372,373
374,375
374,376
374,377
374,379
374,383
374,386
374,389
374,393
374,406
377,378
379,380
380,381
380,382
383,384
384,385
386,387
387,388
389,390
390,391
391,392
393,394
393,398
394,395
394,396
396,397
398,399
398,401
399,400
401,402
401,403
403,404
404,405
406,407
407,408
408,409
409,410
411,412
411,413
411,414
411,415
411,417
411,422
411,423
411,425
411,426
411,427
411,429
415,416
417,418
417,419
419,420
420,421
423,424
427,428
429,430
430,431
432,433
432,434
432,438
432,441
432,445
432,448
432,449
434,435
435,436
436,437
438,439
439,440
441,442
441,444
442,443
445,446
445,447
449,450
449,451
452,453
452,454
452,455
452,458
452,460
455,456
455,457
458,459
460,461
460,462
463,464
463,468
463,471
464,465
465,466
465,467
468,469
469,470
471,472
473,474
475,476
475,477
475,478
478,479
479,480
479,482
479,486
479,489
479,497
480,481
482,483
483,484
484,485
486,487
487,488
489,490
489,492
490,491
492,493
492,496
493,494
494,495
497,498
497,499
499,500
499,501
502,503
503,504
504,505
506,507
506,508
506,510
506,520
506,532
508,509
510,511
510,513
510,517
511,512
513,514
514,515
515,516
517,518
518,519
520,521
520,522
522,523
522,525
522,529
523,524
525,526
526,527
527,528
529,530
529,531
532,533
534,535
534,537
535,536
537,538
539,540
539,541
539,542
539,543
539,545
543,544
545,546
545,547
547,548
547,549
547,551
547,552
547,553
549,550
553,554
554,555
556,557
556,558
556,566
556,568
556,580
558,559
559,560
559,561
559,563
559,565
561,562
563,564
566,567
568,569
568,570
570,571
571,572
571,575
572,573
573,574
575,576
576,577
577,578
577,579
581,582
581,583
581,584
584,585
586,587
587,588
587,591
588,589
588,590
591,592
592,593
592,597
592,605
592,609
592,654
593,594
594,595
595,596
597,598
597,600
598,599
600,601
601,602
602,603
603,604
605,606
606,607
607,608
609,610
609,612
610,611
612,613
612,617
612,618
612,626
612,630
613,614
614,615
615,616
618,619
619,620
619,623
619,625
620,621
620,622
623,624
626,627
627,628
628,629
630,631
630,641
630,653
631,632
631,636
632,633
633,634
633,635
636,637
637,638
638,639
638,640
641,642
642,643
643,644
643,650
644,645
645,646
646,647
647,648
648,649
650,651
650,652
654,655
654,656
656,657
657,658
657,660
658,659
661,662
661,663
661,664
661,665
661,666
661,667
661,668
669,670
669,673
670,671
671,672
673,674
673,677
673,680
673,682
673,687
674,675
675,676
677,678
678,679
680,681
682,683
682,684
684,685
685,686
687,688
687,689
687,691
687,694
687,704
689,690
691,692
692,693
694,695
694,699
695,696
695,697
697,698
699,700
700,701
701,702
702,703
705,706
705,707
705,708
705,709
705,710
705,726
710,711
710,712
710,713
710,714
710,716
710,717
710,721
714,715
717,718
717,719
719,720
721,722
721,723
723,724
724,725
727,728
727,729
727,730
727,732
730,731
732,733
732,737
733,734
733,735
735,736
737,738
737,740
738,739
740,741
740,742
743,744
743,745
743,746
743,747
743,763
747,748
747,749
747,750
747,751
747,753
747,754
747,758
751,752
754,755
754,756
756,757
758,759
758,760
760,761
761,762
764,765
764,766
764,767
764,768
764,769
764,770
764,772
764,775
764,789
764,795
770,771
772,773
773,774
775,776
776,777
776,783
776,787
777,778
778,779
778,780
778,781
778,782
783,784
784,785
785,786
787,788
789,790
790,791
791,792
792,793
793,794
796,797
796,799
796,800
796,801
796,802
796,803
796,805
796,807
796,826
796,832
796,838
796,918
796,923
796,925
796,927
796,929
796,931
796,933
796,935
796,937
796,939
796,941
796,947
796,951
796,957
796,961
796,963
796,965
796,967
796,970
796,973
796,977
796,981
796,983
796,985
796,989
796,994
796,997
796,1001
796,1005
796,1010
797,798
803,804
805,806
807,808
807,811
808,809
808,810
811,812
812,813
812,817
812,819
813,814
813,816
814,815
817,818
819,820
819,824
820,821
820,823
821,822
824,825
826,827
826,828
828,829
829,830
830,831
832,833
832,834
834,835
835,836
836,837
838,839
838,842
839,840
839,841
842,843
843,844
843,847
844,845
844,846
847,848
847,850
847,852
847,854
847,859
847,861
847,867
847,871
847,879
847,887
847,913
848,849
850,851
852,853
854,855
855,856
856,857
857,858
859,860
861,862
862,863
862,866
863,864
863,865
867,868
867,869
869,870
871,872
871,877
872,873
872,874
874,875
874,876
877,878
879,880
879,885
880,881
880,882
882,883
882,884
885,886
887,888
887,909
887,911
888,889
888,902
889,890
889,895
890,891
890,892
892,893
892,894
895,896
895,897
897,898
897,899
899,900
899,901
902,903
902,904
904,905
904,906
906,907
906,908
909,910
911,912
913,914
913,915
915,916
915,917
918,919
919,920
920,921
921,922
923,924
925,926
927,928
929,930
931,932
933,934
935,936
937,938
939,940
941,942
942,943
943,944
944,945
945,946
947,948
948,949
949,950
951,952
952,953
953,954
954,955
955,956
957,958
958,959
959,960
961,962
963,964
965,966
967,968
968,969
970,971
971,972
973,974
974,975
975,976
977,978
978,979
979,980
981,982
983,984
985,986
986,987
987,988
989,990
990,991
991,992
991,993
994,995
995,996
997,998
998,999
999,1000
1001,1002
1002,1003
1003,1004
1005,1006
1006,1007
1007,1008
1008,1009
1010,1011
1011,1012
1013,1014
1013,1015
1013,1017
1013,1031
1015,1016
1017,1018
1017,1021
1018,1019
1018,1020
1021,1022
1022,1023
1022,1025
1023,1024
1025,1026
1026,1027
1027,1028
1028,1029
1029,1030
1032,1033
1032,1034
1032,1036
1034,1035
1036,1037
1037,1038
1039,1040
1039,1041
1039,1042
1039,1043
1039,1044
1039,1045
1039,1046
1039,1047
1039,1048
1049,1050
1049,1051
1049,1054
1049,1061
1049,1080
1049,1083
1049,1089
1049,1096
1049,1109
1049,1112
1049,1114
1049,1115
1049,1118
1049,1121
1049,1127
1049,1130
1049,1132
1049,1133
1049,1134
1049,1135
1049,1142
1049,1152
1049,1159
1049,1166
1049,1168
1049,1178
1049,1179
1049,1180
1049,1187
1051,1052
1052,1053
1054,1055
1055,1056
1055,1059
1055,1060
1056,1057
1057,1058
1061,1062
1061,1065
1061,1068
1061,1071
1061,1074
1061,1077
1062,1063
1063,1064
1065,1066
1066,1067
1068,1069
1069,1070
1071,1072
1072,1073
1074,1075
1075,1076
1077,1078
1078,1079
1080,1081
1081,1082
1083,1084
1084,1085
1085,1086
1085,1088
1086,1087
1089,1090
1090,1091
1090,1094
1090,1095
1091,1092
1092,1093
1096,1097
1096,1100
1096,1103
1096,1106
1097,1098
1098,1099
1100,1101
1101,1102
1103,1104
1104,1105
1106,1107
1107,1108
1109,1110
1110,1111
1112,1113
1115,1116
1116,1117
1118,1119
1119,1120
1121,1122
1122,1123
1123,1124
1123,1126
1124,1125
1127,1128
1128,1129
1130,1131
1135,1136
1136,1137
1136,1140
1136,1141
1137,1138
1138,1139
1142,1143
1142,1146
1142,1149
1143,1144
1144,1145
1146,1147
1147,1148
1149,1150
1150,1151
1152,1153
1153,1154
1153,1157
1153,1158
1154,1155
1155,1156
1159,1160
1159,1163
1160,1161
1161,1162
1163,1164
1164,1165
1166,1167
1168,1169
1168,1172
1168,1175
1169,1170
1170,1171
1172,1173
1173,1174
1175,1176
1176,1177
1180,1181
1181,1182
1181,1185
1181,1186
1182,1183
1183,1184
1187,1188
1187,1191
1187,1194
1188,1189
1189,1190
1191,1192
1192,1193
1194,1195
1195,1196
1196,1197
1198,1199
1198,1200
1198,1201
1198,1203
1201,1202
1203,1204
1203,1206
1204,1205
1206,1207
1206,1209
1206,1210
1206,1213
1207,1208
1210,1211
1211,1212
1214,1215
1214,1216
1214,1217
1214,1218
1214,1219
1214,1226
1214,1231
1214,1236
1214,1241
1214,1245
1214,1247
1214,1248
1214,1252
1214,1254
1214,1256
1214,1262
1214,1268
1214,1276
1214,1283
1214,1284
1214,1287
1214,1291
1214,1292
1214,1294
1214,1296
1214,1302
1214,1308
1214,1316
1219,1220
1219,1223
1220,1221
1220,1222
1223,1224
1224,1225
1226,1227
1226,1228
1228,1229
1229,1230
1231,1232
1231,1233
1233,1234
1234,1235
1236,1237
1237,1238
1237,1239
1237,1240
1241,1242
1241,1243
1243,1244
1245,1246
1248,1249
1249,1250
1250,1251
1252,1253
1254,1255
1256,1257
1257,1258
1257,1261
1258,1259
1258,1260
1262,1263
1262,1265
1263,1264
1265,1266
1266,1267
1268,1269
1268,1271
1269,1270
1271,1272
1272,1273
1273,1274
1274,1275
1276,1277
1277,1278
1277,1279
1279,1280
1280,1281
1280,1282
1284,1285
1285,1286
1287,1288
1288,1289
1289,1290
1292,1293
1294,1295
1296,1297
1297,1298
1297,1301
1298,1299
1298,1300
1302,1303
1302,1305
1303,1304
1305,1306
1306,1307
1308,1309
1308,1311
1309,1310
1311,1312
1312,1313
1313,1314
1314,1315
1316,1317
1317,1318
1317,1319
1320,1321
1320,1322
1320,1323
1320,1324
1320,1325
1320,1327
1320,1330
1320,1332
1320,1333
1320,1337
1320,1352
1320,1353
1325,1326
1327,1328
1328,1329
1330,1331
1333,1334
1334,1335
1335,1336
1337,1338
1337,1342
1337,1346
1337,1350
1338,1339
1338,1341
1339,1340
1342,1343
1342,1345
1343,1344
1346,1347
1346,1349
1347,1348
1350,1351
1354,1355
1354,1356
1354,1357
1354,1359
1354,1366
1354,1371
1354,1377
1354,1380
1354,1382
1354,1383
1354,1386
1357,1358
1359,1360
1359,1361
1361,1362
1361,1365
1362,1363
1362,1364
1366,1367
1366,1368
1368,1369
1368,1370
1371,1372
1372,1373
1373,1374
1374,1375
1375,1376
1377,1378
1378,1379
1380,1381
1383,1384
1384,1385
1386,1387
1386,1391
1386,1402
1386,1413
1387,1388
1388,1389
1388,1390
1391,1392
1391,1395
1392,1393
1392,1394
1395,1396
1395,1398
1395,1401
1396,1397
1398,1399
1399,1400
1402,1403
1402,1405
1402,1411
1403,1404
1405,1406
1405,1407
1405,1410
1407,1408
1408,1409
1411,1412
1413,1414
1413,1415
1416,1417
1418,1419
1418,1420
1418,1421
1418,1423
1418,1425
1418,1427
1418,1429
1418,1430
1418,1434
1421,1422
1423,1424
1425,1426
1427,1428
1430,1431
1430,1432
1432,1433
1434,1435
1436,1437
1436,1438
1436,1439
1436,1440
1436,1441
1436,1448
1436,1453
1436,1458
1436,1463
1436,1467
1436,1469
1436,1470
1436,1474
1436,1476
1436,1478
1436,1484
1436,1490
1436,1498
1436,1505
1436,1506
1436,1509
1436,1513
1436,1514
1436,1516
1436,1518
1436,1524
1436,1530
1436,1538
1441,1442
1441,1445
1442,1443
1442,1444
1445,1446
1446,1447
1448,1449
1448,1450
1450,1451
1451,1452
1453,1454
1453,1455
1455,1456
1456,1457
1458,1459
1459,1460
1459,1461
1459,1462
1463,1464
1463,1465
1465,1466
1467,1468
1470,1471
1471,1472
1472,1473
1474,1475
1476,1477
1478,1479
1479,1480
1479,1483
1480,1481
1480,1482
1484,1485
1484,1487
1485,1486
1487,1488
1488,1489
1490,1491
1490,1493
1491,1492
1493,1494
1494,1495
1495,1496
1496,1497
1498,1499
1499,1500
1499,1501
1501,1502
1502,1503
1502,1504
1506,1507
1507,1508
1509,1510
1510,1511
1511,1512
1514,1515
1516,1517
1518,1519
1519,1520
1519,1523
1520,1521
1520,1522
1524,1525
1524,1527
1525,1526
1527,1528
1528,1529
1530,1531
1530,1533
1531,1532
1533,1534
1534,1535
1535,1536
1536,1537
1538,1539
1539,1540
1539,1541
1542,1543
1542,1544
1542,1545
1542,1554
1542,1563
1542,1566
1542,1567
1542,1569
1542,1571
1542,1573
1545,1546
1545,1549
1546,1547
1546,1548
1549,1550
1549,1553
1550,1551
1551,1552
1554,1555
1554,1556
1556,1557
1557,1558
1557,1559
1559,1560
1560,1561
1561,1562
1563,1564
1564,1565
1567,1568
1569,1570
1571,1572
1574,1575
1574,1576
1574,1577
1574,1581
1574,1585
1574,1587
1574,1588
1574,1593
1574,1597
1574,1599
1574,1601
1574,1603
1574,1609
1574,1615
1574,1623
1577,1578
1578,1579
1578,1580
1581,1582
1581,1583
1583,1584
1585,1586
1588,1589
1589,1590
1589,1592
1590,1591
1593,1594
1594,1595
1595,1596
1597,1598
1599,1600
1601,1602
1603,1604
1604,1605
1604,1608
1605,1606
1605,1607
1609,1610
1609,1612
1610,1611
1612,1613
1613,1614
1615,1616
1615,1618
1616,1617
1618,1619
1619,1620
1620,1621
1621,1622
1623,1624
1624,1625
1624,1626
1627,1628
1627,1629
1627,1630
1627,1634
1627,1637
1627,1644
1627,1649
1630,1631
1631,1632
1632,1633
1634,1635
1635,1636
1637,1638
1638,1639
1638,1640
1638,1642
1640,1641
1642,1643
1644,1645
1644,1646
1646,1647
1647,1648
1650,1651
1650,1652
1650,1656
1652,1653
1653,1654
1654,1655
1656,1657
1657,1658
1657,1659
1660,1661
1660,1663
1660,1665
1660,1667
1660,1677
1661,1662
1663,1664
1665,1666
1667,1668
1668,1669
1669,1670
1670,1671
1670,1674
1671,1672
1671,1673
1674,1675
1674,1676
1678,1679
1678,1680
1678,1681
1678,1682
1678,1684
1678,1690
1678,1693
1678,1719
1678,1726
1682,1683
1684,1685
1685,1686
1685,1688
1685,1689
1686,1687
1690,1691
1691,1692
1693,1694
1693,1697
1694,1695
1694,1696
1697,1698
1698,1699
1698,1702
1699,1700
1699,1701
1702,1703
1702,1704
1704,1705
1704,1708
1704,1713
1705,1706
1705,1707
1708,1709
1709,1710
1710,1711
1711,1712
1713,1714
1713,1717
1714,1715
1714,1716
1717,1718
1719,1720
1719,1722
1720,1721
1722,1723
1723,1724
1724,1725
1726,1727
1726,1729
1727,1728
1729,1730
1730,1731
1731,1732
1732,1733
1732,1735
1733,1734
1736,1737
1736,1738
1736,1739
1736,1741
1736,1743
1736,1745
1736,1747
1736,1748
1736,1752
1736,1754
1739,1740
1741,1742
1743,1744
1745,1746
1748,1749
1748,1750
1750,1751
1752,1753
1754,1755
1756,1757
1756,1758
1756,1761
1756,1763
1756,1766
1756,1768
1756,1771
1756,1772
1756,1775
1756,1776
1756,1779
1756,1788
1756,1791
1756,1798
1756,1801
1756,1804
1756,1805
1756,1808
1756,1809
1756,1831
1756,1834
1758,1759
1759,1760
1761,1762
1763,1764
1764,1765
1766,1767
1768,1769
1769,1770
1772,1773
1773,1774
1776,1777
1777,1778
1779,1780
1780,1781
1780,1784
1780,1785
1780,1786
1781,1782
1782,1783
1786,1787
1788,1789
1789,1790
1791,1792
1791,1795
1792,1793
1793,1794
1795,1796
1796,1797
1798,1799
1799,1800
1801,1802
1802,1803
1805,1806
1806,1807
1809,1810
1809,1813
1810,1811
1810,1812
1813,1814
1814,1815
1814,1820
1814,1825
1815,1816
1815,1818
1816,1817
1818,1819
1820,1821
1821,1822
1822,1823
1823,1824
1825,1826
1825,1830
1826,1827
1827,1828
1828,1829
1831,1832
1832,1833
1835,1836
1835,1837
1835,1841
1837,1838
1838,1839
1838,1840
1841,1842
1843,1844
1843,1845
1843,1846
1846,1847
1846,1849
1847,1848
1849,1850
1849,1852
1850,1851
1852,1853
1852,1854
1854,1855
1855,1856
1855,1857
1855,1859
1857,1858
1859,1860
1861,1862
1861,1863
1861,1864
1861,1866
1861,1877
1864,1865
1866,1867
1866,1868
1866,1869
1866,1875
1869,1870
1870,1871
1871,1872
1871,1874
1872,1873
1875,1876
1878,1879
1878,1880
1878,1882
1878,1884
1878,1886
1878,1887
1878,1888
1880,1881
1882,1883
1884,1885
1888,1889
1889,1890
1891,1892
1891,1894
1891,1895
1891,1896
1891,1897
1891,1899
1891,1902
1891,1905
1891,1908
1891,1911
1892,1893
1897,1898
1899,1900
1899,1901
1902,1903
1902,1904
1905,1906
1905,1907
1908,1909
1908,1910
1911,1912
1913,1914
1913,1915
1915,1916
1916,1917
1917,1918
1917,1919
1920,1921
1920,1922
1920,1923
1920,1924
1920,1926
1920,1927
1924,1925
1927,1928
1929,1930
1931,1932
1931,1933
1931,1935
1931,1937
1931,1939
1931,1940
1931,1941
1933,1934
1935,1936
1937,1938
1941,1942
1942,1943
1944,1945
1944,1946
1944,1947
1944,1948
1944,1950
1944,1956
1944,1958
1944,1965
1944,1967
1944,1970
1944,1971
1944,1972
1944,1984
1944,1997
1944,2004
1948,1949
1950,1951
1951,1952
1951,1954
1951,1955
1952,1953
1956,1957
1958,1959
1958,1960
1960,1961
1961,1962
1962,1963
1963,1964
1965,1966
1967,1968
1967,1969
1972,1973
1972,1974
1972,1977
1974,1975
1975,1976
1977,1978
1977,1981
1978,1979
1978,1980
1981,1982
1981,1983
1984,1985
1984,1988
1985,1986
1985,1987
1988,1989
1989,1990
1989,1993
1990,1991
1990,1992
1993,1994
1993,1995
1993,1996
1997,1998
1997,2000
1998,1999
2000,2001
2001,2002
2002,2003
2004,2005
2004,2007
2005,2006
2007,2008
2008,2009
2009,2010
2010,2011
2010,2013
2011,2012
2014,2015
2014,2017
2015,2016
2017,2018
2019,2020
2019,2021
2019,2022
2022,2023
2024,2025
2024,2026
2024,2027
2024,2029
2024,2032
2024,2033
2024,2035
2024,2037
2024,2039
2024,2040
2027,2028
2029,2030
2030,2031
2033,2034
2035,2036
2037,2038
2041,2042
2041,2043
2041,2046
2041,2049
2041,2051
2041,2053
2041,2065
2043,2044
2044,2045
2046,2047
2047,2048
2049,2050
2051,2052
2053,2054
2053,2055
2055,2056
2055,2058
2056,2057
2058,2059
2058,2064
2059,2060
2059,2062
2060,2061
2062,2063
2066,2067
2066,2068
2066,2069
2066,2071
2069,2070
2071,2072
2071,2073
2074,2075
2074,2077
2074,2078
2074,2082
2074,2085
2074,2087
2074,2091
2074,2092
2074,2095
2074,2099
2074,2102
2074,2105
2074,2108
2074,2110
2074,2112
2074,2115
2074,2118
2074,2121
2074,2124
2074,2127
2074,2130
2074,2132
2074,2145
2074,2146
2074,2149
2074,2155
2074,2158
2074,2159
2074,2161
2074,2167
2074,2170
2074,2175
2074,2178
2074,2181
2074,2184
2074,2186
2074,2199
2074,2200
2075,2076
2078,2079
2079,2080
2079,2081
2082,2083
2083,2084
2085,2086
2087,2088
2088,2089
2089,2090
2092,2093
2093,2094
2095,2096
2095,2097
2097,2098
2099,2100
2100,2101
2102,2103
2103,2104
2105,2106
2106,2107
2108,2109
2110,2111
2112,2113
2113,2114
2115,2116
2116,2117
2118,2119
2119,2120
2121,2122
2122,2123
2124,2125
2125,2126
2127,2128
2128,2129
2130,2131
2132,2133
2133,2134
2133,2135
2133,2136
2133,2138
2133,2139
2133,2140
2133,2141
2133,2142
2133,2143
2133,2144
2136,2137
2146,2147
2147,2148
2149,2150
2149,2151
2151,2152
2151,2154
2152,2153
2155,2156
2156,2157
2159,2160
2161,2162
2161,2163
2163,2164
2163,2166
2164,2165
2167,2168
2168,2169
2170,2171
2170,2173
2171,2172
2173,2174
2175,2176
2176,2177
2178,2179
2179,2180
2181,2182
2182,2183
2184,2185
2186,2187
2186,2189
2187,2188
2189,2190
2189,2193
2189,2195
2190,2191
2191,2192
2193,2194
2195,2196
2195,2197
2197,2198
2201,2202
2201,2203
2201,2204
2201,2205
2201,2206
2201,2208
2201,2210
2201,2211
2206,2207
2208,2209
2212,2213
2212,2214
2212,2218
2212,2221
2212,2224
2212,2228
2212,2231
2212,2235
2212,2237
2212,2240
2212,2241
2214,2215
2215,2216
2216,2217
2218,2219
2219,2220
2221,2222
2221,2223
2224,2225
2224,2227
2225,2226
2228,2229
2229,2230
2231,2232
2231,2234
2232,2233
2235,2236
2237,2238
2237,2239
2241,2242
2241,2243
2244,2245
2244,2246
2244,2247
2244,2249
2244,2251
2247,2248
2249,2250
2251,2252
2251,2253
2251,2260
2253,2254
2253,2258
2254,2255
2255,2256
2255,2257
2258,2259
2260,2261
2260,2264
2261,2262
2261,2263
2264,2265
2264,2270
2265,2266
2265,2267
2267,2268
2267,2269
2271,2272
2271,2273
2271,2274
2274,2275
2274,2277
2275,2276
2277,2278
2277,2280
2278,2279
2280,2281
2280,2282
2282,2283
2283,2284
2284,2285
2284,2286
2284,2287
2288,2289
2288,2290
2288,2292
2288,2310
2288,2330
2290,2291
2292,2293
2292,2295
2293,2294
2295,2296
2296,2297
2296,2300
2297,2298
2297,2299
2300,2301
2301,2302
2301,2303
2301,2308
2303,2304
2303,2307
2304,2305
2305,2306
2308,2309
2310,2311
2310,2317
2311,2312
2311,2314
2312,2313
2314,2315
2315,2316
2317,2318
2318,2319
2318,2322
2319,2320
2319,2321
2322,2323
2323,2324
2323,2325
2325,2326
2325,2329
2326,2327
2327,2328
2331,2332
2331,2333
2331,2338
2331,2340
2333,2334
2333,2335
2335,2336
2336,2337
2338,2339
2340,2341
2341,2342
2343,2344
2343,2345
2343,2346
2343,2351
2343,2357
2343,2360
2343,2362
2343,2363
2343,2366
2346,2347
2346,2348
2348,2349
2348,2350
2351,2352
2352,2353
2353,2354
2354,2355
2355,2356
2357,2358
2358,2359
2360,2361
2363,2364
2364,2365
2366,2367
2366,2368
2366,2375
2368,2369
2368,2370
2368,2374
2370,2371
2371,2372
2372,2373
2375,2376
2375,2377
2375,2384
2377,2378
2377,2379
2377,2383
2379,2380
2380,2381
2381,2382
2384,2385
2384,2386
2384,2389
2384,2391
2384,2397
2384,2398
2386,2387
2387,2388
2389,2390
2391,2392
2391,2394
2392,2393
2394,2395
2395,2396
2399,2400
2401,2402
2401,2403
2401,2404
2401,2405
2401,2406
2401,2408
2401,2410
2401,2411
2401,2413
2401,2422
2406,2407
2408,2409
2411,2412
2413,2414
2413,2415
2415,2416
2416,2417
2417,2418
2418,2419
2419,2420
2420,2421
2423,2424
2425,2426
2425,2427
2427,2428
2427,2430
2427,2433
2427,2435
2427,2437
2427,2442
2428,2429
2430,2431
2431,2432
2433,2434
2435,2436
2437,2438
2438,2439
2438,2440
2438,2441
2442,2443
2443,2444
2445,2446
2445,2447
2445,2448
2448,2449
2450,2451
2450,2452
2450,2453
2450,2454
2450,2455
2450,2456
2450,2457
2450,2458
2450,2459
2450,2461
2450,2464
2450,2465
2450,2466
2450,2470
2450,2481
2450,2482
2450,2483
2450,2484
2450,2489
2450,2491
2450,2494
2450,2501
2459,2460
2461,2462
2462,2463
2466,2467
2466,2468
2468,2469
2470,2471
2470,2472
2472,2473
2472,2475
2473,2474
2475,2476
2475,2478
2476,2477
2478,2479
2479,2480
2484,2485
2485,2486
2486,2487
2486,2488
2489,2490
2491,2492
2492,2493
2494,2495
2494,2499
2495,2496
2495,2497
2497,2498
2499,2500
2501,2502
2501,2506
2502,2503
2502,2504
2504,2505
2506,2507
2508,2509
2508,2510
2508,2511
2508,2515
2508,2517
2508,2519
2508,2520
2511,2512
2511,2513
2513,2514
2515,2516
2517,2518
2521,2522
2521,2523
2521,2524
2521,2525
2521,2526
2521,2527
2521,2528
2529,2530
2529,2531
2529,2532
2529,2534
2529,2536
2529,2538
2529,2540
2529,2541
2529,2545
2532,2533
2534,2535
2536,2537
2538,2539
2541,2542
2541,2543
2543,2544
2545,2546
2547,2548
2547,2549
2547,2550
2547,2552
2550,2551
2552,2553
2552,2555
2553,2554
2555,2556
2555,2558
2555,2559
2555,2562
2556,2557
2559,2560
2560,2561
2563,2564
2563,2566
2563,2567
2563,2568
2563,2569
2563,2570
2563,2572
2563,2574
2563,2593
2563,2599
2563,2605
2563,2685
2563,2690
2563,2692
2563,2694
2563,2696
2563,2698
2563,2700
2563,2702
2563,2704
2563,2706
2563,2708
2563,2714
2563,2718
2563,2724
2563,2728
2563,2730
2563,2732
2563,2734
2563,2737
2563,2740
2563,2744
2563,2748
2563,2750
2563,2752
2563,2756
2563,2761
2563,2764
2563,2768
2563,2772
2563,2777
2564,2565
2570,2571
2572,2573
2574,2575
2574,2578
2575,2576
2575,2577
2578,2579
2579,2580
2579,2584
2579,2586
2580,2581
2580,2583
2581,2582
2584,2585
2586,2587
2586,2591
2587,2588
2587,2590
2588,2589
2591,2592
2593,2594
2593,2595
2595,2596
2596,2597
2597,2598
2599,2600
2599,2601
2601,2602
2602,2603
2603,2604
2605,2606
2605,2609
2606,2607
2606,2608
2609,2610
2610,2611
2610,2614
2611,2612
2611,2613
2614,2615
2614,2617
2614,2619
2614,2621
2614,2626
2614,2628
2614,2634
2614,2638
2614,2646
2614,2654
2614,2680
2615,2616
2617,2618
2619,2620
2621,2622
2622,2623
2623,2624
2624,2625
2626,2627
2628,2629
2629,2630
2629,2633
2630,2631
2630,2632
2634,2635
2634,2636
2636,2637
2638,2639
2638,2644
2639,2640
2639,2641
2641,2642
2641,2643
2644,2645
2646,2647
2646,2652
2647,2648
2647,2649
2649,2650
2649,2651
2652,2653
2654,2655
2654,2676
2654,2678
2655,2656
2655,2669
2656,2657
2656,2662
2657,2658
2657,2659
2659,2660
2659,2661
2662,2663
2662,2664
2664,2665
2664,2666
2666,2667
2666,2668
2669,2670
2669,2671
2671,2672
2671,2673
2673,2674
2673,2675
2676,2677
2678,2679
2680,2681
2680,2682
2682,2683
2682,2684
2685,2686
2686,2687
2687,2688
2688,2689
2690,2691
2692,2693
2694,2695
2696,2697
2698,2699
2700,2701
2702,2703
2704,2705
2706,2707
2708,2709
2709,2710
2710,2711
2711,2712
2712,2713
2714,2715
2715,2716
2716,2717
2718,2719
2719,2720
2720,2721
2721,2722
2722,2723
2724,2725
2725,2726
2726,2727
2728,2729
2730,2731
2732,2733
2734,2735
2735,2736
2737,2738
2738,2739
2740,2741
2741,2742
2742,2743
2744,2745
2745,2746
2746,2747
2748,2749
2750,2751
2752,2753
2753,2754
2754,2755
2756,2757
2757,2758
2758,2759
2758,2760
2761,2762
2762,2763
2764,2765
2765,2766
2766,2767
2768,2769
2769,2770
2770,2771
2772,2773
2773,2774
2774,2775
2775,2776
2777,2778
2778,2779
2780,2781
2780,2782
2780,2783
2783,2784
2783,2785
2783,2801
2785,2786
2785,2787
2785,2791
2785,2794
2785,2800
2787,2788
2788,2789
2788,2790
2791,2792
2792,2793
2794,2795
2795,2796
2796,2797
2797,2798
2797,2799
2801,2802
2803,2804
2803,2805
2803,2809
2803,2812
2803,2816
2803,2819
2803,2822
2803,2826
2803,2828
2803,2831
2803,2832
2805,2806
2806,2807
2807,2808
2809,2810
2810,2811
2812,2813
2812,2815
2813,2814
2816,2817
2816,2818
2819,2820
2820,2821
2822,2823
2822,2825
2823,2824
2826,2827
2828,2829
2828,2830
2832,2833
2832,2834
2835,2836
2835,2839
2835,2841
2835,2842
2835,2843
2835,2844
2835,2847
2835,2849
2835,2851
2836,2837
2837,2838
2839,2840
2844,2845
2845,2846
2847,2848
2849,2850
2851,2852
2851,2855
2851,2858
2852,2853
2853,2854
2855,2856
2856,2857
2858,2859
2858,2864
2859,2860
2859,2861
2859,2862
2859,2863
2864,2865
2865,2866
2867,2868
2867,2869
2867,2870
2867,2872
2867,2873
2867,2875
2870,2871
2873,2874
2875,2876
2875,2877
2878,2879
2878,2880
2878,2882
2878,2884
2878,2895
2880,2881
2882,2883
2884,2885
2884,2886
2884,2892
2886,2887
2887,2888
2888,2889
2889,2890
2890,2891
2892,2893
2893,2894
2896,2897
2896,2898
2896,2900
2898,2899
2900,2901
