101
102
103
103
104
103
104
103
104
3
105
103
105
103
103
103
103
101
106
105
107
105
107
101
106
102
102
103
103
108
101
106
102
103
108
105
103
103
103
105
103
103
103
105
103
103
103
103
101
2
104
101
2
2
105
107
5
3
5
109
110
104
110
104
110
104
111
3
112
105
107
3
112
105
107
3
5
3
3
3
3
104
110
113
14
101
102
102
102
105
107
115
105
103
111
116
112
103
111
116
112
117
112
103
101
106
105
103
103
105
107
105
107
101
106
102
102
103
103
103
108
101
106
102
103
108
105
103
103
103
103
103
103
101
2
115
103
101
106
101
102
111
116
112
118
107
111
112
103
103
107
108
116
116
3
101
102
111
116
112
118
107
111
112
103
103
107
108
116
116
3
101
2
2
119
5
3
3
120
121
14
14
101
106
14
3
3
3
3
3
101
106
2
6
22
22
102
106
101
102
102
102
105
107
104
105
103
111
116
112
103
111
116
112
105
117
111
116
112
103
103
112
103
101
106
105
103
103
103
103
105
107
103
5
3
105
103
103
103
105
103
103
101
102
102
102
103
111
116
3
116
3
3
112
104
111
112
103
111
103
112
111
3
112
105
103
108
103
114
111
103
112
104
103
103
105
103
103
111
116
112
103
101
106
2
101
106
103
108
105
105
104
103
108
111
116
112
123
116
112
105
119
111
3
112
5
3
3
104
3
111
112
104
3
3
112
105
107
3
111
116
116
116
104
117
112
14
104
3
111
116
112
14
104
103
108
113
120
121
103
124
103
116
116
116
116
119
103
120
121
111
116
112
119
103
120
121
111
116
116
116
108
112
103
125
102
102
102
102
105
107
103
104
108
107
108
103
103
107
108
103
103
107
1
2
2
3
101
106
103
108
105
105
104
103
108
111
116
112
123
116
112
105
119
111
103
112
105
103
103
104
103
104
3
103
112
105
107
103
111
116
116
116
104
117
112
114
104
103
111
116
112
114
104
103
108
113
120
121
103
124
103
116
116
116
116
119
103
120
121
111
116
112
119
103
120
121
111
116
116
116
108
112
103
101
106
103
103
105
107
103
105
103
103
103
103
103
103
105
103
105
103
103
105
107
3
103
103
