1.741, 5.835, 1.949
1.228, 4.049, 1.964
2.34, 5.827, 2.16
1.426, 3.395, 1.333
2.022, 3.003, 2.124
2.267, 14.072, 4.2
1.012, 2.712, 1.503
1.504, 4.238, 2.384
1.097, 17.331, 2.25
0.288, 0.37, 0.19
0.517, 3.171, 0.904
0.296, 0.561, 0.228
0.412, 0.561, 0.291
1.833, 3.628, 1.567
1.017, 1.454, 0.555
0.879, 1.104, 0.509
0.658, 2.008, 0.686
0.228, 0.087, 0.046
1.261, 3.102, 1.092
0.479, 0.622, 0.313
0.851, 2.302, 0.823
0.902, 1.55, 0.656
0.392, 0.759, 0.3
0.166, 0.087, 0.046
1.336, 14.189, 3.277
0.839, 4.079, 1.37
1.111, 4.076, 1.647
0.675, 1.962, 1.132
0.485, 1.746, 0.677
0.883, 4.177, 1.285
0.987, 4.177, 1.563
1.353, 4.177, 1.849
1.438, 4.177, 2.388
0.282, 0.601, 0.195
0.304, 0.601, 0.245
0.433, 0.601, 0.311
1.314, 3.435, 1.546
0.863, 2.497, 1.027
1.118, 9.775, 1.819
0.502, 1.214, 0.639
0.514, 2.361, 1.046
0.723, 2.047, 0.809
0.724, 2.047, 0.894
0.651, 1.78, 0.848
0.35, 0.689, 0.374
0.577, 2.266, 0.77
0.171, 0.195, 0.091
1.537, 6.223, 1.93
1.738, 6.223, 2.066
2.631, 6.223, 2.989
1.372, 16.39, 3.793
0.434, 1.052, 0.555
0.598, 2.38, 0.704
0.372, 0.67, 0.221
0.397, 0.67, 0.264
1.107, 9.776, 1.817
0.502, 1.214, 0.639
0.514, 2.361, 1.046
0.592, 2.054, 0.78
0.724, 2.047, 0.894
0.651, 1.78, 0.848
0.213, 0.239, 0.098
0.184, 0.219, 0.11
0.783, 3.117, 1.095
0.171, 0.195, 0.091
1.537, 6.224, 1.93
1.738, 6.224, 2.066
2.631, 6.224, 2.989
1.341, 14.21, 2.172
0.644, 1.507, 0.61
0.423, 0.604, 0.221
0.33, 0.11, 0.056
2.72, 8.997, 3.07
1.825, 2.524, 1.456
1.245, 14.21, 2.094
1.154, 14.21, 3.102
0.122, 0.301, 0.106
1.765, 14.208, 4.19
2.684, 14.136, 5.15
0.434, 0.635, 0.32
1.253, 8.496, 1.652
2.118, 8.481, 2.597
1.742, 8.436, 2.851
0.566, 1.158, 0.493
1.172, 4.71, 1.46
1.283, 4.71, 1.825
0.361, 0.72, 0.314
1.121, 2.914, 1.158
0.891, 2.85, 1.209
0.419, 0.852, 0.286
0.394, 0.643, 0.255
0.911, 1.974, 0.858
1.937, 4.133, 1.751
1.198, 14.219, 2.329
0.09, 0.172, 0.088
0.422, 1.908, 0.84
1.081, 4.505, 1.418
1.457, 4.491, 1.821
1.235, 3.164, 1.495
0.428, 0.493, 0.202
0.375, 0.446, 0.224
2.098, 14.012, 4.597
0.368, 0.379, 0.183
0.753, 1.487, 0.666
1.034, 3.245, 0.979
1.19, 3.245, 1.068
0.564, 0.829, 0.366
1.831, 18.206, 3.042
0.237, 0.089, 0.046
0.945, 5.078, 1.513
0.361, 1.46, 0.514
0.138, 0.224, 0.119
0.946, 4.36, 1.376
0.544, 0.758, 0.375
0.667, 1.556, 0.646
0.292, 0.186, 0.099
2.092, 9.546, 3.448
0.251, 0.191, 0.095
1.516, 10.637, 2.98
0.404, 1.056, 0.336
0.465, 1.046, 0.468
0.719, 4.07, 1.076
0.338, 0.675, 0.235
0.348, 0.666, 0.304
2.996, 14.993, 5.051
0.816, 1.691, 0.797
2.505, 18.147, 3.72
3.13, 18.074, 5.43
1.186, 3.557, 1.454
0.629, 1.771, 0.724
2.801, 10.204, 3.624
0.954, 3.032, 1.246
0.646, 1.562, 0.602
1.158, 3.228, 1.466
3.951, 8.741, 3.938
4.424, 10.237, 3.986
3.602, 7.707, 3.997
1.553, 10.245, 2.388
0.673, 1.467, 0.776
1.799, 10.238, 2.947
0.877, 2.381, 0.807
0.874, 2.381, 1.092
1.071, 3.343, 1.107
1.079, 2.175, 1.108
0.996, 3.343, 1.228
0.786, 3.312, 1.166
1.044, 3.312, 1.585
1.707, 3.654, 1.916
1.459, 13.059, 2.662
0.632, 2.045, 0.877
0.554, 1.046, 0.309
0.476, 0.66, 0.248
0.436, 0.578, 0.241
1.517, 12.674, 2.664
1.21, 7.524, 2.323
0.371, 0.65, 0.27
1.71, 12.674, 2.877
1.787, 12.674, 2.974
1.889, 12.674, 3.077
1.953, 12.674, 3.273
1.325, 8.244, 2.284
1.732, 8.244, 2.752
2.797, 8.153, 3.785
3.603, 12.592, 5.172
0.381, 0.524, 0.262
1.194, 14.219, 2.268
0.09, 0.172, 0.088
0.422, 1.908, 0.84
1.081, 4.505, 1.418
1.457, 4.491, 1.821
1.235, 3.163, 1.495
0.428, 0.493, 0.202
0.375, 0.446, 0.224
2.103, 14.012, 4.595
0.378, 0.379, 0.173
0.753, 1.487, 0.666
1.046, 3.245, 0.965
1.173, 3.245, 1.014
0.72, 1.851, 0.647
0.903, 1.851, 0.819
2.694, 13.323, 4.635
0.721, 1.845, 0.825
0.724, 4.205, 0.95
0.643, 1.951, 0.556
0.526, 1.951, 0.479
0.382, 0.523, 0.231
0.445, 0.699, 0.276
0.858, 3.175, 1.158
1.024, 2.803, 1.554
0.164, 0.14, 0.058
0.685, 1.229, 0.618
1.388, 16.172, 2.732
0.09, 0.172, 0.088
0.422, 1.908, 0.84
1.081, 4.505, 1.418
1.457, 4.491, 1.821
1.235, 3.164, 1.495
0.428, 0.493, 0.202
0.375, 0.446, 0.224
2.343, 15.978, 4.951
0.355, 0.436, 0.206
1.429, 6.032, 1.887
1.677, 6.032, 2.103
0.609, 1.054, 0.463
2.321, 13.398, 4.134
0.545, 1.523, 0.857
1.932, 5.008, 2.877
1.514, 11.416, 3.512
0.349, 0.593, 0.255
4.29, 29.499, 6.481
0.434, 0.575, 0.304
6.357, 25.983, 8.339
6.271, 25.983, 10.014
11.109, 23.734, 13.412
7.738, 20.725, 9.723
5.755, 24.176, 7.248
4.7, 14.023, 5.309
7.312, 12.95, 5.894
5.688, 15.89, 7.283
3.129, 8.336, 3.263
3.25, 14.834, 4.617
0.847, 3.269, 1.171
0.644, 0.996, 0.507
0.852, 3.431, 0.993
0.589, 1.415, 0.558
0.66, 0.995, 0.512
5.263, 13.492, 5.91
2.92, 13.88, 4.658
0.744, 2.558, 0.92
0.642, 0.994, 0.506
1.187, 9.862, 2.117
0.47, 1.039, 0.53
0.894, 3.529, 1.493
0.488, 2.054, 0.664
0.722, 2.047, 0.894
0.647, 1.778, 0.847
0.21, 0.234, 0.096
0.183, 0.215, 0.108
0.651, 3.086, 1.048
0.188, 0.195, 0.094
1.995, 5.738, 2.098
2.605, 5.738, 2.382
1.22, 20.993, 3.396
0.283, 0.348, 0.177
0.295, 0.591, 0.186
0.341, 0.591, 0.297
0.695, 1.647, 0.613
0.866, 2.496, 0.893
0.464, 0.676, 0.375
1.28, 3.036, 1.436
0.99, 2.505, 0.943
1.932, 15.527, 4.581
0.449, 1.083, 0.57
1.111, 2.539, 1.464
1.482, 18.455, 3.417
0.559, 0.763, 0.387
0.821, 3.839, 1.074
1.048, 3.839, 1.352
1.458, 3.839, 1.765
1.122, 2.278, 0.958
0.805, 0.934, 0.449
1.891, 15.009, 4.448
0.568, 1.43, 0.765
0.021, 0.004, 0.002
1.251, 14.483, 2.217
0.314, 0.413, 0.183
1.191, 1.744, 0.724
0.551, 0.739, 0.313
0.883, 2.937, 1.117
0.473, 1.413, 0.6
1.675, 2.895, 1.519
2.978, 0.063, 0.045
1.393, 14.483, 2.401
2.57, 14.459, 4.625
4.382, 14.459, 6.848
1.01, 3.256, 1.038
1.12, 3.256, 1.186
0.649, 2.004, 0.975
1.0, 3.1, 1.025
1.128, 2.308, 1.098
0.849, 3.07, 0.907
0.562, 1.224, 0.473
0.67, 1.224, 0.564
1.731, 5.345, 2.149
0.537, 0.657, 0.335
0.53, 1.757, 0.503
0.397, 0.668, 0.283
0.657, 1.77, 0.836
0.597, 1.181, 0.493
1.96, 27.469, 3.162
0.336, 0.802, 0.386
1.016, 2.587, 1.207
0.151, 0.173, 0.078
1.124, 3.436, 1.643
1.187, 3.022, 1.381
0.742, 1.666, 0.507
0.645, 1.287, 0.462
0.557, 0.701, 0.323
2.523, 10.397, 2.977
2.179, 6.872, 2.447
2.926, 6.872, 2.901
1.983, 8.193, 2.648
1.898, 8.193, 2.751
3.349, 8.193, 3.466
1.9, 9.234, 2.933
1.777, 9.234, 3.016
1.074, 5.532, 2.05
0.325, 0.327, 0.18
2.233, 8.363, 3.574
0.602, 0.913, 0.397
0.884, 2.107, 0.655
0.485, 0.359, 0.152
2.179, 12.847, 3.945
0.662, 0.973, 0.447
0.405, 0.71, 0.265
0.633, 0.825, 0.339
2.288, 27.469, 3.572
1.745, 11.729, 3.274
2.205, 11.676, 3.913
0.778, 1.623, 0.69
2.327, 27.469, 3.609
2.893, 8.815, 3.198
4.203, 8.797, 4.084
0.952, 1.669, 1.18
1.519, 8.238, 2.648
0.828, 1.645, 0.78
1.393, 6.309, 2.002
2.005, 6.309, 2.993
1.607, 8.012, 2.081
1.521, 3.695, 1.518
1.747, 8.012, 2.321
2.271, 8.012, 2.999
2.391, 7.51, 3.519
1.411, 3.54, 1.44
1.438, 3.54, 1.563
2.544, 27.469, 3.963
1.684, 10.685, 2.215
1.722, 10.685, 2.248
1.745, 10.685, 2.286
0.963, 1.572, 0.527
1.859, 10.685, 2.388
1.161, 1.92, 0.921
1.359, 1.939, 0.784
1.847, 10.685, 2.485
1.319, 6.42, 1.944
1.774, 6.402, 2.251
2.527, 6.382, 3.082
2.057, 10.653, 2.685
3.631, 8.985, 3.393
1.65, 6.824, 2.056
2.26, 6.624, 2.692
1.476, 5.282, 1.675
1.678, 5.282, 1.826
2.121, 5.282, 2.307
1.757, 6.534, 2.372
2.028, 6.534, 2.813
2.733, 10.614, 4.537
3.558, 8.3, 3.601
0.802, 1.396, 0.987
3.68, 27.448, 5.374
3.581, 27.448, 5.216
3.66, 27.319, 5.326
0.54, 0.578, 0.211
0.763, 3.286, 1.12
0.947, 3.263, 1.262
4.783, 27.25, 5.913
2.968, 7.729, 2.97
5.132, 27.25, 6.435
5.328, 27.25, 6.603
6.217, 27.25, 7.799
9.282, 26.662, 11.174
11.148, 25.732, 14.204
3.634, 9.564, 4.004
2.383, 7.062, 3.313
4.416, 13.161, 4.52
5.127, 13.161, 4.833
5.581, 13.161, 5.656
3.926, 7.769, 5.494
1.93, 6.037, 2.833
2.807, 6.037, 3.209
2.563, 4.985, 3.525
3.084, 5.137, 2.215
0.826, 3.505, 1.103
0.52, 0.61, 0.292
0.642, 2.004, 0.677
0.733, 2.004, 0.772
1.417, 16.577, 3.01
0.247, 0.583, 0.306
0.576, 2.639, 1.166
0.326, 1.082, 0.455
0.636, 3.887, 0.981
0.837, 3.887, 1.336
0.243, 0.124, 0.054
0.485, 0.561, 0.222
0.418, 0.446, 0.223
1.774, 14.554, 3.687
3.764, 14.483, 6.164
0.671, 2.492, 0.89
0.785, 2.492, 1.014
0.809, 2.492, 1.178
2.561, 16.354, 5.309
0.504, 0.491, 0.202
1.315, 4.047, 1.254
1.242, 4.047, 1.405
1.064, 2.372, 1.069
1.287, 14.235, 2.294
0.223, 0.452, 0.227
0.579, 2.673, 1.182
0.686, 3.048, 1.05
0.854, 3.048, 1.329
0.127, 0.036, 0.015
0.359, 0.672, 0.368
1.119, 4.633, 1.77
0.238, 0.208, 0.086
1.925, 8.454, 2.398
2.269, 8.41, 3.198
3.504, 8.305, 3.932
1.409, 14.205, 3.338
2.291, 14.196, 4.842
3.19, 14.196, 6.188
0.583, 1.614, 0.621
0.721, 1.614, 0.699
0.632, 0.929, 0.523
1.242, 9.431, 2.145
0.264, 0.192, 0.073
1.015, 2.091, 1.161
1.867, 7.765, 2.574
1.059, 1.896, 0.794
0.537, 1.476, 0.448
0.604, 1.476, 0.547
0.483, 0.712, 0.357
4.999, 30.535, 6.23
2.732, 7.404, 3.07
0.523, 1.207, 0.385
0.495, 1.207, 0.533
6.363, 21.337, 7.193
4.758, 14.769, 6.959
5.866, 30.435, 8.134
5.921, 30.435, 8.8
5.76, 30.435, 8.704
4.412, 14.521, 5.967
9.768, 28.484, 13.89
9.524, 24.966, 14.302
7.019, 18.774, 7.674
9.002, 18.774, 8.998
2.706, 7.164, 2.341
1.245, 1.983, 0.868
3.639, 18.027, 5.766
1.511, 3.763, 1.798
6.817, 17.757, 7.854
9.402, 16.742, 8.652
4.862, 22.736, 6.277
4.625, 10.145, 4.629
5.645, 22.538, 7.746
9.721, 21.912, 9.627
2.417, 3.414, 2.414
5.263, 26.42, 6.232
6.26, 21.683, 6.477
5.329, 13.728, 5.011
4.824, 13.314, 6.091
9.614, 20.234, 9.422
5.707, 10.598, 7.494
4.604, 25.508, 5.249
4.713, 25.494, 5.342
9.407, 22.257, 10.766
4.686, 14.315, 4.932
3.653, 14.269, 4.296
5.21, 14.269, 6.479
7.727, 13.681, 6.996
3.77, 7.071, 5.0
4.456, 15.111, 4.978
4.815, 14.784, 4.873
5.387, 14.61, 6.769
7.452, 12.329, 6.708
1.066, 1.743, 1.232
5.239, 15.81, 5.412
5.353, 13.454, 4.714
5.305, 13.454, 5.977
6.884, 12.44, 6.211
1.055, 1.721, 1.217
1.723, 5.074, 2.072
2.321, 5.074, 2.206
2.157, 3.355, 1.788
2.534, 5.037, 3.562
5.213, 24.618, 6.317
5.439, 14.863, 5.031
5.252, 14.722, 6.903
7.839, 22.969, 11.23
2.494, 4.519, 3.195
6.453, 25.262, 7.805
6.592, 24.705, 7.728
4.644, 13.593, 6.443
10.395, 23.22, 10.908
2.127, 3.786, 2.677
6.088, 23.553, 6.93
5.909, 17.39, 6.177
4.819, 13.401, 6.433
10.457, 22.109, 10.324
2.135, 3.802, 2.689
5.75, 23.433, 6.553
4.73, 13.817, 4.455
4.707, 13.628, 6.505
10.335, 22.031, 10.386
2.53, 4.224, 2.987
4.801, 15.343, 5.359
4.823, 15.156, 5.585
5.049, 13.843, 6.38
7.007, 12.868, 6.709
2.679, 4.884, 3.453
7.052, 24.767, 8.163
7.234, 24.373, 7.998
5.571, 17.655, 8.434
10.418, 23.65, 11.24
2.429, 4.023, 2.845
5.865, 25.091, 7.801
5.265, 25.091, 7.276
2.241, 5.083, 2.145
10.474, 24.019, 11.478
2.205, 3.886, 2.748
5.295, 26.415, 6.046
6.288, 14.466, 6.23
7.309, 13.188, 5.892
4.251, 15.907, 4.79
1.919, 5.555, 2.037
2.932, 5.48, 2.424
5.438, 15.39, 5.833
6.848, 15.39, 6.792
9.517, 25.64, 14.654
5.247, 13.892, 6.084
3.727, 6.62, 4.681
1.108, 4.129, 1.481
1.178, 4.129, 1.605
0.974, 4.129, 1.407
1.159, 4.129, 1.732
1.399, 15.804, 2.735
0.09, 0.172, 0.088
0.422, 1.908, 0.84
1.081, 4.505, 1.418
1.457, 4.491, 1.821
1.235, 3.164, 1.495
0.428, 0.493, 0.202
0.375, 0.446, 0.224
2.262, 15.611, 5.127
0.358, 0.426, 0.201
1.672, 6.765, 2.076
1.821, 6.765, 2.353
0.678, 1.257, 0.555
1.561, 16.376, 2.366
0.336, 0.802, 0.386
1.016, 2.587, 1.207
0.151, 0.173, 0.078
1.124, 3.436, 1.643
1.187, 3.022, 1.381
0.742, 1.666, 0.507
0.645, 1.287, 0.462
0.557, 0.701, 0.323
2.523, 10.397, 2.976
2.179, 6.871, 2.446
2.926, 6.871, 2.9
1.982, 8.186, 2.646
1.897, 8.186, 2.749
3.347, 8.186, 3.463
1.906, 9.234, 2.93
1.787, 9.234, 3.012
1.089, 5.532, 2.045
0.368, 0.456, 0.254
2.232, 8.362, 3.574
0.601, 0.914, 0.397
0.884, 2.107, 0.655
0.485, 0.359, 0.152
2.176, 12.816, 3.936
0.662, 0.973, 0.447
0.406, 0.71, 0.265
0.632, 0.825, 0.339
1.675, 16.376, 2.479
1.743, 11.705, 3.267
2.202, 11.652, 3.905
0.778, 1.623, 0.69
1.673, 16.376, 2.441
2.893, 8.811, 3.197
4.201, 8.793, 4.082
0.952, 1.669, 1.18
1.519, 8.239, 2.648
0.828, 1.646, 0.78
1.393, 6.309, 2.002
2.005, 6.309, 2.993
1.607, 8.012, 2.081
1.521, 3.695, 1.518
1.747, 8.012, 2.321
2.271, 8.012, 2.999
2.391, 7.509, 3.519
1.411, 3.541, 1.44
1.438, 3.541, 1.563
1.645, 16.376, 2.515
1.685, 10.679, 2.214
1.723, 10.679, 2.247
1.746, 10.679, 2.285
0.978, 1.565, 0.527
1.859, 10.679, 2.387
1.161, 1.92, 0.921
1.359, 1.939, 0.784
1.847, 10.679, 2.484
1.319, 6.42, 1.944
1.774, 6.402, 2.25
2.527, 6.381, 3.081
2.057, 10.647, 2.684
3.631, 8.985, 3.393
1.651, 6.823, 2.055
2.26, 6.623, 2.692
1.48, 5.281, 1.674
1.683, 5.281, 1.825
2.121, 5.281, 2.307
1.757, 6.534, 2.371
2.028, 6.534, 2.813
2.731, 10.608, 4.534
3.558, 8.3, 3.601
0.802, 1.396, 0.987
1.278, 16.333, 3.365
0.617, 3.395, 0.726
0.639, 3.288, 0.79
0.545, 0.578, 0.208
0.769, 3.286, 1.121
0.954, 3.263, 1.263
0.496, 0.865, 0.612
1.599, 5.198, 2.354
2.322, 5.198, 2.673
2.013, 3.885, 2.747
3.083, 5.137, 2.215
0.825, 3.5, 1.101
0.52, 0.61, 0.292
0.642, 2.004, 0.677
0.733, 2.004, 0.772
1.811, 12.674, 2.707
1.048, 4.287, 1.892
1.135, 5.153, 1.559
1.889, 5.153, 2.365
1.914, 7.131, 2.553
1.849, 5.797, 2.73
1.765, 12.674, 2.743
1.524, 7.218, 2.271
2.311, 7.21, 2.719
1.949, 12.674, 2.991
1.996, 12.674, 3.102
1.944, 12.674, 3.16
1.996, 12.674, 3.358
1.427, 9.094, 2.518
1.886, 9.094, 3.029
3.001, 9.004, 4.204
3.603, 12.593, 5.172
0.38, 0.525, 0.262
1.773, 14.651, 2.473
0.478, 0.561, 0.271
2.581, 3.533, 1.662
1.258, 3.341, 1.146
0.891, 2.232, 0.883
2.004, 14.651, 2.911
1.514, 5.473, 2.339
2.133, 14.551, 3.039
2.83, 10.229, 3.958
2.481, 10.229, 4.444
1.959, 8.149, 2.405
2.632, 7.967, 3.295
2.767, 14.468, 4.705
0.314, 0.224, 0.119
0.824, 2.868, 1.042
0.348, 0.937, 0.401
2.669, 5.258, 1.895
2.494, 5.258, 2.268
1.091, 1.74, 0.912
1.539, 18.812, 2.787
0.307, 0.161, 0.087
1.548, 18.812, 2.831
2.559, 12.115, 4.011
1.413, 6.894, 2.471
2.778, 6.823, 3.636
1.479, 18.812, 2.739
1.475, 18.812, 2.751
1.122, 3.46, 1.373
1.772, 18.741, 3.607
1.796, 18.741, 3.672
2.636, 15.37, 5.705
5.78, 15.334, 8.464
1.705, 18.741, 3.39
4.595, 18.626, 8.016
0.912, 3.932, 1.212
1.451, 3.932, 1.767
1.408, 11.397, 2.456
3.894, 11.279, 4.767
0.735, 3.719, 0.987
0.482, 0.958, 0.317
0.452, 0.671, 0.298
1.135, 2.826, 1.287
0.291, 0.34, 0.138
1.34, 10.614, 2.239
2.498, 9.594, 3.82
1.11, 10.614, 1.992
2.257, 10.483, 3.476
3.973, 10.483, 5.79
0.959, 9.943, 1.75
1.064, 9.943, 2.674
1.798, 9.923, 4.001
0.897, 4.152, 1.832
0.948, 6.334, 1.415
0.978, 6.334, 1.439
1.436, 6.334, 2.189
1.086, 2.833, 1.547
0.781, 5.012, 1.083
1.022, 3.34, 1.129
0.662, 1.993, 0.964
0.674, 2.771, 0.731
0.747, 2.725, 0.859
0.254, 0.019, 0.013
0.375, 0.634, 0.266
0.164, 0.139, 0.06
2.596, 5.012, 3.544
2.15, 8.26, 2.692
2.117, 8.26, 2.879
1.324, 3.665, 1.496
1.187, 14.219, 2.331
0.09, 0.172, 0.088
0.422, 1.908, 0.84
1.081, 4.505, 1.418
1.457, 4.491, 1.821
1.235, 3.164, 1.495
0.428, 0.493, 0.202
0.375, 0.446, 0.224
2.098, 14.012, 4.597
0.368, 0.379, 0.183
0.753, 1.487, 0.666
0.984, 3.237, 0.987
1.136, 3.237, 1.082
0.558, 0.893, 0.373
1.178, 11.415, 2.254
0.277, 0.149, 0.062
0.815, 2.261, 0.713
0.594, 0.844, 0.362
0.997, 2.219, 0.823
0.767, 1.306, 0.569
1.825, 9.861, 2.584
0.634, 0.884, 0.467
1.226, 4.223, 1.741
1.675, 5.886, 2.089
0.845, 2.077, 0.985
1.347, 9.102, 2.665
2.73, 9.088, 4.373
0.628, 1.53, 0.611
0.363, 0.409, 0.204
2.168, 7.394, 2.795
2.496, 7.394, 3.436
1.383, 12.552, 2.144
0.38, 0.446, 0.212
0.75, 1.556, 0.728
0.968, 3.872, 1.38
0.469, 1.008, 0.458
1.475, 12.552, 2.236
1.036, 7.515, 1.972
1.923, 7.438, 3.175
0.6, 2.342, 0.894
1.498, 12.549, 2.218
3.79, 7.181, 2.511
2.043, 7.044, 2.616
1.444, 12.471, 2.489
0.628, 0.725, 0.392
4.369, 12.46, 7.105
1.432, 9.017, 2.249
0.6, 1.015, 0.417
2.132, 9.017, 2.964
0.678, 1.337, 0.74
1.1, 3.174, 1.101
0.895, 1.94, 0.893
1.598, 3.174, 1.376
0.886, 2.837, 0.818
0.845, 2.793, 0.927
0.898, 2.793, 1.075
1.692, 7.874, 2.586
0.816, 1.285, 0.66
1.374, 11.27, 2.112
1.967, 11.265, 3.138
2.539, 6.945, 2.798
3.746, 6.817, 2.622
2.262, 11.173, 4.443
1.185, 8.292, 1.583
1.38, 3.289, 1.248
1.342, 3.248, 1.81
1.177, 8.292, 1.688
0.561, 1.211, 0.525
1.168, 8.268, 2.044
1.26, 8.268, 2.132
1.769, 4.757, 1.767
2.353, 4.757, 1.784
0.309, 1.264, 0.419
0.16, 0.14, 0.063
1.399, 4.734, 1.414
1.531, 4.734, 1.489
1.716, 4.734, 1.657
1.984, 4.734, 1.846
1.814, 10.23, 2.95
1.773, 10.23, 3.197
0.729, 2.857, 1.12
1.2, 2.747, 1.569
1.791, 8.25, 2.757
0.785, 2.475, 1.09
0.359, 1.501, 0.486
0.149, 0.182, 0.068
2.878, 14.842, 3.713
2.949, 7.487, 3.001
2.604, 5.139, 2.47
2.092, 12.756, 3.104
3.096, 10.442, 3.623
4.135, 10.391, 4.608
1.881, 12.754, 3.029
2.036, 12.754, 3.13
2.165, 12.754, 3.261
2.042, 12.754, 3.446
1.554, 7.364, 2.168
2.039, 7.359, 2.522
3.453, 7.178, 3.023
4.727, 9.97, 5.015
1.584, 14.579, 2.5
0.664, 3.052, 0.928
0.459, 1.998, 0.542
0.237, 0.25, 0.177
1.57, 3.003, 1.634
2.979, 0.37, 0.262
1.116, 8.685, 2.022
0.558, 1.279, 0.411
0.617, 1.227, 0.488
0.478, 0.849, 0.351
0.435, 0.067, 0.047
1.605, 14.579, 2.54
0.879, 2.355, 1.133
1.476, 2.198, 1.554
0.993, 4.552, 1.217
0.967, 2.236, 0.975
1.114, 4.552, 1.746
0.331, 0.471, 0.333
1.431, 13.308, 2.17
1.412, 13.308, 2.128
1.878, 6.987, 2.989
1.938, 8.499, 2.306
3.376, 8.499, 3.239
1.888, 4.093, 2.04
0.848, 2.777, 1.023
1.339, 13.308, 2.096
0.616, 1.45, 0.548
1.406, 13.308, 2.236
1.528, 6.718, 2.076
2.283, 6.718, 3.095
0.838, 1.425, 0.593
0.787, 1.412, 0.607
1.443, 13.308, 2.339
0.805, 1.865, 0.823
1.511, 12.651, 2.447
1.987, 10.889, 3.138
0.892, 2.666, 0.923
1.745, 8.841, 2.71
0.893, 2.658, 1.111
0.614, 1.563, 0.622
1.47, 12.651, 2.396
1.871, 12.635, 3.2
2.123, 12.618, 4.068
3.428, 12.617, 5.306
1.402, 8.233, 2.673
2.296, 8.233, 3.467
1.712, 7.299, 2.405
2.075, 7.299, 2.729
0.9, 2.749, 0.763
0.992, 2.733, 0.916
1.194, 2.733, 1.206
0.73, 1.433, 0.602
1.4, 13.308, 2.337
1.878, 13.174, 3.86
0.574, 1.561, 0.554
0.694, 1.561, 0.6
1.283, 10.296, 1.907
1.602, 10.296, 2.864
3.69, 10.245, 3.767
0.222, 0.499, 0.232
1.145, 3.696, 1.481
1.971, 3.679, 1.728
0.777, 3.333, 1.289
0.974, 4.135, 1.07
1.054, 4.097, 1.354
1.429, 3.931, 1.854
0.748, 1.869, 0.699
1.115, 6.126, 1.537
1.465, 6.081, 2.208
0.296, 0.431, 0.188
0.979, 2.386, 0.882
0.913, 2.386, 1.0
0.64, 1.438, 0.575
0.932, 4.238, 1.654
0.868, 1.559, 1.102
2.079, 11.161, 2.893
2.22, 8.088, 3.454
2.288, 11.144, 2.982
1.317, 5.32, 2.295
3.122, 10.94, 4.133
4.106, 10.94, 4.619
2.469, 7.411, 2.732
2.542, 7.411, 2.99
2.627, 6.667, 3.004
1.978, 5.708, 2.274
0.965, 3.664, 1.389
0.631, 1.104, 0.781
1.329, 10.242, 2.436
1.339, 6.309, 2.063
0.51, 0.677, 0.35
0.635, 1.563, 0.614
1.135, 4.938, 1.917
0.273, 0.388, 0.274
1.388, 9.872, 2.189
1.382, 3.167, 1.328
1.062, 2.479, 1.093
0.672, 1.535, 0.614
1.349, 4.968, 1.892
0.268, 0.377, 0.267
2.013, 14.579, 3.522
1.307, 4.727, 1.608
1.509, 4.727, 2.218
2.333, 14.579, 3.862
2.527, 13.392, 4.212
3.658, 13.392, 5.591
2.245, 10.69, 4.245
2.321, 14.579, 3.875
2.085, 14.579, 3.801
1.906, 14.579, 4.141
2.16, 14.579, 4.545
1.753, 14.347, 3.886
2.053, 14.347, 4.657
3.42, 14.339, 6.164
4.877, 9.917, 4.818
0.861, 1.739, 0.637
0.963, 1.632, 0.737
0.647, 1.978, 0.737
1.642, 3.125, 2.21
1.626, 9.071, 2.323
2.01, 6.677, 2.376
2.019, 6.677, 3.193
0.767, 1.564, 0.659
1.366, 4.316, 1.64
0.53, 0.902, 0.638
2.869, 9.072, 3.74
1.271, 13.994, 2.397
0.587, 1.476, 0.789
0.467, 1.579, 0.677
0.831, 6.26, 1.609
0.627, 2.202, 0.915
0.124, 0.072, 0.029
1.266, 6.209, 2.49
1.727, 6.209, 3.079
0.866, 3.152, 1.136
0.229, 0.228, 0.095
1.926, 4.575, 1.655
1.732, 4.575, 2.088
5.295, 22.399, 9.895
1.29, 8.238, 1.591
1.462, 3.529, 1.561
1.266, 3.248, 1.788
1.175, 8.238, 1.492
1.774, 8.148, 2.388
2.209, 8.014, 2.867
0.84, 1.538, 0.679
1.139, 4.948, 1.316
1.156, 1.746, 0.794
0.931, 4.886, 1.566
1.373, 4.813, 2.071
1.409, 3.653, 1.402
1.767, 3.653, 1.48
1.35, 2.374, 1.101
0.952, 3.64, 1.158
0.911, 2.051, 0.918
0.711, 3.616, 1.176
1.047, 3.596, 1.556
1.307, 3.394, 1.401
2.194, 3.391, 1.514
1.722, 3.227, 1.614
1.735, 17.043, 2.599
0.26, 0.207, 0.093
1.716, 3.501, 1.408
3.441, 15.211, 4.979
2.75, 7.32, 3.313
1.895, 13.315, 3.762
3.208, 13.202, 5.722
0.822, 3.194, 1.357
1.162, 3.194, 1.787
4.046, 15.731, 6.101
1.543, 11.609, 2.039
1.85, 8.252, 3.192
2.32, 10.443, 2.753
1.748, 6.934, 2.491
1.504, 5.528, 2.332
2.547, 6.862, 3.875
2.554, 10.443, 2.886
3.112, 7.777, 3.554
1.953, 9.751, 2.224
1.617, 4.387, 1.515
2.096, 4.387, 1.95
2.351, 9.592, 2.978
3.995, 9.592, 3.596
0.332, 0.235, 0.121
2.659, 6.969, 3.227
1.034, 1.961, 1.387
1.673, 11.609, 2.353
1.626, 11.609, 2.301
1.514, 11.609, 2.112
1.662, 11.609, 2.309
1.868, 11.609, 2.628
2.179, 11.609, 3.209
2.559, 11.609, 5.089
2.131, 7.583, 2.715
2.937, 7.583, 3.141
1.125, 3.948, 1.501
1.38, 3.948, 1.722
1.004, 3.116, 1.307
1.222, 3.116, 1.485
0.989, 3.109, 1.292
1.22, 3.109, 1.484
2.492, 10.443, 3.72
2.682, 10.443, 4.486
3.888, 7.672, 5.425
1.282, 6.993, 1.563
1.256, 6.993, 1.503
1.112, 5.664, 1.293
1.163, 5.664, 1.354
1.19, 5.664, 1.504
1.651, 5.656, 2.46
0.962, 2.717, 1.101
1.207, 2.717, 1.178
0.973, 3.098, 1.276
1.217, 3.098, 1.482
0.968, 3.094, 1.272
1.215, 3.094, 1.481
1.308, 3.281, 1.322
1.127, 3.281, 1.468
1.288, 6.993, 1.58
1.186, 6.993, 1.494
1.286, 6.993, 1.724
2.007, 6.963, 2.963
0.941, 2.656, 1.074
1.194, 2.656, 1.161
0.961, 3.088, 1.265
1.213, 3.088, 1.479
1.282, 3.269, 1.302
1.123, 3.269, 1.463
3.231, 6.202, 4.385
1.101, 4.255, 1.207
1.074, 4.144, 1.166
1.07, 4.144, 1.177
1.1, 4.144, 1.197
1.089, 4.144, 1.251
1.362, 4.136, 1.866
0.933, 2.629, 1.064
1.188, 2.629, 1.153
0.957, 3.083, 1.261
1.212, 3.083, 1.478
0.955, 3.08, 1.259
1.211, 3.08, 1.477
1.27, 3.259, 1.291
1.12, 3.259, 1.459
2.16, 4.247, 3.003
5.847, 14.215, 7.571
1.48, 13.366, 2.53
0.313, 0.228, 0.106
1.233, 4.465, 1.3
0.89, 1.412, 0.581
1.244, 4.465, 1.478
1.463, 4.465, 1.628
1.795, 4.465, 1.869
3.255, 11.549, 4.288
1.452, 13.366, 2.507
2.734, 8.002, 3.722
1.544, 13.366, 2.642
0.629, 3.592, 1.134
0.077, 0.136, 0.063
1.597, 13.366, 2.703
0.144, 0.421, 0.197
0.85, 4.062, 1.163
1.265, 4.035, 1.407
0.924, 1.074, 0.62
0.256, 0.293, 0.207
1.702, 9.675, 3.134
1.403, 6.505, 2.372
0.791, 1.491, 0.796
0.21, 0.269, 0.19
1.689, 9.735, 3.11
1.389, 6.235, 2.262
0.783, 1.491, 0.8
0.21, 0.269, 0.19
1.838, 9.574, 3.026
1.676, 6.046, 2.216
1.64, 2.813, 1.407
0.21, 0.269, 0.19
1.658, 8.652, 2.972
1.49, 6.947, 2.526
0.777, 1.492, 0.805
0.21, 0.269, 0.19
1.657, 9.679, 3.039
1.342, 5.816, 2.106
0.774, 1.494, 0.807
0.21, 0.269, 0.19
1.795, 8.424, 2.807
1.767, 6.406, 2.311
1.635, 2.798, 1.4
0.21, 0.269, 0.19
1.777, 8.316, 2.8
1.751, 6.475, 2.348
1.633, 2.798, 1.4
0.21, 0.269, 0.19
1.422, 9.571, 2.157
1.431, 4.269, 1.691
0.766, 2.399, 1.153
1.031, 3.527, 1.281
0.927, 3.527, 1.254
0.214, 0.243, 0.11
0.673, 1.207, 0.853
1.291, 11.286, 2.425
1.068, 4.741, 1.554
0.331, 0.357, 0.167
0.941, 3.981, 1.345
0.883, 3.959, 1.415
0.214, 0.26, 0.119
0.448, 0.794, 0.561
1.603, 8.248, 2.913
1.455, 7.034, 2.578
0.772, 1.492, 0.808
0.21, 0.269, 0.19
1.639, 10.23, 3.059
1.233, 4.822, 1.739
0.771, 1.495, 0.809
0.21, 0.269, 0.19
1.806, 9.183, 2.819
1.677, 5.274, 1.917
1.632, 2.795, 1.399
0.209, 0.269, 0.19
1.811, 9.577, 2.974
1.629, 5.644, 2.074
1.632, 2.794, 1.398
0.209, 0.269, 0.19
2.735, 13.267, 4.224
1.129, 3.099, 1.292
0.797, 2.051, 0.965
2.295, 4.473, 3.163
1.511, 10.25, 2.684
1.192, 4.655, 1.5
0.677, 1.482, 0.656
0.267, 0.11, 0.045
0.293, 0.463, 0.328
1.254, 11.475, 2.207
1.136, 4.34, 1.6
0.129, 0.369, 0.179
1.151, 5.288, 1.486
0.664, 2.417, 0.798
0.374, 0.549, 0.236
0.842, 3.951, 1.318
1.315, 3.846, 1.84
0.209, 0.269, 0.19
1.147, 10.654, 2.013
1.012, 3.518, 1.459
0.137, 0.402, 0.195
1.066, 3.166, 1.174
0.778, 3.166, 1.069
0.456, 1.047, 0.472
0.748, 3.981, 1.341
1.258, 3.854, 1.867
0.209, 0.269, 0.19
1.293, 10.733, 2.364
0.681, 3.208, 1.166
0.127, 0.365, 0.176
1.269, 9.493, 2.228
0.717, 1.86, 0.626
0.797, 1.86, 0.743
0.336, 0.365, 0.185
1.247, 10.727, 2.382
1.776, 10.713, 3.19
2.608, 10.713, 4.637
1.43, 3.571, 1.628
0.802, 5.249, 1.518
0.912, 5.198, 1.669
0.461, 0.983, 0.402
1.642, 5.465, 2.181
0.678, 1.496, 0.697
0.209, 0.269, 0.19
2.244, 8.686, 3.401
0.495, 0.599, 0.303
4.909, 29.519, 6.401
0.298, 0.32, 0.181
4.027, 12.564, 4.125
5.609, 11.812, 5.452
3.197, 11.875, 3.35
3.663, 11.875, 3.726
4.627, 11.875, 3.948
4.578, 6.847, 2.741
9.348, 27.083, 10.65
10.029, 22.042, 12.618
4.995, 19.511, 5.021
3.045, 4.075, 2.074
6.734, 19.505, 6.846
5.334, 11.516, 4.838
5.564, 10.708, 4.248
2.808, 7.041, 2.856
1.284, 16.264, 2.766
0.491, 0.648, 0.325
0.927, 3.189, 1.164
0.869, 2.397, 1.128
0.67, 3.518, 0.933
0.782, 3.518, 1.064
1.13, 3.416, 1.617
0.793, 1.948, 0.907
0.265, 0.573, 0.3
0.255, 0.636, 0.205
0.286, 0.636, 0.267
1.075, 3.789, 1.169
0.63, 1.468, 0.598
2.624, 16.177, 5.544
4.44, 16.138, 7.879
1.605, 7.305, 2.433
2.384, 7.257, 3.382
0.835, 2.472, 0.791
0.47, 0.907, 0.37
2.418, 16.224, 5.614
4.407, 16.195, 7.927
1.499, 7.932, 2.672
2.488, 7.894, 3.727
0.784, 2.28, 0.689
0.622, 1.316, 0.518
2.275, 7.962, 3.854
2.503, 24.582, 3.72
8.005, 12.567, 5.704
3.423, 11.89, 4.096
3.473, 11.89, 5.699
3.309, 13.263, 4.049
2.316, 9.548, 2.868
2.503, 5.007, 2.356
3.354, 9.376, 4.257
6.078, 12.91, 5.487
8.162, 12.687, 5.589
2.377, 8.663, 2.95
1.902, 6.469, 2.641
2.043, 13.482, 2.967
5.606, 13.188, 5.591
1.879, 12.208, 2.722
1.565, 10.538, 2.3
1.205, 10.538, 2.946
1.888, 10.485, 4.248
1.18, 5.567, 2.464
1.69, 8.395, 2.131
1.823, 6.073, 2.083
1.127, 3.3, 1.365
1.61, 8.395, 2.137
1.907, 8.395, 2.314
1.431, 7.694, 1.915
1.614, 7.694, 2.324
1.649, 5.175, 2.098
1.87, 7.693, 3.285
0.988, 2.129, 1.077
4.072, 8.258, 3.198
0.536, 1.733, 0.678
0.681, 1.733, 0.823
7.15, 10.771, 4.464
1.81, 14.893, 3.03
5.235, 13.988, 6.462
1.495, 14.893, 2.536
1.027, 6.567, 1.488
0.439, 2.974, 0.833
0.37, 1.602, 0.632
0.651, 2.974, 1.308
1.336, 6.528, 1.708
0.888, 2.363, 0.957
0.553, 1.59, 0.656
1.741, 6.431, 2.125
2.98, 6.411, 2.509
1.201, 4.561, 1.745
1.67, 4.42, 2.045
5.566, 14.335, 6.525
3.037, 4.882, 2.219
1.403, 13.173, 2.162
1.187, 1.889, 0.97
1.707, 10.027, 2.327
1.129, 4.086, 1.449
0.769, 2.153, 0.999
1.837, 10.027, 2.681
1.824, 10.027, 2.915
1.81, 10.027, 3.398
2.961, 9.958, 4.756
2.217, 13.063, 4.214
0.585, 1.44, 0.669
0.671, 1.52, 0.479
0.462, 0.675, 0.28
0.586, 0.675, 0.311
2.48, 9.201, 3.389
2.562, 9.201, 4.528
1.067, 7.637, 1.605
0.692, 1.536, 0.524
0.67, 1.536, 0.551
0.91, 1.536, 0.636
1.898, 7.58, 2.938
0.522, 0.714, 0.335
2.081, 5.734, 2.038
1.995, 4.275, 1.774
1.386, 10.609, 2.286
0.73, 1.585, 0.544
0.594, 0.915, 0.439
1.16, 3.25, 1.158
0.787, 2.009, 0.77
1.154, 2.009, 0.869
4.412, 10.5, 4.93
0.324, 0.544, 0.232
1.105, 7.658, 1.623
0.932, 7.658, 1.368
0.579, 2.555, 0.725
0.356, 0.755, 0.294
0.477, 0.755, 0.351
1.754, 7.62, 2.51
2.259, 7.62, 3.672
0.731, 1.533, 0.608
0.598, 1.533, 0.573
0.861, 1.533, 0.655
0.929, 2.082, 0.965
0.747, 1.979, 0.841
0.626, 1.979, 0.864
0.94, 19.581, 2.252
0.239, 0.244, 0.122
0.412, 1.24, 0.416
0.562, 1.24, 0.588
0.491, 2.194, 0.664
0.551, 2.194, 0.761
0.736, 2.128, 0.995
0.446, 1.056, 0.486
0.172, 0.354, 0.186
0.25, 0.554, 0.188
0.271, 0.554, 0.236
1.59, 6.5, 2.137
0.655, 1.69, 0.696
1.014, 3.077, 1.264
0.658, 1.666, 0.613
0.6, 1.561, 0.625
0.951, 3.492, 1.483
0.942, 2.645, 0.893
1.107, 2.645, 1.016
0.99, 3.2, 1.51
1.241, 17.542, 2.229
0.147, 0.087, 0.037
0.265, 0.557, 0.272
1.04, 2.585, 1.209
0.447, 0.855, 0.312
1.281, 17.542, 2.334
0.41, 0.355, 0.251
1.298, 17.542, 2.362
1.91, 3.947, 1.566
1.5, 3.775, 2.039
1.265, 17.542, 2.415
1.199, 7.896, 1.697
0.954, 4.902, 1.095
0.858, 2.137, 0.87
1.009, 4.87, 1.269
1.016, 4.87, 1.383
1.267, 4.741, 1.63
0.388, 0.184, 0.086
1.249, 3.089, 1.269
1.035, 1.806, 0.802
1.244, 1.806, 0.969
4.011, 7.871, 5.566
1.235, 15.475, 2.529
0.851, 5.482, 1.231
0.886, 3.115, 1.309
0.43, 1.381, 0.43
0.4, 1.176, 0.387
0.468, 1.126, 0.434
0.208, 0.055, 0.025
0.591, 1.273, 0.552
1.197, 5.482, 1.611
0.662, 1.948, 0.766
1.841, 5.401, 2.238
2.358, 5.401, 2.392
0.573, 0.919, 0.408
0.677, 0.919, 0.509
3.94, 7.719, 5.458
1.244, 17.542, 2.878
0.741, 4.139, 0.895
0.284, 0.428, 0.163
0.428, 1.36, 0.418
0.394, 1.152, 0.382
0.462, 1.106, 0.429
0.207, 0.048, 0.023
0.594, 1.265, 0.52
1.693, 4.066, 1.278
1.991, 4.066, 1.693
1.569, 2.701, 1.351
3.108, 6.168, 4.361
1.574, 14.298, 3.461
1.228, 4.278, 2.084
0.568, 1.353, 0.47
0.892, 1.353, 0.564
1.3, 13.396, 2.141
0.344, 0.598, 0.3
0.751, 3.455, 1.525
2.153, 5.128, 2.462
0.661, 1.591, 0.594
0.287, 0.097, 0.049
1.951, 9.111, 2.88
0.918, 2.587, 1.194
1.13, 10.334, 1.877
0.585, 1.437, 0.457
0.381, 0.533, 0.199
0.65, 1.519, 0.603
1.105, 5.841, 1.313
1.013, 5.256, 1.553
0.523, 1.678, 0.723
1.728, 5.238, 2.454
1.105, 5.825, 1.24
2.187, 5.807, 1.965
2.906, 5.794, 2.399
0.773, 1.644, 0.465
0.57, 1.021, 0.391
0.79, 1.648, 0.657
0.308, 0.428, 0.179
3.158, 10.237, 4.836
0.987, 9.801, 2.788
0.126, 0.226, 0.096
1.788, 9.791, 3.939
2.579, 9.781, 4.831
1.704, 4.025, 1.414
1.673, 4.025, 1.512
1.415, 4.025, 1.886
1.644, 17.651, 2.766
2.063, 6.033, 2.813
0.322, 0.42, 0.19
0.894, 4.697, 1.234
1.62, 4.531, 1.862
0.468, 1.71, 0.57
0.537, 1.71, 0.656
0.67, 1.684, 0.785
3.232, 9.091, 3.713
3.154, 9.069, 4.254
1.08, 2.877, 1.056
0.524, 1.541, 0.524
0.786, 1.477, 0.742
2.13, 17.648, 3.674
2.458, 17.487, 5.207
4.004, 17.487, 7.669
2.209, 14.183, 4.686
3.699, 14.175, 6.137
2.567, 11.646, 3.752
3.03, 11.646, 4.2
5.438, 11.646, 5.927
1.639, 6.607, 1.835
1.531, 6.607, 1.915
2.395, 5.373, 2.8
1.621, 6.607, 1.907
1.199, 2.638, 1.046
1.619, 2.57, 1.125
2.071, 13.045, 3.556
5.556, 12.812, 6.686
1.48, 8.783, 2.577
0.863, 3.008, 0.988
1.211, 2.937, 1.266
1.08, 3.092, 1.102
0.9, 1.5, 0.772
1.266, 3.092, 1.333
1.738, 3.092, 1.424
1.019, 4.013, 1.111
1.002, 1.916, 1.025
1.172, 4.013, 1.387
1.597, 4.013, 1.747
0.943, 4.014, 1.121
1.037, 1.918, 1.005
1.165, 4.014, 1.387
1.58, 4.014, 1.756
0.967, 4.014, 1.11
1.053, 1.926, 0.999
1.154, 4.014, 1.393
1.569, 4.014, 1.763
1.924, 7.614, 2.36
3.206, 7.614, 3.233
0.774, 1.56, 0.479
0.815, 1.56, 0.571
1.201, 20.694, 3.752
0.288, 0.37, 0.19
0.306, 0.824, 0.267
0.342, 0.824, 0.32
0.354, 0.822, 0.353
0.146, 0.159, 0.081
1.227, 5.046, 1.745
2.003, 4.948, 2.315
1.786, 13.998, 2.986
0.403, 0.71, 0.356
0.615, 1.485, 0.755
0.974, 5.357, 1.551
1.577, 5.331, 2.078
1.235, 3.163, 1.495
0.445, 0.494, 0.209
0.389, 0.49, 0.246
1.93, 13.998, 3.271
1.941, 12.93, 4.079
2.508, 12.883, 5.152
2.166, 12.93, 4.471
4.142, 12.81, 6.016
1.893, 13.998, 3.15
2.216, 13.431, 3.861
0.802, 2.336, 0.947
1.86, 13.998, 3.105
2.644, 8.665, 4.104
1.15, 7.404, 1.887
0.679, 2.431, 0.746
1.013, 2.39, 1.063
0.4, 0.694, 0.288
0.493, 0.694, 0.364
3.717, 7.404, 5.235
1.72, 11.609, 3.418
0.527, 2.468, 0.678
0.795, 2.369, 1.019
0.37, 0.556, 0.24
0.444, 0.556, 0.285
1.247, 2.471, 1.748
3.69, 12.53, 4.837
2.704, 5.19, 2.6
1.758, 13.971, 3.423
1.387, 13.971, 3.133
1.478, 13.971, 3.309
0.467, 0.57, 0.247
0.696, 1.325, 0.709
2.458, 13.971, 4.757
1.049, 2.467, 1.197
7.036, 13.947, 9.862
2.043, 9.753, 2.838
2.197, 9.753, 2.904
2.083, 9.753, 2.828
1.932, 9.753, 2.895
1.702, 9.516, 2.68
2.182, 9.516, 3.201
3.838, 9.425, 4.053
3.527, 9.753, 4.324
1.467, 7.783, 1.903
1.354, 7.783, 1.754
1.263, 7.783, 1.765
1.362, 7.783, 2.201
1.818, 7.783, 2.591
3.055, 7.783, 3.349
1.296, 3.234, 1.353
1.567, 2.595, 1.372
1.637, 16.581, 2.742
0.29, 0.364, 0.165
0.872, 1.32, 0.647
1.83, 12.134, 3.915
3.533, 12.134, 5.811
1.802, 12.976, 3.11
2.617, 12.976, 3.712
2.542, 5.091, 2.401
4.198, 12.769, 5.939
0.52, 0.935, 0.385
0.641, 0.935, 0.478
2.516, 9.79, 3.445
2.545, 9.757, 4.097
1.508, 13.875, 2.371
2.915, 13.733, 5.084
0.448, 0.614, 0.29
1.269, 6.656, 1.815
1.293, 6.656, 1.857
0.847, 5.737, 1.786
0.859, 4.54, 1.822
1.24, 5.737, 2.524
1.614, 6.605, 1.957
1.912, 6.291, 2.248
1.403, 4.642, 1.93
1.431, 6.524, 1.884
2.638, 6.494, 2.532
0.589, 1.053, 0.393
0.66, 1.053, 0.528
0.347, 0.669, 0.335
1.464, 10.697, 2.174
5.228, 10.52, 4.747
1.224, 8.443, 1.777
1.257, 8.443, 1.82
0.506, 3.785, 1.046
0.442, 2.015, 0.799
0.842, 3.785, 1.656
1.514, 8.435, 1.987
1.142, 4.116, 1.433
0.587, 1.743, 0.718
1.617, 8.435, 2.14
1.909, 8.435, 2.292
1.411, 7.693, 1.916
1.579, 7.693, 2.332
1.646, 5.301, 2.156
1.849, 7.693, 3.292
0.944, 2.129, 1.017
3.944, 8.267, 3.18
0.454, 0.72, 0.326
0.555, 0.72, 0.402
0.305, 0.588, 0.295
1.154, 3.073, 1.692
0.888, 18.644, 2.411
0.228, 0.193, 0.108
0.743, 3.416, 0.885
0.661, 1.648, 0.623
0.917, 1.629, 0.649
0.278, 0.623, 0.34
0.596, 2.415, 0.663
0.567, 2.415, 0.704
0.722, 1.718, 0.65
0.73, 2.379, 1.16
0.28, 0.62, 0.341
0.367, 1.178, 0.375
0.292, 0.662, 0.277
0.85, 2.996, 1.074
1.356, 2.959, 1.387
0.935, 9.788, 1.638
0.502, 1.214, 0.639
0.516, 2.361, 1.046
0.598, 2.067, 0.783
0.729, 2.067, 0.901
0.654, 1.787, 0.852
0.221, 0.226, 0.092
0.196, 0.202, 0.101
0.663, 3.108, 1.058
0.184, 0.163, 0.076
0.333, 0.54, 0.236
1.267, 3.738, 1.266
1.316, 3.738, 1.353
0.787, 2.175, 0.995
1.305, 17.386, 2.805
0.09, 0.172, 0.088
0.959, 3.614, 1.508
0.969, 4.505, 1.352
1.457, 4.491, 1.821
1.235, 3.164, 1.495
0.428, 0.493, 0.202
0.375, 0.446, 0.224
2.46, 17.192, 5.641
0.394, 0.442, 0.215
1.536, 6.711, 2.103
1.791, 6.711, 2.356
0.645, 1.522, 0.678
1.451, 15.713, 2.169
0.98, 9.995, 1.793
0.649, 1.538, 0.485
0.667, 1.485, 0.603
0.639, 0.951, 0.41
0.445, 0.05, 0.035
1.429, 9.995, 2.96
0.237, 0.25, 0.177
1.572, 2.867, 1.644
2.996, 0.024, 0.017
1.493, 7.361, 2.101
0.611, 1.503, 0.545
0.75, 1.503, 0.658
0.684, 1.822, 0.602
0.388, 0.446, 0.207
1.809, 13.446, 2.567
1.316, 4.792, 1.852
1.533, 12.194, 2.465
1.548, 12.194, 2.505
1.509, 10.391, 2.797
1.835, 10.369, 4.201
1.39, 6.505, 2.238
2.465, 6.293, 2.9
1.611, 12.19, 2.454
2.509, 7.904, 2.602
2.722, 7.904, 3.394
1.329, 12.19, 2.446
0.77, 3.716, 1.059
1.454, 3.715, 1.51
0.201, 0.546, 0.218
2.117, 12.129, 3.638
2.973, 12.105, 4.622
0.449, 0.734, 0.519
1.941, 13.444, 2.645
2.695, 12.911, 5.122
1.987, 13.444, 2.555
1.093, 3.373, 1.096
0.843, 2.73, 0.852
1.255, 2.687, 0.964
3.842, 10.766, 4.317
1.385, 5.392, 1.524
0.749, 1.081, 0.454
0.756, 0.998, 0.442
1.198, 3.119, 1.131
0.851, 2.131, 0.87
2.384, 13.444, 2.958
2.029, 8.656, 2.343
2.753, 8.629, 2.814
2.931, 7.501, 2.625
3.363, 7.403, 3.099
2.356, 8.587, 3.352
3.503, 8.587, 4.227
1.483, 7.199, 1.912
1.651, 5.518, 1.816
1.821, 5.5, 1.959
0.89, 1.867, 0.823
1.221, 7.199, 2.019
1.611, 7.191, 2.343
1.128, 2.817, 1.355
1.829, 4.367, 1.939
0.761, 1.261, 0.474
1.656, 11.287, 2.464
0.903, 2.19, 0.984
1.806, 11.287, 2.675
1.126, 4.495, 1.328
0.864, 3.225, 1.011
1.164, 3.2, 1.23
2.98, 11.18, 4.249
2.642, 10.185, 4.406
2.563, 6.787, 2.873
0.783, 1.66, 0.698
2.838, 8.072, 3.155
2.538, 8.072, 3.772
3.023, 8.07, 3.023
2.927, 8.07, 3.709
1.755, 3.222, 1.611
1.303, 15.713, 1.978
1.562, 12.309, 2.293
1.606, 12.309, 2.328
1.224, 6.498, 1.477
1.214, 6.461, 1.406
0.689, 1.255, 0.593
1.278, 6.455, 1.812
1.396, 6.455, 1.997
0.754, 1.604, 0.588
1.277, 5.262, 1.387
1.355, 3.75, 1.519
1.176, 5.262, 1.547
1.33, 5.262, 1.686
0.929, 2.522, 0.991
1.342, 4.795, 1.392
1.317, 4.795, 1.538
0.813, 1.29, 0.595
2.692, 5.283, 3.736
1.773, 12.282, 2.913
1.497, 7.909, 2.153
0.451, 1.163, 0.378
0.497, 1.145, 0.443
1.929, 5.255, 2.01
0.898, 3.17, 1.545
3.218, 5.152, 2.292
0.654, 1.14, 0.806
1.153, 7.762, 1.701
0.998, 3.262, 1.112
0.954, 3.252, 1.183
0.552, 1.42, 0.553
1.092, 2.922, 1.176
0.424, 1.404, 0.677
1.989, 2.88, 1.327
0.281, 0.46, 0.325
1.988, 9.343, 2.898
1.544, 6.623, 2.194
0.431, 0.958, 0.365
2.025, 3.915, 2.768
2.634, 11.3, 3.146
2.529, 11.3, 3.043
1.845, 7.138, 2.244
2.164, 7.138, 2.411
2.991, 7.138, 2.831
3.857, 7.138, 3.6
4.241, 8.892, 4.097
0.779, 1.378, 0.974
0.804, 9.811, 1.474
0.551, 1.671, 0.486
0.379, 1.104, 0.423
0.481, 1.389, 0.426
0.5, 1.389, 0.463
0.489, 1.389, 0.544
0.567, 1.671, 0.507
0.659, 1.438, 0.686
0.496, 1.671, 0.49
0.537, 1.671, 0.533
0.558, 1.671, 0.664
0.562, 1.58, 0.478
0.521, 1.58, 0.507
0.374, 0.605, 0.275
0.991, 1.91, 1.351
1.099, 6.873, 1.427
0.945, 5.364, 1.067
0.465, 1.221, 0.459
0.879, 3.161, 1.045
0.95, 3.161, 1.134
0.969, 3.161, 1.202
1.026, 5.363, 1.176
1.496, 5.282, 2.079
0.863, 2.63, 0.948
0.953, 2.63, 1.017
0.972, 2.608, 1.001
0.971, 2.762, 0.908
0.983, 2.762, 1.014
0.86, 2.729, 1.136
0.924, 1.777, 1.256
1.233, 6.154, 1.443
1.173, 6.154, 1.334
0.463, 1.221, 0.458
1.307, 6.154, 1.616
1.039, 3.127, 0.981
0.597, 1.551, 0.582
2.293, 6.072, 2.605
1.211, 5.222, 1.309
1.449, 5.119, 2.03
1.302, 4.806, 1.409
1.494, 4.806, 1.581
0.6, 1.244, 0.47
1.279, 3.109, 1.261
1.095, 3.406, 1.007
1.157, 3.318, 1.089
0.495, 0.665, 0.291
1.172, 2.531, 1.105
0.618, 1.164, 0.823
0.992, 5.659, 1.429
0.755, 2.918, 0.939
0.325, 1.101, 0.342
0.381, 1.101, 0.448
1.144, 2.918, 1.185
0.41, 1.357, 0.655
1.986, 2.876, 1.326
0.273, 0.444, 0.314
0.991, 5.665, 1.463
0.729, 2.916, 0.915
0.388, 1.205, 0.402
0.408, 1.205, 0.486
1.035, 2.916, 1.182
0.404, 1.334, 0.644
1.984, 2.875, 1.325
0.269, 0.436, 0.308
1.459, 9.184, 1.903
0.684, 1.165, 0.508
1.594, 9.184, 2.152
1.861, 9.184, 2.94
2.181, 9.169, 3.954
1.439, 3.93, 1.484
0.957, 2.839, 1.334
2.231, 3.901, 1.784
1.231, 3.452, 1.444
0.939, 1.731, 1.224
1.301, 9.438, 1.832
1.256, 9.438, 1.801
0.298, 0.37, 0.204
1.146, 2.172, 0.868
1.043, 1.709, 0.838
1.278, 9.438, 1.865
1.269, 9.438, 1.87
2.238, 5.565, 2.992
0.698, 2.889, 0.85
0.366, 0.425, 0.181
0.573, 0.999, 0.706
1.341, 8.266, 2.062
1.332, 8.266, 2.018
0.384, 0.909, 0.281
0.327, 0.42, 0.144
0.529, 0.909, 0.643
1.54, 8.266, 2.097
1.708, 8.266, 2.376
1.431, 8.266, 2.696
2.004, 8.253, 3.537
1.601, 3.24, 1.455
0.331, 0.553, 0.391
1.227, 9.428, 1.989
1.133, 6.543, 1.664
0.443, 1.208, 0.404
0.304, 0.424, 0.154
0.595, 1.053, 0.744
1.192, 6.287, 2.024
0.37, 0.653, 0.255
0.286, 0.471, 0.333
1.302, 4.321, 1.489
1.372, 4.321, 1.594
0.986, 4.321, 1.498
1.21, 4.312, 1.798
1.595, 3.228, 1.452
0.322, 0.536, 0.379
1.406, 5.899, 1.564
1.416, 5.899, 1.631
1.126, 3.768, 1.273
1.283, 3.768, 1.327
1.791, 3.768, 1.517
1.986, 3.767, 1.89
1.942, 3.206, 1.516
2.36, 4.629, 3.273
0.957, 5.198, 1.557
0.311, 0.446, 0.193
0.274, 0.44, 0.311
1.08, 4.021, 1.41
0.795, 2.435, 0.987
0.273, 0.438, 0.31
2.525, 15.688, 4.559
2.751, 15.688, 4.745
1.972, 14.966, 3.794
2.071, 14.966, 4.187
2.697, 14.917, 5.067
0.912, 2.877, 1.37
0.934, 9.788, 1.635
0.502, 1.214, 0.639
0.516, 2.361, 1.046
0.598, 2.067, 0.783
0.729, 2.067, 0.901
0.654, 1.787, 0.852
0.221, 0.229, 0.093
0.195, 0.205, 0.103
0.663, 3.108, 1.058
0.184, 0.163, 0.076
0.333, 0.54, 0.236
1.259, 3.738, 1.239
1.306, 3.738, 1.319
0.767, 1.961, 0.884
1.608, 22.68, 2.528
0.971, 9.761, 1.759
0.647, 1.56, 0.49
0.667, 1.485, 0.603
0.631, 0.951, 0.402
0.445, 0.05, 0.035
1.409, 9.76, 2.892
0.237, 0.25, 0.177
1.574, 3.102, 1.662
3.002, 0.485, 0.343
1.489, 7.362, 2.098
0.61, 1.503, 0.545
0.75, 1.503, 0.658
0.683, 1.822, 0.602
0.387, 0.447, 0.207
2.672, 22.677, 3.84
1.582, 6.552, 2.579
1.533, 12.243, 2.469
1.547, 12.243, 2.508
1.509, 10.391, 2.797
1.835, 10.369, 4.201
1.389, 6.505, 2.238
2.465, 6.293, 2.9
1.61, 12.239, 2.46
2.509, 7.907, 2.603
2.722, 7.907, 3.395
1.329, 12.239, 2.454
0.766, 3.716, 1.053
1.442, 3.714, 1.505
0.203, 0.546, 0.218
2.122, 12.178, 3.653
2.981, 12.154, 4.642
0.449, 0.734, 0.519
3.272, 22.677, 4.305
3.677, 18.44, 4.975
4.455, 18.44, 7.083
2.336, 8.249, 3.135
3.217, 22.677, 4.257
2.493, 12.143, 3.289
1.101, 4.211, 1.29
1.564, 4.168, 1.568
2.99, 10.766, 3.74
2.65, 7.882, 3.471
4.722, 22.544, 5.656
3.146, 9.051, 3.024
1.935, 6.525, 2.397
3.395, 22.39, 4.492
2.913, 15.616, 3.379
2.495, 8.093, 2.569
3.628, 8.093, 3.422
0.696, 2.015, 0.87
3.279, 15.616, 4.103
2.192, 7.997, 2.573
1.904, 6.489, 2.223
1.707, 6.354, 2.716
4.227, 22.379, 5.871
4.319, 22.379, 6.138
3.654, 17.76, 4.725
4.07, 17.686, 5.146
5.259, 17.41, 5.85
5.959, 17.41, 7.483
2.178, 3.953, 1.787
0.741, 1.261, 0.504
2.508, 8.262, 3.074
2.254, 8.262, 4.026
3.045, 8.276, 3.067
2.978, 8.276, 3.806
1.73, 3.228, 1.615
1.288, 14.909, 1.898
1.563, 12.307, 2.296
1.607, 12.307, 2.33
1.225, 6.498, 1.485
1.215, 6.461, 1.415
0.69, 1.255, 0.593
1.277, 6.455, 1.812
1.395, 6.455, 1.997
0.753, 1.604, 0.588
1.271, 5.261, 1.396
1.311, 3.636, 1.481
1.174, 5.261, 1.548
1.327, 5.261, 1.686
0.929, 2.521, 0.991
1.347, 4.944, 1.435
1.322, 4.944, 1.587
0.813, 1.29, 0.595
2.692, 5.283, 3.736
1.776, 12.279, 2.912
1.5, 7.909, 2.152
0.451, 1.163, 0.378
0.497, 1.145, 0.443
1.936, 5.255, 2.005
0.898, 3.17, 1.545
3.213, 5.17, 2.3
0.654, 1.14, 0.806
1.154, 7.762, 1.7
0.999, 3.262, 1.111
0.954, 3.252, 1.182
0.552, 1.421, 0.553
1.095, 2.921, 1.174
0.424, 1.404, 0.677
1.989, 2.88, 1.327
0.281, 0.46, 0.325
1.988, 9.343, 2.897
1.543, 6.617, 2.192
0.431, 0.958, 0.365
2.025, 3.915, 2.768
2.639, 11.302, 3.149
2.534, 11.302, 3.047
1.847, 7.136, 2.245
2.168, 7.136, 2.411
3.003, 7.136, 2.825
3.857, 7.136, 3.6
4.241, 8.892, 4.097
0.779, 1.378, 0.974
0.796, 9.515, 1.44
0.548, 1.671, 0.487
0.376, 1.104, 0.422
0.48, 1.389, 0.426
0.499, 1.389, 0.464
0.489, 1.389, 0.544
0.562, 1.671, 0.507
0.644, 1.425, 0.684
0.495, 1.671, 0.49
0.536, 1.671, 0.533
0.558, 1.671, 0.664
0.559, 1.588, 0.481
0.517, 1.588, 0.509
0.374, 0.605, 0.275
0.981, 1.89, 1.336
1.097, 6.788, 1.423
0.943, 5.333, 1.065
0.465, 1.221, 0.459
0.879, 3.161, 1.045
0.949, 3.161, 1.134
0.969, 3.161, 1.202
1.022, 5.333, 1.174
1.481, 5.251, 2.073
0.862, 2.63, 0.948
0.952, 2.63, 1.018
0.972, 2.608, 1.001
0.969, 2.762, 0.91
0.981, 2.762, 1.016
0.86, 2.729, 1.136
0.915, 1.758, 1.243
1.228, 6.148, 1.436
1.17, 6.148, 1.332
0.463, 1.221, 0.458
1.306, 6.148, 1.616
1.037, 3.134, 0.983
0.597, 1.551, 0.583
2.293, 6.066, 2.603
1.207, 5.198, 1.305
1.435, 5.095, 2.026
1.299, 4.806, 1.405
1.494, 4.806, 1.581
0.6, 1.244, 0.471
1.268, 3.051, 1.238
1.094, 3.406, 1.006
1.157, 3.317, 1.09
0.495, 0.665, 0.291
1.166, 2.535, 1.1
0.609, 1.147, 0.811
0.992, 5.659, 1.427
0.755, 2.918, 0.939
0.325, 1.101, 0.342
0.381, 1.101, 0.448
1.145, 2.918, 1.184
0.41, 1.357, 0.655
1.986, 2.876, 1.326
0.273, 0.444, 0.314
0.989, 5.665, 1.457
0.73, 2.916, 0.915
0.387, 1.205, 0.402
0.408, 1.205, 0.486
1.036, 2.916, 1.182
0.404, 1.334, 0.644
1.984, 2.875, 1.325
0.269, 0.436, 0.308
1.46, 9.184, 1.902
0.685, 1.165, 0.51
1.598, 9.184, 2.151
1.861, 9.184, 2.94
2.18, 9.169, 3.954
1.448, 3.93, 1.483
0.957, 2.839, 1.334
2.231, 3.901, 1.783
1.231, 3.452, 1.444
0.939, 1.731, 1.224
1.303, 9.256, 1.832
1.259, 9.256, 1.802
0.298, 0.37, 0.204
1.144, 2.172, 0.868
1.041, 1.727, 0.838
1.281, 9.256, 1.866
1.272, 9.256, 1.871
2.22, 5.483, 2.939
0.69, 2.806, 0.825
0.366, 0.425, 0.181
0.573, 0.999, 0.706
1.352, 8.265, 2.08
1.346, 8.265, 2.042
0.383, 0.909, 0.282
0.327, 0.42, 0.144
0.529, 0.909, 0.643
1.564, 8.265, 2.135
1.744, 8.265, 2.423
1.43, 8.265, 2.696
2.002, 8.252, 3.538
1.599, 3.237, 1.455
0.322, 0.536, 0.379
1.228, 9.245, 1.981
1.138, 6.544, 1.674
0.442, 1.208, 0.405
0.304, 0.424, 0.154
0.594, 1.053, 0.744
1.189, 6.287, 2.02
0.369, 0.652, 0.254
0.286, 0.471, 0.333
1.315, 4.483, 1.515
1.392, 4.483, 1.628
1.003, 4.483, 1.543
1.241, 4.474, 1.869
1.592, 3.223, 1.451
0.314, 0.519, 0.367
1.408, 5.863, 1.565
1.42, 5.863, 1.632
1.128, 3.768, 1.274
1.285, 3.768, 1.329
1.796, 3.768, 1.517
1.986, 3.767, 1.89
1.939, 3.201, 1.515
2.344, 4.597, 3.25
0.956, 5.198, 1.555
0.311, 0.446, 0.193
0.274, 0.44, 0.311
1.078, 4.021, 1.408
0.795, 2.435, 0.987
0.273, 0.438, 0.31
2.088, 14.886, 3.504
2.232, 14.886, 3.657
1.966, 14.886, 3.774
2.063, 14.886, 4.163
2.7, 14.836, 5.035
0.912, 2.877, 1.37
1.147, 12.689, 2.34
0.511, 1.02, 0.51
0.029, 0.02, 0.008
0.565, 2.835, 0.811
0.545, 1.469, 0.601
0.482, 1.116, 0.526
0.21, 0.234, 0.096
0.183, 0.215, 0.108
0.653, 3.086, 1.047
0.191, 0.19, 0.095
1.488, 6.149, 1.968
1.53, 6.149, 2.183
0.925, 1.944, 0.938
5.283, 23.444, 10.328
0.951, 19.581, 2.196
0.256, 0.211, 0.106
0.615, 2.018, 0.733
0.59, 2.018, 0.749
0.791, 1.771, 0.751
0.153, 0.296, 0.153
0.548, 2.132, 0.672
0.529, 2.132, 0.723
0.718, 2.072, 0.969
0.446, 1.043, 0.481
0.151, 0.289, 0.15
0.361, 1.203, 0.38
0.293, 0.666, 0.279
1.562, 6.373, 2.106
0.655, 1.687, 0.693
1.028, 3.078, 1.267
0.654, 1.666, 0.618
0.599, 1.568, 0.63
0.957, 3.493, 1.482
0.942, 2.664, 0.9
1.108, 2.664, 1.025
0.99, 3.203, 1.512
0.973, 9.494, 1.382
0.334, 0.233, 0.11
1.178, 4.432, 1.493
1.766, 4.414, 2.452
0.806, 2.535, 0.78
0.37, 0.385, 0.219
0.896, 2.056, 0.94
0.571, 0.918, 0.388
0.353, 0.687, 0.231
0.311, 0.411, 0.21
0.624, 2.235, 0.725
0.738, 1.503, 0.718
0.66, 2.235, 0.869
0.885, 2.235, 1.024
1.091, 3.03, 1.129
0.913, 2.503, 1.075
1.098, 2.51, 1.064
1.489, 2.51, 1.129
0.785, 2.245, 0.767
0.737, 1.775, 0.697
0.756, 2.245, 0.834
1.018, 2.245, 0.94
0.897, 3.259, 1.231
0.288, 0.438, 0.189
1.074, 2.302, 1.103
0.542, 1.752, 0.762
3.826, 9.287, 5.008
1.602, 21.419, 3.879
0.195, 0.487, 0.266
0.962, 3.599, 1.506
0.969, 4.505, 1.352
1.457, 4.491, 1.821
1.235, 3.164, 1.495
0.428, 0.493, 0.202
0.375, 0.446, 0.224
2.318, 15.87, 5.201
0.402, 0.429, 0.216
1.243, 6.701, 1.824
1.359, 6.701, 1.994
0.505, 1.002, 0.346
0.604, 1.002, 0.451
1.239, 14.256, 2.274
0.223, 0.452, 0.227
0.579, 2.673, 1.182
0.572, 3.048, 0.993
0.854, 3.048, 1.329
0.127, 0.036, 0.015
0.229, 0.253, 0.1
0.198, 0.201, 0.101
1.063, 5.192, 1.771
0.238, 0.208, 0.086
1.925, 8.455, 2.398
2.269, 8.411, 3.198
3.504, 8.305, 3.932
1.41, 14.226, 3.343
2.294, 14.217, 4.849
3.194, 14.217, 6.197
0.582, 1.614, 0.621
0.721, 1.614, 0.699
0.632, 0.929, 0.523
1.422, 15.418, 2.115
0.971, 9.761, 1.759
0.647, 1.56, 0.49
0.667, 1.485, 0.603
0.631, 0.951, 0.402
0.445, 0.05, 0.035
1.409, 9.76, 2.892
0.237, 0.25, 0.177
1.574, 3.102, 1.662
3.002, 0.485, 0.343
1.489, 7.362, 2.098
0.61, 1.503, 0.545
0.75, 1.503, 0.658
0.683, 1.822, 0.602
0.387, 0.447, 0.207
1.702, 13.502, 2.415
1.582, 6.552, 2.579
1.533, 12.243, 2.469
1.547, 12.243, 2.508
1.509, 10.391, 2.797
1.835, 10.369, 4.201
1.389, 6.505, 2.238
2.465, 6.293, 2.9
1.61, 12.239, 2.46
2.509, 7.907, 2.603
2.722, 7.907, 3.395
1.329, 12.239, 2.454
0.766, 3.716, 1.053
1.442, 3.714, 1.505
0.203, 0.546, 0.218
2.122, 12.178, 3.653
2.981, 12.154, 4.642
0.449, 0.734, 0.519
1.781, 13.502, 2.415
2.695, 12.909, 5.122
2.114, 13.502, 2.658
1.34, 4.381, 1.446
1.121, 4.381, 1.342
1.599, 4.338, 1.64
3.034, 10.799, 3.768
2.729, 7.938, 3.529
2.387, 13.502, 2.905
2.136, 8.224, 2.335
2.495, 8.093, 2.57
3.521, 8.093, 3.421
0.751, 2.291, 0.993
2.063, 7.997, 2.368
2.193, 7.997, 2.574
1.904, 6.494, 2.225
1.708, 6.36, 2.719
3.825, 13.372, 5.259
5.059, 13.372, 6.294
1.876, 3.99, 1.838
0.748, 1.268, 0.507
1.188, 6.947, 1.465
0.902, 2.19, 0.987
1.199, 6.947, 1.535
0.736, 3.331, 0.867
0.524, 1.634, 0.496
0.667, 1.61, 0.594
1.277, 3.373, 1.223
0.882, 2.244, 1.025
1.921, 6.888, 2.202
1.59, 6.686, 2.046
3.072, 6.686, 2.906
0.303, 0.65, 0.28
2.977, 6.863, 3.183
0.558, 1.241, 0.479
0.472, 1.112, 0.423
2.846, 8.156, 3.173
2.557, 8.156, 3.814
3.034, 8.173, 3.045
2.952, 8.173, 3.758
1.729, 3.228, 1.615
1.301, 15.418, 1.969
1.563, 12.307, 2.294
1.606, 12.307, 2.328
1.226, 6.498, 1.484
1.216, 6.461, 1.414
0.69, 1.255, 0.593
1.277, 6.455, 1.813
1.395, 6.455, 1.997
0.754, 1.605, 0.588
1.274, 5.264, 1.395
1.338, 3.636, 1.482
1.174, 5.264, 1.549
1.327, 5.264, 1.687
0.929, 2.523, 0.992
1.347, 4.95, 1.437
1.323, 4.95, 1.589
0.813, 1.29, 0.595
2.692, 5.283, 3.736
1.776, 12.28, 2.912
1.5, 7.909, 2.152
0.451, 1.163, 0.378
0.497, 1.145, 0.443
1.936, 5.255, 2.005
0.898, 3.17, 1.545
3.213, 5.17, 2.3
0.654, 1.14, 0.806
1.154, 7.762, 1.7
0.999, 3.263, 1.111
0.954, 3.253, 1.183
0.552, 1.421, 0.553
1.095, 2.921, 1.174
0.424, 1.404, 0.677
1.989, 2.88, 1.327
0.281, 0.46, 0.325
1.99, 9.343, 2.9
1.546, 6.644, 2.2
0.431, 0.958, 0.365
2.025, 3.915, 2.768
2.632, 11.298, 3.143
2.525, 11.298, 3.038
1.844, 7.136, 2.244
2.164, 7.136, 2.411
2.99, 7.136, 2.831
3.856, 7.136, 3.6
4.241, 8.892, 4.097
0.779, 1.378, 0.974
0.798, 9.518, 1.441
0.55, 1.672, 0.486
0.377, 1.104, 0.422
0.48, 1.389, 0.426
0.499, 1.389, 0.464
0.489, 1.389, 0.544
0.565, 1.672, 0.507
0.657, 1.425, 0.683
0.496, 1.672, 0.49
0.536, 1.672, 0.533
0.558, 1.672, 0.664
0.559, 1.589, 0.481
0.517, 1.589, 0.509
0.374, 0.605, 0.275
0.991, 1.91, 1.351
1.097, 6.789, 1.42
0.945, 5.333, 1.065
0.466, 1.221, 0.458
0.879, 3.16, 1.045
0.949, 3.16, 1.134
0.969, 3.16, 1.202
1.024, 5.333, 1.173
1.491, 5.252, 2.068
0.862, 2.631, 0.948
0.952, 2.631, 1.018
0.972, 2.608, 1.001
0.97, 2.762, 0.91
0.981, 2.762, 1.016
0.86, 2.729, 1.136
0.924, 1.777, 1.256
1.232, 6.174, 1.441
1.172, 6.174, 1.332
0.463, 1.221, 0.458
1.309, 6.174, 1.62
1.038, 3.125, 0.981
0.597, 1.551, 0.582
2.298, 6.092, 2.613
1.209, 5.199, 1.305
1.446, 5.096, 2.021
1.298, 4.806, 1.404
1.493, 4.806, 1.58
0.6, 1.244, 0.471
1.269, 3.054, 1.239
1.094, 3.406, 1.006
1.157, 3.318, 1.089
0.495, 0.665, 0.291
1.167, 2.537, 1.101
0.618, 1.164, 0.823
0.992, 5.659, 1.427
0.755, 2.918, 0.939
0.325, 1.101, 0.342
0.381, 1.101, 0.448
1.145, 2.918, 1.184
0.41, 1.357, 0.655
1.986, 2.876, 1.326
0.273, 0.444, 0.314
0.989, 5.665, 1.457
0.73, 2.916, 0.914
0.388, 1.205, 0.402
0.408, 1.205, 0.486
1.036, 2.916, 1.181
0.404, 1.334, 0.644
1.984, 2.875, 1.325
0.269, 0.436, 0.308
1.461, 9.186, 1.902
0.685, 1.165, 0.51
1.598, 9.186, 2.151
1.861, 9.186, 2.94
2.181, 9.171, 3.955
1.449, 3.93, 1.483
0.957, 2.839, 1.334
2.231, 3.901, 1.784
1.231, 3.452, 1.444
0.939, 1.731, 1.224
1.296, 9.256, 1.821
1.252, 9.256, 1.789
0.299, 0.37, 0.203
1.145, 2.172, 0.868
1.041, 1.728, 0.839
1.273, 9.256, 1.853
1.264, 9.256, 1.858
2.22, 5.483, 2.94
0.69, 2.806, 0.825
0.366, 0.425, 0.182
0.573, 0.999, 0.706
1.337, 8.265, 2.056
1.329, 8.265, 2.014
0.383, 0.909, 0.282
0.327, 0.42, 0.144
0.529, 0.909, 0.643
1.535, 8.265, 2.09
1.701, 8.265, 2.368
1.431, 8.265, 2.696
2.003, 8.252, 3.537
1.6, 3.237, 1.454
0.322, 0.536, 0.379
1.221, 9.245, 1.972
1.131, 6.544, 1.661
0.442, 1.208, 0.405
0.304, 0.424, 0.154
0.595, 1.053, 0.745
1.189, 6.287, 2.02
0.37, 0.652, 0.254
0.286, 0.471, 0.333
1.299, 4.32, 1.484
1.368, 4.32, 1.589
0.986, 4.32, 1.497
1.21, 4.311, 1.798
1.594, 3.223, 1.45
0.314, 0.519, 0.367
1.403, 5.863, 1.558
1.412, 5.863, 1.623
1.126, 3.768, 1.273
1.283, 3.768, 1.327
1.791, 3.768, 1.517
1.986, 3.767, 1.89
1.941, 3.201, 1.514
2.36, 4.629, 3.273
0.956, 5.198, 1.555
0.311, 0.446, 0.194
0.274, 0.44, 0.311
1.079, 4.021, 1.408
0.795, 2.438, 0.988
0.273, 0.438, 0.31
2.511, 15.393, 4.513
2.734, 15.393, 4.698
1.971, 14.944, 3.789
2.069, 14.944, 4.181
2.695, 14.895, 5.06
0.912, 2.876, 1.37
1.241, 17.542, 2.229
0.147, 0.087, 0.037
0.265, 0.557, 0.272
1.04, 2.585, 1.209
0.447, 0.855, 0.312
1.281, 17.542, 2.334
0.41, 0.355, 0.251
1.298, 17.542, 2.362
1.91, 3.947, 1.566
1.5, 3.775, 2.039
1.265, 17.542, 2.415
1.199, 7.896, 1.697
0.954, 4.902, 1.095
0.858, 2.137, 0.87
1.009, 4.87, 1.269
1.016, 4.87, 1.383
1.267, 4.741, 1.63
0.388, 0.184, 0.086
1.249, 3.089, 1.269
1.035, 1.806, 0.802
1.244, 1.806, 0.969
4.011, 7.871, 5.566
1.235, 15.475, 2.529
0.851, 5.482, 1.231
0.886, 3.115, 1.309
0.43, 1.381, 0.43
0.4, 1.176, 0.387
0.468, 1.126, 0.434
0.208, 0.055, 0.025
0.591, 1.273, 0.552
1.197, 5.482, 1.611
0.662, 1.948, 0.766
1.841, 5.401, 2.238
2.358, 5.401, 2.392
0.573, 0.919, 0.408
0.677, 0.919, 0.509
3.94, 7.719, 5.458
1.244, 17.542, 2.878
0.741, 4.139, 0.895
0.284, 0.428, 0.163
0.428, 1.36, 0.418
0.394, 1.152, 0.382
0.462, 1.106, 0.429
0.207, 0.048, 0.023
0.594, 1.265, 0.52
1.693, 4.066, 1.278
1.991, 4.066, 1.693
1.569, 2.701, 1.351
3.108, 6.168, 4.361
2.741, 13.887, 3.904
1.218, 3.716, 1.761
2.777, 5.916, 2.878
1.205, 13.216, 2.491
0.353, 0.301, 0.119
0.394, 0.684, 0.235
0.287, 0.266, 0.126
0.742, 1.925, 0.728
0.791, 1.871, 0.881
1.415, 13.216, 2.751
0.775, 7.556, 1.794
0.167, 0.448, 0.163
1.465, 7.556, 2.607
2.57, 7.479, 3.5
1.7, 13.216, 3.081
2.291, 13.129, 3.948
1.08, 2.54, 1.079
1.602, 12.86, 2.904
3.972, 12.668, 5.993
1.201, 11.475, 2.703
1.281, 11.475, 2.878
0.82, 1.216, 0.612
0.438, 1.213, 0.387
0.33, 0.312, 0.141
1.514, 3.994, 1.415
1.475, 3.994, 1.514
1.539, 3.994, 2.164
2.552, 12.584, 4.36
0.746, 1.437, 0.689
0.394, 0.667, 0.235
0.306, 0.375, 0.14
1.609, 15.056, 2.566
0.477, 0.578, 0.278
2.583, 3.533, 1.663
0.788, 3.14, 0.961
0.907, 3.14, 1.338
1.525, 9.971, 2.386
2.151, 9.906, 4.399
1.507, 9.339, 2.265
4.168, 9.065, 4.191
0.833, 1.256, 0.472
1.295, 8.038, 2.001
0.304, 0.213, 0.151
1.692, 8.038, 2.724
1.074, 4.122, 1.758
1.033, 1.756, 0.842
1.359, 9.322, 2.118
0.984, 3.353, 1.434
1.463, 9.322, 2.246
2.552, 9.184, 2.913
2.552, 9.049, 3.781
0.995, 3.418, 1.191
0.293, 0.281, 0.142
0.588, 1.463, 0.568
0.455, 1.463, 0.633
1.637, 9.179, 2.963
0.439, 0.512, 0.211
6.236, 14.845, 7.834
1.438, 12.947, 2.554
0.397, 0.972, 0.516
0.338, 1.4, 0.614
0.568, 2.995, 0.983
0.848, 2.995, 1.314
0.128, 0.036, 0.015
0.225, 0.255, 0.1
0.193, 0.202, 0.101
1.075, 4.201, 1.497
0.232, 0.239, 0.101
2.024, 12.684, 3.422
1.436, 5.448, 1.929
2.0, 5.448, 2.514
1.634, 12.908, 3.03
2.119, 12.908, 4.392
2.932, 12.908, 5.612
1.357, 7.137, 2.127
1.563, 7.137, 2.317
2.33, 7.075, 3.291
2.286, 3.737, 1.971
2.078, 27.574, 3.486
0.336, 0.802, 0.386
1.016, 2.587, 1.207
0.151, 0.173, 0.078
1.124, 3.436, 1.643
1.187, 3.022, 1.381
0.742, 1.666, 0.507
0.645, 1.287, 0.462
0.557, 0.701, 0.323
2.523, 10.397, 2.977
2.179, 6.872, 2.447
2.926, 6.872, 2.901
1.983, 8.193, 2.648
1.898, 8.193, 2.751
3.349, 8.193, 3.466
1.906, 9.234, 2.931
1.787, 9.234, 3.012
1.09, 5.532, 2.045
0.368, 0.456, 0.254
2.233, 8.363, 3.574
0.602, 0.913, 0.397
0.884, 2.107, 0.655
0.485, 0.359, 0.152
2.179, 12.847, 3.945
0.662, 0.973, 0.447
0.406, 0.71, 0.265
0.633, 0.825, 0.339
7.697, 23.696, 9.306
7.447, 26.168, 9.954
2.183, 16.375, 3.319
1.993, 11.94, 3.294
2.467, 11.887, 3.94
0.778, 1.623, 0.69
2.177, 16.375, 3.333
2.893, 8.815, 3.199
4.203, 8.797, 4.084
0.952, 1.669, 1.18
1.519, 8.238, 2.648
0.828, 1.645, 0.78
1.392, 6.309, 2.003
2.005, 6.309, 2.993
1.607, 8.012, 2.081
1.521, 3.695, 1.518
1.747, 8.012, 2.321
2.271, 8.012, 2.999
2.392, 7.51, 3.519
1.412, 3.54, 1.44
1.439, 3.54, 1.563
2.349, 16.375, 3.644
2.391, 15.58, 3.446
2.445, 15.58, 3.486
4.392, 15.325, 5.878
4.05, 14.361, 5.16
3.91, 14.361, 5.673
4.282, 14.361, 6.924
5.155, 14.26, 5.882
2.041, 14.377, 2.741
3.817, 14.048, 5.414
1.861, 10.686, 2.385
1.161, 1.92, 0.92
1.359, 1.939, 0.784
1.849, 10.686, 2.481
1.313, 6.42, 1.93
1.762, 6.402, 2.235
2.527, 6.382, 3.082
2.058, 10.654, 2.685
3.631, 8.985, 3.393
1.652, 6.823, 2.056
2.26, 6.624, 2.692
1.48, 5.283, 1.674
1.683, 5.283, 1.825
2.122, 5.283, 2.307
1.758, 6.539, 2.373
2.029, 6.539, 2.815
2.733, 10.616, 4.537
3.559, 8.3, 3.601
0.802, 1.396, 0.987
2.273, 16.333, 4.324
1.988, 16.205, 3.781
2.9, 15.583, 4.906
1.985, 7.619, 2.826
1.285, 4.801, 1.848
0.644, 1.243, 0.527
4.751, 15.278, 6.466
0.863, 3.288, 1.028
0.643, 1.107, 0.423
0.769, 3.286, 1.121
0.955, 3.263, 1.263
0.499, 0.872, 0.616
1.599, 5.198, 2.354
2.322, 5.198, 2.673
2.013, 3.885, 2.747
3.083, 5.137, 2.215
0.826, 3.494, 1.101
0.521, 0.612, 0.292
0.643, 2.004, 0.677
0.733, 2.004, 0.772
0.923, 9.783, 1.653
0.589, 1.444, 0.763
0.514, 2.355, 1.043
0.599, 2.108, 0.789
0.734, 2.108, 0.912
0.653, 1.786, 0.852
0.22, 0.228, 0.092
0.194, 0.203, 0.102
0.656, 3.085, 1.051
0.178, 0.171, 0.081
0.327, 0.54, 0.235
1.305, 2.979, 1.186
1.526, 2.979, 1.348
1.012, 4.441, 1.362
0.493, 0.861, 0.342
1.75, 4.389, 2.055
1.503, 13.804, 2.537
0.419, 0.538, 0.253
0.701, 1.934, 0.755
0.769, 1.908, 0.881
0.48, 1.301, 0.519
0.609, 1.301, 0.66
1.594, 9.891, 2.592
1.93, 9.891, 3.083
4.077, 9.841, 4.336
0.572, 1.26, 0.579
1.173, 5.941, 2.012
1.368, 5.941, 2.33
1.886, 5.941, 2.815
2.184, 13.672, 4.036
0.555, 0.757, 0.29
0.491, 0.637, 0.28
1.548, 10.132, 2.283
1.619, 10.132, 2.353
2.349, 8.696, 3.63
1.723, 10.104, 2.427
1.004, 1.667, 0.639
0.891, 1.6, 0.587
0.791, 1.6, 0.642
0.599, 0.917, 0.415
1.659, 22.273, 4.167
0.152, 0.125, 0.068
0.867, 3.188, 0.953
0.482, 1.313, 0.479
0.702, 1.308, 0.552
1.69, 3.072, 1.291
2.261, 5.896, 2.578
0.593, 1.176, 0.54
1.845, 16.018, 3.757
0.434, 1.052, 0.555
0.542, 1.433, 0.534
0.396, 0.501, 0.254
0.51, 1.37, 0.554
0.67, 1.37, 0.715
2.79, 11.018, 3.87
3.491, 11.018, 4.471
3.254, 11.018, 4.771
1.549, 14.873, 4.079
0.531, 1.428, 0.789
0.168, 0.557, 0.232
0.245, 0.523, 0.29
1.241, 17.542, 2.229
0.147, 0.087, 0.037
0.265, 0.557, 0.272
1.04, 2.585, 1.209
0.447, 0.855, 0.312
1.281, 17.542, 2.334
0.41, 0.355, 0.251
1.298, 17.542, 2.362
1.91, 3.947, 1.566
1.5, 3.775, 2.039
1.265, 17.542, 2.415
1.199, 7.896, 1.697
0.954, 4.902, 1.095
0.858, 2.137, 0.87
1.009, 4.87, 1.269
1.016, 4.87, 1.383
1.267, 4.741, 1.63
0.388, 0.184, 0.086
1.249, 3.089, 1.269
1.035, 1.806, 0.802
1.244, 1.806, 0.969
4.011, 7.871, 5.566
1.235, 15.475, 2.529
0.851, 5.482, 1.231
0.886, 3.115, 1.309
0.43, 1.381, 0.43
0.4, 1.176, 0.387
0.468, 1.126, 0.434
0.208, 0.055, 0.025
0.591, 1.273, 0.552
1.197, 5.482, 1.611
0.662, 1.948, 0.766
1.841, 5.401, 2.238
2.358, 5.401, 2.392
0.573, 0.919, 0.408
0.677, 0.919, 0.509
3.94, 7.719, 5.458
1.244, 17.542, 2.878
0.741, 4.139, 0.895
0.284, 0.428, 0.163
0.428, 1.36, 0.418
0.394, 1.152, 0.382
0.462, 1.106, 0.429
0.207, 0.048, 0.023
0.594, 1.265, 0.52
1.693, 4.066, 1.278
1.991, 4.066, 1.693
1.569, 2.701, 1.351
3.108, 6.168, 4.361
1.484, 13.366, 2.53
0.313, 0.228, 0.106
1.233, 4.465, 1.3
0.89, 1.412, 0.581
1.244, 4.465, 1.478
1.463, 4.465, 1.628
1.795, 4.465, 1.869
3.255, 11.549, 4.288
1.452, 13.366, 2.507
2.734, 8.002, 3.722
1.544, 13.366, 2.642
0.629, 3.592, 1.134
0.077, 0.136, 0.063
1.597, 13.366, 2.703
0.144, 0.421, 0.197
0.85, 4.062, 1.163
1.265, 4.035, 1.407
0.924, 1.074, 0.62
0.256, 0.293, 0.207
1.702, 9.675, 3.134
1.403, 6.505, 2.372
0.791, 1.491, 0.796
0.21, 0.269, 0.19
1.689, 9.735, 3.11
1.389, 6.235, 2.262
0.783, 1.491, 0.8
0.21, 0.269, 0.19
1.838, 9.574, 3.026
1.676, 6.046, 2.216
1.64, 2.813, 1.407
0.21, 0.269, 0.19
1.658, 8.652, 2.972
1.49, 6.947, 2.526
0.777, 1.492, 0.805
0.21, 0.269, 0.19
1.657, 9.679, 3.039
1.342, 5.816, 2.106
0.774, 1.494, 0.807
0.21, 0.269, 0.19
1.795, 8.424, 2.807
1.767, 6.406, 2.311
1.635, 2.798, 1.4
0.21, 0.269, 0.19
1.777, 8.316, 2.8
1.751, 6.475, 2.348
1.633, 2.798, 1.4
0.21, 0.269, 0.19
1.422, 9.571, 2.157
1.431, 4.269, 1.691
0.766, 2.399, 1.153
1.031, 3.527, 1.281
0.927, 3.527, 1.254
0.214, 0.243, 0.11
0.673, 1.207, 0.853
1.291, 11.286, 2.425
1.068, 4.741, 1.554
0.331, 0.357, 0.167
0.941, 3.981, 1.345
0.883, 3.959, 1.415
0.214, 0.26, 0.119
0.448, 0.794, 0.561
1.603, 8.248, 2.913
1.455, 7.034, 2.578
0.772, 1.492, 0.808
0.21, 0.269, 0.19
1.639, 10.23, 3.059
1.233, 4.822, 1.739
0.771, 1.495, 0.809
0.21, 0.269, 0.19
1.806, 9.183, 2.819
1.677, 5.274, 1.917
1.632, 2.795, 1.399
0.209, 0.269, 0.19
1.811, 9.577, 2.974
1.629, 5.644, 2.074
1.632, 2.794, 1.398
0.209, 0.269, 0.19
2.735, 13.267, 4.224
1.129, 3.099, 1.292
0.797, 2.051, 0.965
2.295, 4.473, 3.163
1.511, 10.25, 2.684
1.192, 4.655, 1.5
0.677, 1.482, 0.656
0.267, 0.11, 0.045
0.293, 0.463, 0.328
1.254, 11.475, 2.207
1.136, 4.34, 1.6
0.129, 0.369, 0.179
1.151, 5.288, 1.486
0.664, 2.417, 0.798
0.374, 0.549, 0.236
0.842, 3.951, 1.318
1.315, 3.846, 1.84
0.209, 0.269, 0.19
1.147, 10.654, 2.013
1.012, 3.518, 1.459
0.137, 0.402, 0.195
1.066, 3.166, 1.174
0.778, 3.166, 1.069
0.456, 1.047, 0.472
0.748, 3.981, 1.341
1.258, 3.854, 1.867
0.209, 0.269, 0.19
1.293, 10.733, 2.364
0.681, 3.208, 1.166
0.127, 0.365, 0.176
1.269, 9.493, 2.228
0.717, 1.86, 0.626
0.797, 1.86, 0.743
0.336, 0.365, 0.185
1.247, 10.727, 2.382
1.776, 10.713, 3.19
2.608, 10.713, 4.637
1.43, 3.571, 1.628
0.802, 5.249, 1.518
0.912, 5.198, 1.669
0.461, 0.983, 0.402
1.642, 5.465, 2.181
0.678, 1.496, 0.697
0.209, 0.269, 0.19
2.244, 8.686, 3.401
0.495, 0.599, 0.303
1.078, 15.286, 2.449
0.359, 0.764, 0.386
0.855, 3.336, 1.407
0.489, 2.054, 0.665
0.722, 2.047, 0.896
0.649, 1.784, 0.85
0.211, 0.239, 0.097
0.183, 0.215, 0.108
0.647, 3.085, 1.049
0.176, 0.169, 0.08
1.482, 6.262, 1.914
1.439, 6.262, 2.12
0.613, 0.808, 0.367
1.301, 21.002, 2.997
0.23, 0.255, 0.137
0.757, 3.378, 0.915
0.841, 3.378, 1.007
0.945, 3.378, 1.234
0.24, 0.168, 0.073
1.241, 6.536, 2.056
1.935, 6.536, 3.123
0.534, 1.92, 0.644
0.849, 1.898, 0.825
1.491, 3.957, 1.564
1.938, 3.938, 1.898
1.42, 21.729, 3.599
0.613, 0.575, 0.331
0.271, 0.482, 0.153
0.294, 0.482, 0.241
0.799, 2.312, 0.836
1.264, 4.859, 1.662
0.945, 2.363, 0.951
1.488, 4.207, 1.966
1.091, 4.859, 1.886
1.462, 4.859, 2.316
1.451, 17.685, 2.948
0.389, 1.033, 0.572
0.897, 3.15, 1.296
0.974, 4.502, 1.352
1.458, 4.488, 1.823
1.238, 3.174, 1.5
0.437, 0.536, 0.214
0.375, 0.446, 0.224
2.207, 15.196, 4.992
0.344, 0.413, 0.194
2.14, 8.935, 3.067
2.61, 8.921, 4.34
0.764, 1.466, 0.556
0.931, 2.45, 0.858
0.738, 2.45, 0.762
0.587, 1.609, 0.577
1.178, 3.101, 1.097
1.309, 3.101, 1.385
1.417, 15.997, 2.737
0.269, 0.484, 0.242
0.365, 1.591, 0.696
0.486, 0.964, 0.455
0.91, 4.556, 1.481
1.326, 4.54, 1.981
0.243, 0.124, 0.054
0.46, 0.575, 0.23
0.386, 0.481, 0.242
1.376, 10.656, 2.685
2.689, 10.656, 4.492
0.6, 1.862, 0.772
0.715, 1.862, 0.874
0.629, 1.862, 0.874
2.385, 15.781, 4.871
0.478, 0.492, 0.205
1.433, 6.833, 2.086
0.839, 1.666, 0.755
1.429, 5.365, 1.685
1.557, 5.365, 1.884
1.413, 2.908, 1.356
1.264, 14.782, 2.187
0.237, 0.089, 0.046
0.929, 5.078, 1.495
0.361, 1.46, 0.514
0.138, 0.224, 0.119
0.946, 4.36, 1.376
0.544, 0.758, 0.375
0.667, 1.556, 0.646
0.292, 0.186, 0.099
2.092, 9.546, 3.448
0.251, 0.191, 0.095
1.516, 10.637, 2.98
0.404, 1.056, 0.336
0.465, 1.046, 0.468
0.719, 4.07, 1.076
0.338, 0.675, 0.235
0.348, 0.666, 0.304
1.311, 4.541, 1.578
1.204, 3.557, 1.449
0.629, 1.771, 0.724
0.668, 1.19, 0.489
1.193, 3.864, 1.27
1.159, 3.864, 1.602
0.646, 1.562, 0.602
0.737, 2.029, 0.933
0.654, 1.111, 0.404
0.531, 0.547, 0.306
2.522, 12.028, 4.273
0.318, 0.428, 0.214
1.553, 10.244, 2.388
0.673, 1.467, 0.776
1.799, 10.238, 2.947
0.877, 2.381, 0.807
0.874, 2.381, 1.092
1.071, 3.343, 1.107
1.079, 2.175, 1.108
0.996, 3.343, 1.228
0.786, 3.312, 1.166
1.044, 3.312, 1.585
1.707, 3.654, 1.916
1.194, 14.219, 2.267
0.09, 0.172, 0.088
0.422, 1.908, 0.84
1.084, 4.491, 1.416
1.457, 4.491, 1.821
1.235, 3.163, 1.495
0.437, 0.45, 0.187
0.389, 0.402, 0.202
2.103, 14.012, 4.595
0.378, 0.379, 0.173
0.753, 1.487, 0.666
1.042, 3.245, 0.962
1.169, 3.245, 1.01
0.714, 1.852, 0.633
0.882, 1.852, 0.814
1.605, 12.674, 2.723
0.631, 2.044, 0.877
1.396, 12.674, 2.459
0.739, 1.821, 0.627
0.715, 1.375, 0.597
1.657, 12.674, 2.85
1.736, 12.674, 2.944
1.841, 12.674, 3.044
1.963, 12.674, 3.237
1.331, 7.929, 2.193
1.735, 7.929, 2.632
2.719, 7.838, 3.633
3.603, 12.592, 5.172
0.38, 0.524, 0.262
1.489, 14.898, 2.888
0.343, 0.392, 0.183
0.757, 2.353, 0.835
0.295, 1.144, 0.428
0.806, 3.104, 0.985
0.42, 1.085, 0.51
0.875, 3.037, 1.058
1.167, 2.986, 1.142
0.864, 0.371, 0.185
3.115, 14.815, 5.26
3.614, 14.815, 6.354
1.636, 12.674, 2.798
0.631, 2.044, 0.877
1.442, 12.674, 2.468
0.737, 2.392, 0.808
0.715, 1.375, 0.597
1.721, 12.674, 2.84
1.796, 12.674, 2.937
1.901, 12.674, 3.037
2.008, 12.674, 3.23
1.391, 7.929, 2.194
1.735, 7.929, 2.632
2.719, 7.838, 3.633
3.603, 12.592, 5.172
0.38, 0.524, 0.262
1.3, 13.396, 2.141
0.344, 0.598, 0.3
0.751, 3.455, 1.525
2.153, 5.128, 2.462
0.661, 1.591, 0.594
0.287, 0.097, 0.049
1.951, 9.111, 2.88
0.918, 2.587, 1.194
1.13, 10.334, 1.877
0.585, 1.437, 0.457
0.381, 0.533, 0.199
0.65, 1.519, 0.603
1.105, 5.841, 1.313
1.013, 5.256, 1.553
0.523, 1.678, 0.723
1.728, 5.238, 2.454
1.105, 5.825, 1.24
2.187, 5.807, 1.965
2.906, 5.794, 2.399
0.773, 1.644, 0.465
0.57, 1.021, 0.391
0.79, 1.648, 0.657
0.308, 0.428, 0.179
3.158, 10.237, 4.836
0.987, 9.801, 2.788
0.126, 0.226, 0.096
1.788, 9.791, 3.939
2.579, 9.781, 4.831
1.704, 4.025, 1.414
1.673, 4.025, 1.512
1.415, 4.025, 1.886
0.86, 14.821, 1.984
0.505, 1.035, 0.52
0.842, 3.165, 1.322
0.49, 2.054, 0.666
0.723, 2.047, 0.897
0.65, 1.788, 0.852
0.212, 0.242, 0.098
0.183, 0.215, 0.108
0.641, 3.112, 1.064
0.165, 0.178, 0.085
0.626, 2.283, 0.715
0.779, 2.283, 1.076
0.324, 0.543, 0.206
1.044, 3.135, 1.162
0.727, 3.135, 0.971
0.287, 0.514, 0.174
1.147, 14.429, 2.429
0.49, 1.068, 0.542
0.414, 1.874, 0.828
0.521, 2.877, 0.84
0.839, 2.87, 1.133
0.647, 1.778, 0.847
0.21, 0.234, 0.096
0.183, 0.215, 0.108
0.635, 3.086, 1.056
0.16, 0.183, 0.089
2.061, 5.677, 2.015
2.539, 5.677, 2.393
1.072, 15.3, 2.458
0.36, 0.765, 0.387
0.855, 3.336, 1.407
0.489, 2.054, 0.665
0.722, 2.047, 0.896
0.649, 1.784, 0.85
0.211, 0.239, 0.097
0.183, 0.215, 0.108
0.644, 3.086, 1.052
0.18, 0.195, 0.091
1.456, 6.266, 1.959
1.441, 6.266, 2.118
0.617, 0.792, 0.359
0.919, 9.783, 1.652
0.589, 1.444, 0.763
0.514, 2.355, 1.043
0.599, 2.108, 0.789
0.734, 2.108, 0.912
0.653, 1.786, 0.852
0.22, 0.228, 0.092
0.194, 0.203, 0.102
0.656, 3.085, 1.051
0.178, 0.171, 0.081
0.327, 0.54, 0.235
1.267, 2.973, 1.187
1.542, 2.973, 1.355
1.18, 9.424, 2.124
0.511, 1.02, 0.51
0.894, 3.529, 1.493
0.488, 2.054, 0.664
0.722, 2.047, 0.894
0.647, 1.778, 0.847
0.21, 0.234, 0.096
0.183, 0.215, 0.108
0.653, 3.086, 1.047
0.191, 0.19, 0.095
1.597, 6.114, 1.999
1.671, 6.114, 2.217
1.179, 2.728, 1.287
1.611, 21.437, 3.94
0.236, 0.609, 0.336
0.034, 0.016, 0.006
1.17, 5.388, 1.635
1.48, 5.373, 2.002
1.055, 2.443, 1.15
0.428, 0.493, 0.202
0.375, 0.446, 0.224
2.318, 15.87, 5.201
0.402, 0.429, 0.216
1.287, 6.7, 1.826
1.412, 6.7, 1.993
0.58, 1.383, 0.513
0.766, 1.383, 0.64
1.229, 14.455, 2.101
0.314, 0.413, 0.183
1.191, 1.744, 0.724
0.551, 0.739, 0.313
0.789, 2.361, 0.829
0.473, 1.413, 0.6
1.947, 1.058, 0.748
1.339, 12.362, 2.099
2.347, 12.338, 3.941
3.877, 12.338, 5.792
1.011, 3.256, 1.037
1.117, 3.256, 1.184
0.649, 2.004, 0.975
1.0, 3.1, 1.025
1.128, 2.308, 1.098
0.849, 3.07, 0.907
0.562, 1.224, 0.473
0.67, 1.224, 0.564
1.73, 5.345, 2.147
0.537, 0.657, 0.335
0.53, 1.757, 0.503
0.397, 0.668, 0.283
0.657, 1.77, 0.836
0.597, 1.181, 0.493
1.449, 11.753, 2.318
0.991, 2.981, 1.406
1.48, 11.753, 2.393
1.688, 8.882, 2.69
1.547, 8.79, 2.818
2.342, 8.79, 3.725
1.577, 8.882, 2.922
2.607, 8.882, 3.75
1.676, 11.657, 2.897
2.942, 11.606, 4.994
0.811, 1.45, 0.624
1.743, 4.189, 1.838
1.357, 11.219, 2.191
1.703, 11.175, 3.157
2.028, 10.428, 3.322
3.162, 10.424, 4.249
1.702, 11.175, 3.654
2.883, 11.17, 4.771
0.968, 6.115, 1.493
1.629, 6.052, 2.343
0.597, 1.2, 0.505
0.582, 1.2, 0.525
1.242, 3.718, 1.156
0.893, 2.217, 0.983
1.497, 3.713, 1.36
1.386, 2.26, 1.043
1.48, 13.366, 2.53
0.313, 0.228, 0.106
1.233, 4.465, 1.3
0.89, 1.412, 0.581
1.244, 4.465, 1.478
1.463, 4.465, 1.628
1.795, 4.465, 1.869
3.255, 11.549, 4.288
1.452, 13.366, 2.507
2.734, 8.002, 3.722
1.544, 13.366, 2.642
0.629, 3.592, 1.134
0.077, 0.136, 0.063
1.597, 13.366, 2.703
0.144, 0.421, 0.197
0.85, 4.062, 1.163
1.265, 4.035, 1.407
0.924, 1.074, 0.62
0.256, 0.293, 0.207
1.702, 9.675, 3.134
1.403, 6.505, 2.372
0.791, 1.491, 0.796
0.21, 0.269, 0.19
1.689, 9.735, 3.11
1.389, 6.235, 2.262
0.783, 1.491, 0.8
0.21, 0.269, 0.19
1.838, 9.574, 3.026
1.676, 6.046, 2.216
1.64, 2.813, 1.407
0.21, 0.269, 0.19
1.658, 8.652, 2.972
1.49, 6.947, 2.526
0.777, 1.492, 0.805
0.21, 0.269, 0.19
1.657, 9.679, 3.039
1.342, 5.816, 2.106
0.774, 1.494, 0.807
0.21, 0.269, 0.19
1.795, 8.424, 2.807
1.767, 6.406, 2.311
1.635, 2.798, 1.4
0.21, 0.269, 0.19
1.777, 8.316, 2.8
1.751, 6.475, 2.348
1.633, 2.798, 1.4
0.21, 0.269, 0.19
1.422, 9.571, 2.157
1.431, 4.269, 1.691
0.766, 2.399, 1.153
1.031, 3.527, 1.281
0.927, 3.527, 1.254
0.214, 0.243, 0.11
0.673, 1.207, 0.853
1.291, 11.286, 2.425
1.068, 4.741, 1.554
0.331, 0.357, 0.167
0.941, 3.981, 1.345
0.883, 3.959, 1.415
0.214, 0.26, 0.119
0.448, 0.794, 0.561
1.603, 8.248, 2.913
1.455, 7.034, 2.578
0.772, 1.492, 0.808
0.21, 0.269, 0.19
1.639, 10.23, 3.059
1.233, 4.822, 1.739
0.771, 1.495, 0.809
0.21, 0.269, 0.19
1.806, 9.183, 2.819
1.677, 5.274, 1.917
1.632, 2.795, 1.399
0.209, 0.269, 0.19
1.811, 9.577, 2.974
1.629, 5.644, 2.074
1.632, 2.794, 1.398
0.209, 0.269, 0.19
2.735, 13.267, 4.224
1.129, 3.099, 1.292
0.797, 2.051, 0.965
2.295, 4.473, 3.163
1.511, 10.25, 2.684
1.192, 4.655, 1.5
0.677, 1.482, 0.656
0.267, 0.11, 0.045
0.293, 0.463, 0.328
1.254, 11.475, 2.207
1.136, 4.34, 1.6
0.129, 0.369, 0.179
1.151, 5.288, 1.486
0.664, 2.417, 0.798
0.374, 0.549, 0.236
0.842, 3.951, 1.318
1.315, 3.846, 1.84
0.209, 0.269, 0.19
1.147, 10.654, 2.013
1.012, 3.518, 1.459
0.137, 0.402, 0.195
1.066, 3.166, 1.174
0.778, 3.166, 1.069
0.456, 1.047, 0.472
0.748, 3.981, 1.341
1.258, 3.854, 1.867
0.209, 0.269, 0.19
1.293, 10.733, 2.364
0.681, 3.208, 1.166
0.127, 0.365, 0.176
1.269, 9.493, 2.228
0.717, 1.86, 0.626
0.797, 1.86, 0.743
0.336, 0.365, 0.185
1.247, 10.727, 2.382
1.776, 10.713, 3.19
2.608, 10.713, 4.637
1.43, 3.571, 1.628
0.802, 5.249, 1.518
0.912, 5.198, 1.669
0.461, 0.983, 0.402
1.642, 5.465, 2.181
0.678, 1.496, 0.697
0.209, 0.269, 0.19
2.244, 8.686, 3.401
0.495, 0.599, 0.303
1.327, 14.224, 2.191
0.649, 1.434, 0.572
0.417, 0.604, 0.202
0.33, 0.11, 0.056
2.72, 8.997, 3.07
1.825, 2.524, 1.456
1.227, 14.224, 2.119
1.181, 14.212, 3.103
0.122, 0.301, 0.106
1.815, 14.21, 4.183
2.764, 14.137, 5.124
0.393, 0.549, 0.275
1.218, 8.509, 1.696
2.217, 8.481, 2.689
1.903, 8.471, 3.014
0.435, 0.773, 0.346
0.849, 4.691, 1.301
0.739, 4.691, 1.608
0.108, 0.21, 0.1
1.206, 3.77, 1.337
0.891, 2.85, 1.209
0.419, 0.852, 0.286
0.394, 0.643, 0.255
0.911, 1.974, 0.858
1.937, 4.133, 1.751
1.814, 9.142, 2.725
1.069, 2.105, 1.054
0.317, 0.262, 0.11
2.412, 5.54, 2.907
1.532, 15.258, 3.02
0.09, 0.172, 0.088
0.918, 3.41, 1.418
0.969, 4.505, 1.352
1.457, 4.491, 1.821
1.235, 3.164, 1.495
0.428, 0.493, 0.202
0.375, 0.446, 0.224
2.099, 14.012, 4.597
0.368, 0.379, 0.183
1.645, 5.531, 1.479
1.583, 5.531, 1.592
0.951, 2.066, 0.843
1.488, 2.024, 0.92
1.567, 21.69, 4.053
0.636, 1.127, 0.563
0.27, 0.477, 0.151
0.292, 0.477, 0.239
0.769, 1.532, 0.557
0.978, 3.527, 1.05
0.767, 1.754, 0.613
0.966, 1.754, 0.895
3.09, 12.43, 5.342
1.438, 17.664, 2.953
0.389, 1.033, 0.572
0.97, 3.513, 1.456
0.974, 4.502, 1.352
1.458, 4.488, 1.823
1.238, 3.174, 1.5
0.437, 0.536, 0.214
0.375, 0.446, 0.224
2.207, 15.196, 4.992
0.344, 0.413, 0.194
2.14, 8.935, 3.067
2.61, 8.921, 4.34
0.764, 1.466, 0.556
0.867, 2.45, 0.837
0.639, 2.45, 0.695
0.388, 0.673, 0.222
1.124, 3.066, 1.13
1.332, 3.066, 1.367
4.612, 26.875, 5.965
1.362, 2.912, 1.22
5.063, 26.875, 6.696
8.703, 25.433, 9.36
11.418, 25.433, 13.598
2.407, 5.857, 2.326
2.129, 4.271, 1.967
2.273, 4.075, 2.038
7.585, 15.377, 7.104
5.548, 13.307, 5.08
4.68, 12.485, 4.912
1.779, 5.958, 2.523
1.316, 8.225, 1.816
0.781, 1.423, 0.715
2.32, 6.032, 2.865
2.5, 7.586, 2.571
1.8, 4.018, 2.078
2.512, 7.619, 3.017
1.237, 3.955, 1.401
0.814, 1.38, 0.694
0.814, 4.461, 1.001
0.591, 2.164, 0.531
0.611, 2.164, 0.597
0.985, 2.056, 0.919
0.441, 0.711, 0.332
0.668, 1.496, 0.549
0.497, 0.628, 0.285
0.752, 2.686, 0.875
0.892, 2.626, 1.087
0.541, 1.178, 0.43
0.356, 0.302, 0.157
