2.309, 23.316, 4.824
0.283, 0.339, 0.183
0.889, 3.641, 1.457
1.919, 13.596, 4.393
3.616, 13.56, 6.662
2.665, 12.532, 3.607
3.864, 12.532, 5.868
1.968, 6.054, 2.824
1.477, 10.726, 2.221
0.491, 0.636, 0.268
1.454, 3.316, 1.422
1.015, 2.665, 0.933
0.966, 1.593, 0.803
1.563, 10.726, 2.396
1.831, 10.143, 3.505
2.638, 10.112, 4.375
1.564, 10.691, 2.225
1.84, 5.844, 1.872
1.607, 5.819, 2.271
1.631, 7.45, 2.942
1.015, 3.713, 1.083
1.101, 3.713, 1.272
0.56, 1.396, 0.529
2.646, 10.56, 4.029
0.826, 20.517, 2.385
0.122, 0.103, 0.057
0.407, 2.265, 0.553
0.424, 2.265, 0.643
0.533, 2.265, 0.8
0.234, 0.491, 0.264
0.235, 1.155, 0.309
0.266, 1.155, 0.413
0.1, 0.191, 0.1
0.828, 5.63, 1.45
1.209, 5.606, 2.008
1.89, 5.541, 2.347
0.436, 0.878, 0.435
0.849, 4.212, 1.375
1.11, 4.185, 2.08
0.491, 1.301, 0.6
1.432, 4.459, 1.923
0.436, 1.782, 0.506
0.666, 1.778, 0.756
0.343, 0.86, 0.397
0.773, 20.517, 1.953
0.111, 0.117, 0.06
0.413, 2.278, 0.556
0.432, 2.278, 0.646
0.537, 2.278, 0.805
0.238, 0.499, 0.268
0.236, 1.156, 0.309
0.267, 1.156, 0.414
0.102, 0.195, 0.102
0.754, 4.701, 1.324
1.229, 4.684, 2.327
0.523, 1.419, 0.656
0.857, 5.852, 1.5
1.145, 5.818, 2.03
1.786, 5.754, 2.418
0.439, 0.889, 0.44
0.893, 3.463, 1.2
0.42, 1.097, 0.471
0.451, 0.936, 0.521
0.889, 2.893, 1.142
1.255, 2.891, 1.451
2.117, 2.871, 1.378
0.36, 0.78, 0.361
0.56, 1.69, 0.541
0.533, 1.69, 0.696
0.671, 3.221, 0.95
0.917, 3.221, 1.571
0.708, 1.505, 0.755
0.636, 1.604, 0.637
0.468, 2.133, 0.59
0.741, 2.129, 0.897
0.363, 0.937, 0.434
1.324, 3.004, 1.233
0.995, 2.994, 1.405
1.103, 12.254, 1.883
0.724, 2.159, 0.893
0.795, 4.098, 1.263
0.398, 0.805, 0.371
0.649, 1.57, 0.549
0.688, 1.57, 0.596
1.279, 12.162, 2.375
0.626, 1.512, 0.619
0.998, 7.213, 1.742
1.044, 7.213, 1.828
1.178, 7.213, 1.97
1.298, 7.213, 2.162
0.476, 1.075, 0.35
0.443, 0.717, 0.288
2.317, 12.156, 3.963
2.613, 12.156, 4.504
4.249, 12.102, 5.665
2.089, 3.618, 1.836
1.361, 14.687, 2.839
0.514, 0.803, 0.332
0.341, 0.347, 0.15
0.966, 2.118, 0.926
0.859, 2.732, 0.799
0.767, 0.814, 0.321
1.452, 12.633, 2.922
0.916, 2.054, 1.003
1.563, 12.633, 3.125
2.906, 12.489, 4.875
1.429, 11.386, 3.218
0.4, 0.443, 0.177
2.124, 11.162, 4.471
0.571, 1.073, 0.463
1.26, 8.125, 2.35
1.539, 8.097, 2.736
2.384, 8.097, 3.892
1.648, 30.538, 5.354
0.117, 0.117, 0.059
0.702, 2.968, 0.856
0.37, 1.238, 0.399
0.486, 1.238, 0.573
0.162, 0.108, 0.044
1.101, 3.533, 1.164
1.509, 3.486, 1.523
3.046, 28.578, 4.209
2.131, 6.014, 2.673
3.5, 9.196, 4.225
3.297, 11.307, 4.553
1.222, 2.764, 1.005
0.987, 1.9, 0.883
1.991, 11.109, 2.893
1.878, 11.109, 2.953
0.964, 4.622, 1.533
1.499, 4.552, 2.132
4.196, 11.047, 5.147
0.628, 0.803, 0.359
5.234, 28.552, 7.736
3.863, 11.664, 4.605
4.115, 11.194, 6.294
3.951, 21.416, 4.573
2.388, 10.426, 3.51
2.28, 10.426, 4.576
3.536, 6.453, 2.938
4.176, 21.415, 4.717
4.259, 21.415, 4.746
5.3, 21.391, 6.788
3.199, 11.069, 4.577
9.536, 20.899, 8.879
4.097, 16.787, 4.311
6.21, 16.508, 6.564
3.958, 15.449, 4.074
4.572, 13.406, 4.519
5.06, 13.406, 6.02
5.574, 11.468, 4.719
4.425, 15.449, 4.865
4.719, 15.449, 5.03
5.334, 15.435, 5.479
5.619, 14.886, 6.314
6.563, 14.885, 7.941
3.018, 9.75, 3.036
3.641, 9.75, 3.531
3.081, 8.209, 3.62
5.735, 9.57, 4.204
2.618, 7.21, 2.602
2.594, 7.21, 2.863
1.866, 11.817, 2.797
2.29, 11.76, 3.746
3.198, 11.76, 4.917
1.594, 7.53, 2.2
1.639, 7.53, 2.426
1.546, 7.53, 2.538
1.989, 7.53, 3.167
1.828, 13.397, 2.839
1.629, 8.592, 2.719
2.502, 8.592, 3.53
1.905, 13.397, 3.01
2.011, 13.397, 3.127
2.067, 13.397, 3.267
2.229, 13.397, 3.517
1.336, 7.707, 2.465
2.079, 7.706, 3.222
3.79, 13.354, 5.482
1.391, 7.394, 1.899
0.266, 0.506, 0.253
1.069, 3.261, 1.541
1.121, 2.404, 1.041
1.006, 1.919, 0.919
0.904, 6.32, 1.293
0.548, 1.032, 0.516
0.193, 0.26, 0.121
0.652, 2.037, 0.981
0.982, 2.525, 1.177
0.524, 0.68, 0.351
0.459, 0.894, 0.347
0.856, 1.838, 0.75
1.416, 4.31, 2.075
1.187, 3.265, 1.331
0.808, 4.427, 1.032
0.189, 0.254, 0.119
0.646, 2.023, 0.976
0.981, 2.525, 1.177
0.516, 0.678, 0.351
0.455, 0.906, 0.35
0.851, 1.839, 0.749
1.415, 4.306, 2.073
6.395, 26.509, 6.767
2.601, 7.523, 2.986
6.722, 11.674, 4.988
2.419, 6.388, 2.487
0.665, 1.115, 0.559
7.444, 23.903, 9.042
9.205, 23.1, 10.183
8.866, 21.235, 9.754
10.544, 25.273, 8.464
6.227, 13.4, 4.686
8.087, 11.943, 5.293
7.663, 23.338, 8.632
12.359, 21.706, 10.198
6.351, 16.607, 5.672
9.013, 16.588, 6.953
10.49, 25.393, 11.223
5.515, 7.513, 4.154
1.484, 11.245, 2.327
0.624, 0.999, 0.446
0.613, 2.081, 0.56
0.599, 0.957, 0.363
0.698, 2.059, 0.69
0.809, 2.059, 0.755
0.99, 2.059, 0.84
2.484, 11.225, 3.299
1.817, 4.681, 2.136
1.152, 6.078, 1.669
1.24, 6.078, 1.81
1.029, 2.096, 0.99
1.647, 23.291, 3.825
0.288, 0.092, 0.05
0.868, 3.645, 1.471
0.774, 2.918, 0.845
0.867, 1.299, 0.653
0.531, 0.809, 0.36
1.493, 4.122, 1.562
1.699, 4.091, 1.932
1.953, 11.832, 3.552
3.627, 11.832, 5.547
1.801, 6.05, 2.921
8.606, 14.955, 6.331
9.621, 8.672, 6.132
1.88, 12.018, 2.729
0.337, 0.567, 0.287
2.856, 7.865, 2.862
1.709, 12.005, 2.701
1.669, 9.231, 2.96
0.498, 0.895, 0.464
1.668, 12.005, 2.705
0.587, 1.482, 0.452
0.545, 0.409, 0.211
2.013, 12.005, 3.09
1.853, 4.761, 2.187
2.135, 12.005, 3.372
2.166, 12.005, 3.5
3.248, 7.403, 3.868
2.395, 10.25, 3.812
4.048, 10.152, 4.532
2.368, 11.943, 4.345
4.024, 11.82, 5.406
1.442, 16.324, 2.803
0.711, 1.675, 0.88
0.191, 0.257, 0.12
0.651, 2.031, 0.978
0.981, 2.522, 1.177
0.522, 0.67, 0.348
0.458, 0.894, 0.347
0.854, 1.827, 0.746
1.412, 4.293, 2.066
1.014, 5.309, 1.514
0.46, 0.561, 0.225
1.37, 9.191, 2.592
0.766, 2.726, 0.971
0.234, 0.263, 0.132
1.65, 6.469, 2.49
0.956, 2.492, 1.03
1.525, 11.947, 3.042
0.519, 1.657, 0.699
2.233, 11.945, 4.084
2.697, 11.945, 4.707
1.612, 16.26, 3.039
3.543, 16.226, 7.158
1.262, 10.387, 1.973
1.214, 5.188, 1.632
2.068, 5.143, 2.223
1.281, 10.381, 2.209
1.841, 10.319, 3.551
3.322, 10.286, 4.85
0.917, 1.995, 0.684
0.955, 1.995, 0.756
1.132, 1.945, 0.826
2.693, 10.849, 4.251
2.94, 12.893, 5.672
0.599, 1.365, 0.567
1.091, 3.548, 1.153
1.142, 3.548, 1.292
1.33, 3.504, 1.385
1.528, 3.504, 1.516
1.24, 3.04, 1.747
1.781, 13.137, 3.73
0.42, 0.595, 0.282
0.733, 2.906, 0.9
0.618, 2.906, 0.976
0.288, 0.415, 0.209
2.294, 13.467, 4.108
2.425, 13.467, 4.296
3.765, 13.464, 5.63
2.065, 12.685, 4.357
3.583, 12.685, 6.155
2.528, 12.343, 4.48
3.366, 12.343, 5.198
1.607, 13.422, 3.622
1.356, 13.422, 3.32
3.356, 13.412, 5.786
0.347, 1.044, 0.384
0.468, 1.044, 0.521
2.486, 13.226, 4.842
3.377, 13.226, 5.629
1.432, 19.029, 2.642
1.329, 3.84, 1.706
1.166, 3.672, 1.723
0.466, 0.966, 0.364
1.267, 6.483, 1.769
0.987, 4.211, 1.191
0.289, 0.406, 0.172
0.763, 1.032, 0.428
1.787, 6.464, 1.953
1.637, 6.464, 2.105
0.941, 1.607, 0.807
0.971, 1.574, 0.61
0.93, 1.178, 0.482
1.101, 4.497, 1.392
0.986, 4.497, 1.233
0.569, 0.855, 0.34
0.576, 0.708, 0.409
1.465, 2.326, 0.922
0.852, 3.263, 0.879
0.825, 3.263, 1.064
1.473, 3.221, 1.664
2.134, 8.622, 3.273
1.724, 7.756, 3.434
2.678, 8.563, 3.781
3.625, 8.563, 4.185
2.092, 9.862, 3.081
1.599, 7.677, 2.529
0.889, 1.493, 0.75
1.247, 6.77, 1.774
0.554, 1.134, 0.419
0.75, 1.094, 0.574
1.134, 7.186, 1.869
0.563, 0.955, 0.356
0.685, 0.915, 0.506
2.311, 14.791, 4.308
0.761, 1.898, 0.784
1.118, 4.535, 1.53
0.989, 2.507, 1.136
0.825, 2.675, 0.759
0.768, 2.675, 0.856
1.288, 2.632, 1.336
1.205, 7.186, 1.858
0.586, 0.965, 0.366
0.71, 0.924, 0.526
1.114, 7.187, 1.873
0.543, 0.921, 0.354
0.677, 0.88, 0.498
1.529, 7.495, 2.122
1.094, 4.082, 1.365
1.775, 3.995, 2.117
1.276, 7.186, 1.908
0.803, 2.55, 0.813
0.674, 0.865, 0.496
1.097, 7.187, 1.878
0.54, 0.883, 0.357
0.653, 0.842, 0.478
1.104, 7.45, 2.306
0.415, 0.49, 0.213
0.506, 2.675, 0.494
0.517, 2.675, 0.508
0.671, 0.691, 0.313
0.874, 2.548, 1.259
0.786, 1.598, 0.657
0.786, 1.57, 0.671
0.463, 0.426, 0.233
0.322, 0.302, 0.141
0.342, 0.302, 0.136
0.321, 0.303, 0.142
0.321, 0.304, 0.142
0.342, 0.305, 0.137
0.286, 0.422, 0.217
0.719, 1.995, 0.828
0.569, 0.873, 0.312
0.589, 0.873, 0.338
0.636, 0.833, 0.465
1.56, 16.259, 3.574
1.795, 8.171, 3.627
1.532, 16.259, 3.863
2.078, 16.259, 5.041
0.26, 0.443, 0.166
0.929, 1.735, 0.757
1.636, 14.685, 3.952
0.491, 0.865, 0.346
0.622, 0.825, 0.454
1.618, 4.691, 1.984
1.819, 13.564, 3.824
1.21, 2.778, 1.181
1.474, 16.303, 3.421
0.989, 4.058, 1.779
1.597, 16.291, 3.99
2.332, 16.248, 5.301
0.553, 0.739, 0.392
0.723, 2.045, 0.831
1.941, 11.758, 3.228
1.184, 4.704, 1.564
1.987, 4.592, 2.462
2.301, 15.084, 4.028
2.572, 15.084, 5.23
4.808, 15.084, 7.097
2.311, 9.099, 3.26
2.941, 9.099, 3.762
1.379, 4.317, 1.56
0.984, 4.01, 1.317
0.493, 0.879, 0.448
0.966, 4.317, 1.201
0.603, 1.6, 0.526
0.482, 0.851, 0.433
1.429, 12.817, 3.192
0.925, 3.943, 1.288
1.685, 3.894, 2.05
2.532, 14.041, 4.364
0.762, 2.681, 1.318
1.973, 19.029, 3.468
2.237, 9.19, 2.869
2.516, 9.19, 3.179
1.968, 18.996, 3.705
1.931, 13.215, 3.302
0.906, 1.636, 0.562
0.759, 1.2, 0.601
2.38, 7.029, 2.636
2.777, 5.433, 2.604
1.935, 18.996, 4.971
0.665, 2.126, 0.907
3.256, 18.95, 6.994
4.445, 18.95, 8.196
3.524, 10.05, 4.243
0.451, 0.371, 0.195
0.993, 23.317, 2.205
0.116, 0.12, 0.063
0.306, 0.632, 0.223
0.327, 0.587, 0.257
0.267, 0.468, 0.244
0.804, 5.378, 1.211
0.574, 3.186, 0.773
0.331, 0.868, 0.301
0.382, 0.868, 0.341
0.218, 0.376, 0.192
0.48, 0.761, 0.288
0.667, 2.328, 0.992
0.668, 5.405, 1.399
0.637, 3.414, 1.161
0.851, 3.404, 1.397
1.667, 3.391, 1.699
0.457, 2.131, 0.778
0.618, 2.122, 0.896
0.972, 2.122, 1.094
0.677, 5.262, 1.565
0.9, 5.253, 1.814
1.424, 5.236, 2.588
0.653, 5.299, 1.563
0.828, 5.29, 1.83
1.425, 5.273, 2.612
0.656, 5.336, 1.574
0.833, 5.326, 1.843
1.434, 5.309, 2.63
0.659, 5.371, 1.584
0.837, 5.362, 1.855
1.442, 5.344, 2.648
0.37, 0.954, 0.291
0.384, 0.907, 0.341
0.147, 0.133, 0.069
1.153, 11.31, 2.317
0.71, 3.434, 0.876
0.685, 3.434, 0.94
0.54, 2.432, 0.761
0.215, 0.346, 0.125
1.456, 3.225, 1.75
1.202, 8.918, 1.977
0.765, 4.725, 1.118
0.754, 4.683, 1.343
0.928, 4.683, 1.564
0.222, 0.388, 0.199
0.511, 0.761, 0.287
0.667, 2.327, 0.992
0.558, 5.925, 1.096
0.432, 3.323, 1.089
0.626, 3.313, 1.327
1.18, 3.3, 1.865
0.456, 2.131, 0.778
0.618, 2.122, 0.897
0.972, 2.122, 1.095
0.355, 1.314, 0.47
0.472, 1.314, 0.507
0.558, 1.312, 0.578
0.318, 1.307, 0.4
0.389, 1.307, 0.444
0.547, 1.305, 0.582
1.16, 7.778, 2.353
1.655, 7.604, 3.025
0.34, 0.355, 0.201
1.684, 11.154, 3.25
0.553, 0.69, 0.276
3.704, 16.3, 7.135
0.662, 4.241, 1.053
0.732, 4.241, 1.235
0.657, 4.241, 1.386
0.77, 5.305, 1.251
0.483, 1.932, 0.527
0.508, 1.886, 0.608
0.984, 6.241, 1.707
0.82, 6.241, 1.448
0.882, 6.241, 1.576
0.676, 2.387, 0.837
0.214, 0.346, 0.124
2.399, 6.011, 3.358
0.956, 6.959, 1.656
0.543, 1.401, 0.433
0.247, 0.041, 0.02
2.367, 10.959, 4.005
0.447, 0.538, 0.254
0.412, 0.938, 0.37
0.504, 0.71, 0.359
3.903, 12.834, 6.109
0.902, 6.023, 1.48
0.769, 5.138, 1.181
0.768, 5.096, 1.472
0.955, 5.096, 1.716
0.224, 0.397, 0.204
0.51, 0.761, 0.287
0.667, 2.327, 0.992
0.535, 5.775, 1.105
0.324, 2.459, 0.805
0.467, 2.448, 0.981
0.881, 2.439, 1.376
0.414, 2.131, 0.723
0.54, 2.122, 0.846
0.882, 2.122, 1.031
0.354, 1.298, 0.466
0.47, 1.297, 0.503
0.554, 1.295, 0.571
1.221, 8.533, 1.892
0.968, 8.533, 1.861
0.601, 3.84, 1.115
0.753, 3.84, 1.295
0.224, 0.394, 0.202
0.479, 0.761, 0.288
0.667, 2.326, 0.991
0.783, 9.973, 2.072
0.149, 0.818, 0.264
0.203, 0.817, 0.318
0.359, 0.817, 0.421
0.414, 2.13, 0.722
0.539, 2.121, 0.845
0.881, 2.121, 1.03
1.455, 4.163, 1.478
1.114, 3.281, 1.533
0.639, 7.743, 1.449
0.119, 0.429, 0.179
0.162, 0.428, 0.211
0.293, 0.428, 0.245
0.413, 2.129, 0.721
0.538, 2.12, 0.844
0.88, 2.12, 1.029
0.355, 1.29, 0.465
0.47, 1.29, 0.503
0.552, 1.288, 0.568
1.793, 4.831, 2.784
4.821, 13.998, 6.459
0.997, 6.904, 1.686
0.831, 5.514, 1.334
0.568, 3.263, 0.942
0.698, 3.263, 1.092
0.223, 0.392, 0.201
0.479, 0.761, 0.288
0.666, 2.325, 0.991
1.175, 15.008, 2.799
0.312, 2.337, 0.764
0.447, 2.326, 0.932
0.84, 2.317, 1.306
0.413, 2.129, 0.721
0.538, 2.12, 0.844
0.879, 2.12, 1.029
1.677, 14.999, 3.908
2.114, 14.947, 4.345
2.993, 14.933, 5.367
4.358, 14.933, 7.17
1.886, 21.309, 3.316
1.253, 2.785, 1.461
0.672, 2.007, 0.78
2.382, 12.93, 3.647
1.632, 3.205, 1.304
1.1, 3.787, 1.146
0.67, 1.357, 0.575
1.272, 6.982, 2.193
0.435, 1.039, 0.452
2.496, 11.589, 3.319
1.556, 5.81, 2.256
1.89, 11.087, 4.125
1.286, 3.387, 1.227
0.773, 1.541, 0.566
1.398, 3.354, 1.336
0.641, 1.123, 0.433
2.145, 11.475, 3.593
2.55, 11.473, 5.029
1.563, 18.018, 3.144
0.333, 0.618, 0.309
0.263, 0.149, 0.074
0.725, 2.72, 0.764
0.843, 1.15, 0.517
0.775, 2.697, 0.962
0.931, 2.697, 1.085
1.191, 2.697, 1.285
3.632, 14.084, 5.32
1.84, 14.077, 3.343
2.474, 13.609, 4.712
4.563, 13.609, 6.332
1.78, 14.077, 3.212
2.559, 13.816, 4.397
0.373, 0.185, 0.106
1.993, 14.077, 4.579
0.291, 0.37, 0.162
0.875, 2.77, 0.977
0.381, 0.277, 0.139
1.456, 6.203, 2.1
1.673, 6.092, 2.411
1.079, 6.203, 1.662
0.539, 0.896, 0.51
1.582, 6.115, 2.179
1.824, 6.098, 2.558
2.579, 12.035, 4.297
0.553, 1.305, 0.597
2.698, 14.021, 4.76
0.59, 1.193, 0.67
0.679, 2.13, 0.614
0.669, 2.13, 0.638
0.578, 0.807, 0.352
0.543, 0.685, 0.382
1.958, 14.834, 3.93
2.574, 14.834, 4.769
2.881, 14.829, 5.278
3.525, 14.249, 6.155
3.235, 14.829, 6.547
2.854, 13.063, 5.105
1.207, 9.172, 2.365
1.317, 9.172, 2.553
0.608, 1.464, 0.499
0.797, 1.464, 0.631
0.883, 6.679, 1.287
2.09, 6.607, 3.113
0.671, 3.091, 0.685
0.697, 3.091, 0.743
0.748, 3.091, 0.765
0.617, 0.809, 0.371
0.985, 1.886, 0.821
0.554, 1.196, 0.42
0.695, 1.173, 0.589
0.446, 1.329, 0.389
0.325, 0.504, 0.198
0.371, 0.493, 0.221
1.599, 4.571, 1.926
1.313, 4.188, 1.648
1.411, 4.134, 1.972
1.123, 16.641, 1.999
0.296, 0.338, 0.159
0.445, 0.856, 0.412
0.467, 0.858, 0.398
0.666, 0.931, 0.475
1.48, 14.424, 2.995
1.708, 14.379, 3.91
0.837, 2.603, 1.086
3.124, 14.379, 6.368
1.204, 3.121, 1.209
1.353, 3.121, 1.379
1.312, 3.121, 1.449
1.743, 16.564, 4.176
3.622, 16.519, 7.288
0.711, 1.535, 0.603
0.786, 1.535, 0.692
0.864, 1.535, 0.797
1.72, 9.497, 2.622
3.72, 9.454, 3.91
0.647, 2.071, 0.676
0.695, 2.071, 0.788
0.868, 2.071, 0.946
1.568, 11.262, 2.974
1.192, 10.735, 2.42
0.986, 2.238, 0.869
0.939, 3.571, 1.508
2.534, 10.66, 4.627
0.888, 3.304, 1.053
0.666, 2.241, 0.916
1.167, 3.279, 1.231
1.495, 3.279, 1.267
0.319, 0.998, 0.352
0.121, 0.168, 0.088
1.245, 2.561, 1.012
1.442, 6.792, 1.837
1.165, 6.792, 2.044
1.751, 6.717, 2.536
0.466, 0.902, 0.475
0.509, 1.135, 0.389
0.35, 0.404, 0.186
0.344, 0.631, 0.226
0.25, 0.254, 0.136
0.553, 2.867, 0.644
0.453, 2.867, 0.636
0.315, 0.642, 0.231
0.217, 0.314, 0.157
0.415, 0.635, 0.346
0.242, 0.236, 0.119
0.664, 2.649, 0.813
0.722, 2.56, 0.843
0.333, 0.66, 0.348
0.71, 2.642, 0.905
0.878, 2.642, 1.002
1.067, 2.642, 1.208
0.874, 3.305, 1.054
0.915, 3.305, 1.177
1.436, 3.296, 1.599
0.835, 2.964, 1.033
0.936, 2.964, 1.077
0.89, 2.964, 1.074
0.78, 2.847, 0.933
0.958, 2.847, 1.323
2.161, 11.821, 2.993
1.744, 10.025, 2.436
0.794, 2.238, 0.855
2.153, 10.025, 2.812
2.141, 10.025, 2.964
0.8, 1.847, 0.78
1.08, 2.369, 1.208
0.779, 1.481, 0.613
1.077, 3.882, 1.23
0.969, 3.882, 1.302
1.034, 3.882, 1.678
0.355, 1.181, 0.364
0.289, 1.112, 0.326
0.309, 1.112, 0.4
0.465, 1.105, 0.487
1.421, 3.61, 1.328
0.935, 4.022, 1.323
0.91, 4.022, 1.757
1.478, 3.183, 1.179
1.002, 2.354, 0.961
0.703, 3.79, 0.946
0.51, 2.866, 0.652
0.325, 0.64, 0.235
0.214, 0.314, 0.158
0.414, 0.633, 0.345
0.241, 0.236, 0.119
0.789, 3.095, 0.994
0.905, 3.095, 1.188
1.179, 3.095, 1.442
0.706, 2.642, 0.905
0.875, 2.642, 1.002
1.063, 2.642, 1.209
0.843, 3.274, 1.017
0.875, 3.274, 1.143
1.382, 3.265, 1.56
0.813, 2.964, 0.996
0.911, 2.964, 1.038
0.86, 2.964, 1.025
0.74, 2.576, 0.845
0.887, 2.576, 1.191
1.617, 6.263, 1.833
1.342, 6.263, 1.865
0.347, 0.512, 0.218
1.076, 2.364, 1.206
1.909, 21.309, 3.347
1.253, 2.785, 1.461
0.672, 2.007, 0.781
2.431, 13.108, 3.707
1.711, 3.572, 1.453
1.126, 3.878, 1.176
0.672, 1.362, 0.577
1.296, 7.19, 2.261
0.436, 1.043, 0.453
2.512, 11.668, 3.34
1.557, 5.812, 2.257
1.948, 11.489, 4.277
1.31, 3.482, 1.259
0.781, 1.541, 0.568
1.421, 3.4, 1.361
0.647, 1.148, 0.441
2.155, 11.486, 3.603
2.553, 11.484, 5.033
1.074, 19.355, 2.152
0.399, 0.686, 0.349
0.52, 1.977, 0.622
0.543, 1.977, 0.772
0.17, 0.364, 0.191
0.741, 4.545, 1.28
1.189, 4.527, 2.248
0.522, 1.402, 0.648
0.822, 4.078, 1.274
1.075, 4.051, 2.014
0.659, 1.968, 0.922
1.128, 5.304, 1.649
0.441, 1.115, 0.495
0.49, 1.05, 0.587
0.904, 3.08, 1.169
1.282, 3.077, 1.49
2.164, 3.057, 1.421
0.366, 0.802, 0.371
0.527, 1.696, 0.547
0.535, 1.696, 0.699
0.984, 3.947, 1.313
1.1, 3.947, 1.933
1.267, 2.655, 1.383
1.189, 3.558, 1.406
0.903, 4.235, 1.155
1.382, 4.214, 1.757
0.717, 1.945, 0.901
1.134, 16.321, 2.535
1.09, 16.316, 2.556
0.817, 1.62, 0.823
1.097, 16.316, 2.728
1.059, 16.316, 2.8
1.093, 16.316, 3.021
1.185, 16.316, 3.255
1.369, 16.314, 3.65
1.606, 16.314, 4.098
2.147, 16.238, 5.003
3.143, 16.157, 6.473
1.347, 6.464, 1.695
1.275, 6.463, 1.774
0.47, 0.991, 0.5
1.325, 6.416, 2.062
1.579, 6.385, 2.496
1.679, 11.142, 2.696
0.424, 0.715, 0.289
1.515, 11.142, 2.717
1.368, 11.142, 2.431
0.825, 1.379, 0.727
1.601, 6.16, 2.267
2.714, 6.059, 2.534
0.764, 3.694, 1.348
1.315, 3.684, 1.64
2.593, 11.028, 4.364
2.29, 9.779, 3.03
0.879, 2.328, 1.31
1.355, 10.951, 2.305
3.439, 9.452, 4.411
1.096, 10.951, 1.956
1.029, 10.951, 1.943
0.773, 3.504, 1.003
0.904, 3.504, 1.135
1.011, 3.504, 1.395
1.158, 10.931, 2.528
1.32, 10.884, 2.754
0.495, 1.514, 0.469
0.288, 0.265, 0.138
0.498, 0.971, 0.546
3.626, 7.692, 3.929
1.439, 12.878, 2.17
0.225, 0.075, 0.035
0.781, 0.825, 0.396
1.144, 7.228, 1.706
1.358, 7.228, 1.97
1.356, 3.085, 1.166
2.09, 7.212, 3.469
2.086, 10.452, 3.077
1.081, 2.851, 1.11
3.033, 10.393, 3.993
3.937, 10.393, 4.289
0.682, 2.556, 0.912
0.149, 0.215, 0.11
1.611, 3.358, 1.344
2.03, 9.529, 2.747
1.669, 9.529, 2.399
1.125, 3.418, 1.265
1.617, 3.418, 1.523
3.021, 9.529, 4.442
1.473, 12.058, 3.061
0.809, 4.868, 1.411
1.0, 4.868, 1.764
1.613, 4.855, 2.24
1.225, 5.724, 1.971
1.249, 5.724, 2.519
1.009, 1.751, 0.672
0.773, 1.017, 0.459
0.747, 1.434, 0.53
0.518, 0.528, 0.287
1.102, 4.863, 1.147
0.871, 4.863, 1.081
0.614, 1.377, 0.47
0.464, 0.697, 0.349
0.825, 1.366, 0.712
0.52, 0.549, 0.275
0.867, 3.855, 1.086
0.969, 3.855, 1.221
0.448, 0.894, 0.474
0.893, 3.178, 1.101
1.088, 3.178, 1.223
1.315, 3.178, 1.465
1.274, 6.582, 1.621
1.425, 6.582, 2.159
2.385, 6.579, 3.063
1.142, 3.718, 1.289
1.276, 3.718, 1.337
1.213, 3.718, 1.313
1.069, 3.23, 1.144
1.362, 3.23, 1.489
3.111, 12.869, 3.908
3.03, 12.869, 4.261
0.76, 1.192, 0.507
2.54, 6.172, 3.249
1.301, 13.258, 2.277
0.544, 1.196, 0.445
0.454, 0.572, 0.237
1.174, 3.224, 1.47
1.305, 6.762, 2.113
0.422, 0.488, 0.189
1.874, 12.175, 3.774
0.469, 0.693, 0.265
1.499, 8.924, 2.727
0.437, 0.814, 0.318
1.061, 2.726, 1.256
0.704, 2.492, 0.859
0.624, 2.484, 0.888
0.175, 0.176, 0.1
1.462, 7.106, 2.219
0.935, 7.066, 1.813
1.124, 7.045, 2.019
0.747, 1.138, 0.494
0.265, 0.125, 0.068
1.726, 13.162, 3.731
0.433, 0.893, 0.372
0.933, 3.397, 1.237
1.001, 3.397, 1.392
0.255, 0.317, 0.159
1.227, 12.903, 2.145
0.411, 0.601, 0.287
0.878, 4.264, 1.146
0.838, 4.264, 1.2
0.69, 3.117, 0.863
0.403, 0.66, 0.226
1.39, 4.069, 1.691
1.007, 4.069, 1.541
1.16, 3.913, 1.904
0.554, 0.636, 0.319
4.783, 29.581, 6.382
1.829, 5.2, 2.346
2.706, 6.69, 2.508
5.313, 25.502, 7.563
2.644, 20.144, 5.573
0.579, 1.268, 0.506
0.303, 0.502, 0.262
6.198, 27.879, 7.049
5.522, 12.495, 4.539
6.867, 12.34, 6.404
3.703, 29.581, 6.062
2.537, 11.603, 3.49
6.635, 9.048, 4.593
1.603, 6.806, 2.282
2.281, 6.803, 2.73
0.554, 1.851, 0.72
0.924, 1.851, 0.78
6.662, 23.306, 6.835
7.473, 16.852, 8.02
7.425, 22.387, 7.081
8.6, 22.387, 7.717
10.19, 22.387, 8.738
1.455, 2.46, 1.249
2.298, 27.586, 4.415
1.822, 6.997, 2.473
1.273, 2.062, 1.034
2.401, 4.188, 1.814
0.483, 0.86, 0.405
0.475, 0.861, 0.406
1.047, 5.028, 1.591
0.215, 0.274, 0.138
0.991, 5.0, 1.35
0.741, 1.442, 0.716
1.65, 4.708, 2.248
3.133, 18.279, 5.0
0.709, 1.697, 0.755
6.679, 17.844, 8.3
3.248, 18.312, 5.053
0.864, 2.483, 1.134
6.664, 17.877, 8.315
2.928, 18.344, 5.047
0.831, 2.448, 1.121
6.652, 17.909, 8.329
1.514, 5.377, 2.254
0.904, 3.154, 1.511
1.182, 3.001, 1.128
0.963, 2.99, 1.421
4.055, 27.371, 5.217
0.328, 0.499, 0.223
11.084, 20.227, 9.721
7.158, 9.882, 3.908
7.551, 9.882, 5.317
6.431, 11.562, 4.397
5.867, 11.562, 4.851
7.717, 10.467, 5.418
6.122, 11.277, 5.843
2.317, 22.097, 5.297
0.435, 1.328, 0.379
0.496, 1.303, 0.456
0.78, 4.509, 1.124
0.465, 2.192, 0.611
0.567, 2.152, 0.758
7.667, 27.026, 6.9
7.234, 27.026, 7.333
7.352, 27.026, 7.708
4.654, 10.361, 4.642
3.388, 17.122, 4.367
1.907, 9.347, 3.035
1.771, 6.531, 2.827
2.464, 9.347, 3.659
2.052, 5.695, 3.204
3.961, 17.121, 4.786
2.309, 14.203, 4.313
0.452, 0.552, 0.248
4.928, 17.02, 4.972
5.578, 17.02, 6.393
4.491, 12.048, 4.237
3.544, 12.048, 4.23
1.769, 4.061, 1.606
3.462, 17.012, 4.553
3.412, 17.012, 4.973
3.091, 17.012, 5.363
2.871, 17.012, 6.282
0.325, 0.579, 0.292
1.413, 7.229, 2.234
1.165, 7.151, 2.175
2.15, 7.149, 3.087
1.48, 6.401, 2.124
1.791, 6.401, 2.419
1.224, 11.547, 1.924
0.107, 0.218, 0.101
0.077, 0.148, 0.068
1.435, 6.928, 2.033
0.59, 1.124, 0.488
1.794, 10.095, 2.884
2.202, 10.089, 4.472
1.81, 8.664, 2.57
2.286, 8.664, 2.83
3.763, 8.657, 3.695
0.638, 1.064, 0.478
0.303, 0.078, 0.055
1.395, 6.349, 1.707
2.526, 6.279, 2.689
0.868, 2.502, 0.963
0.565, 1.516, 0.586
2.468, 0.106, 0.075
1.263, 9.535, 2.02
0.789, 2.739, 0.843
0.803, 2.737, 0.902
0.853, 2.737, 0.989
0.802, 2.737, 1.008
0.558, 1.468, 0.809
1.431, 6.254, 1.782
0.682, 1.677, 0.638
0.713, 1.114, 0.557
0.477, 1.693, 0.578
0.122, 0.124, 0.065
2.384, 7.587, 3.011
1.309, 5.357, 1.594
1.059, 2.655, 1.14
1.5, 2.655, 1.273
1.014, 11.498, 1.536
0.833, 3.901, 1.02
0.62, 1.501, 0.662
0.93, 1.456, 0.771
0.108, 0.228, 0.12
1.157, 11.458, 2.164
1.988, 11.447, 3.183
3.979, 11.447, 5.124
1.084, 3.561, 1.456
0.742, 7.848, 1.476
1.466, 7.744, 2.44
0.676, 2.611, 1.029
0.377, 1.035, 0.336
0.356, 0.98, 0.304
0.384, 0.575, 0.247
0.348, 0.631, 0.277
0.95, 3.9, 0.953
0.67, 1.845, 0.673
0.781, 1.845, 0.816
1.014, 3.44, 0.963
1.335, 2.704, 0.984
0.919, 3.399, 1.041
1.146, 3.399, 1.187
1.432, 3.382, 1.314
0.737, 1.457, 0.646
1.083, 3.898, 1.287
0.99, 3.898, 1.463
0.879, 3.708, 1.09
0.801, 1.572, 0.85
0.381, 1.111, 0.434
1.593, 8.275, 1.91
1.675, 2.009, 0.933
1.126, 4.728, 1.425
1.012, 4.728, 1.432
0.527, 1.287, 0.375
0.618, 1.287, 0.512
0.447, 0.748, 0.318
3.578, 27.453, 5.542
3.181, 6.672, 2.904
0.275, 0.255, 0.12
1.463, 3.097, 1.384
0.485, 0.88, 0.41
0.483, 0.88, 0.41
4.46, 14.186, 4.242
6.178, 13.862, 5.847
0.863, 3.787, 1.075
0.308, 0.593, 0.212
0.361, 0.593, 0.235
4.528, 23.54, 6.332
4.71, 23.54, 6.442
3.137, 23.538, 5.934
3.81, 23.538, 6.481
0.858, 2.403, 1.124
0.28, 0.306, 0.17
0.767, 1.122, 0.615
9.353, 23.394, 9.046
6.615, 23.185, 6.853
5.701, 13.711, 5.006
5.387, 13.711, 4.941
8.529, 13.469, 7.016
7.284, 17.891, 6.729
8.679, 14.132, 5.67
2.11, 14.412, 3.671
2.094, 14.382, 3.921
2.574, 14.382, 4.271
2.945, 14.382, 4.812
4.169, 14.348, 5.575
7.313, 13.33, 6.668
9.978, 13.297, 6.706
5.067, 30.107, 6.468
1.163, 1.929, 0.965
2.242, 8.483, 4.175
4.976, 22.872, 7.344
5.546, 6.756, 3.496
6.037, 30.023, 7.117
6.92, 12.627, 6.321
2.191, 2.86, 1.586
4.875, 25.679, 5.833
5.516, 25.679, 6.03
5.201, 25.679, 6.229
6.12, 25.679, 7.957
2.51, 7.097, 3.181
3.516, 5.095, 2.343
11.209, 29.831, 11.565
17.966, 26.063, 10.938
2.308, 4.986, 2.572
1.746, 17.659, 3.548
0.603, 1.296, 0.616
0.572, 0.86, 0.341
0.542, 0.58, 0.318
1.74, 17.659, 3.866
2.536, 16.539, 5.322
3.778, 16.539, 7.226
2.438, 13.144, 5.307
1.397, 17.659, 3.168
1.424, 17.659, 3.279
2.665, 17.659, 6.094
4.028, 17.659, 7.668
0.85, 2.678, 0.807
0.903, 2.678, 0.835
0.851, 2.503, 0.789
0.71, 2.503, 0.809
0.312, 0.693, 0.269
0.517, 0.52, 0.368
3.06, 6.516, 3.282
1.811, 15.679, 3.041
1.358, 5.755, 1.927
0.276, 0.213, 0.082
1.341, 8.78, 2.564
0.508, 1.324, 0.542
1.498, 9.554, 2.793
0.988, 4.081, 1.596
1.661, 14.983, 2.818
1.542, 14.983, 2.644
1.113, 5.36, 1.253
1.103, 5.345, 1.233
1.255, 5.245, 1.457
0.843, 1.389, 0.692
1.753, 5.245, 1.94
0.733, 1.988, 0.621
0.578, 1.072, 0.498
0.907, 1.958, 0.788
6.655, 14.164, 7.869
1.673, 14.091, 2.616
0.847, 3.052, 0.992
1.191, 3.052, 1.337
1.961, 3.052, 1.617
1.808, 14.091, 2.77
1.919, 9.538, 2.893
1.569, 7.233, 2.43
0.744, 1.591, 0.845
2.025, 14.091, 3.87
0.553, 2.253, 0.824
0.368, 0.926, 0.413
1.084, 4.759, 1.576
0.596, 0.86, 0.355
1.3, 8.486, 2.135
1.164, 3.058, 1.27
1.59, 8.428, 2.719
1.932, 8.428, 3.04
2.529, 8.428, 3.504
1.946, 13.01, 2.823
3.554, 8.349, 4.101
1.494, 7.967, 2.367
2.623, 7.967, 3.667
1.49, 8.259, 2.338
1.46, 8.247, 3.053
0.186, 0.248, 0.139
1.771, 13.01, 2.625
1.378, 4.241, 1.232
1.107, 1.721, 0.758
1.269, 4.147, 1.272
1.691, 4.147, 1.888
2.268, 13.001, 3.496
2.411, 13.001, 3.691
2.569, 13.001, 3.927
1.643, 7.393, 2.647
0.279, 0.326, 0.13
6.045, 10.354, 5.339
3.839, 24.462, 4.929
10.21, 22.13, 8.415
2.052, 17.275, 4.193
0.431, 1.332, 0.381
0.492, 1.307, 0.459
0.798, 4.079, 1.038
0.468, 2.193, 0.612
0.569, 2.154, 0.758
5.438, 16.569, 5.363
5.754, 9.686, 4.43
6.373, 15.709, 5.558
8.294, 15.709, 8.174
3.563, 17.229, 4.288
0.902, 2.78, 1.295
3.764, 17.174, 4.468
3.228, 11.14, 4.002
3.306, 11.14, 5.303
4.089, 17.174, 4.704
3.46, 17.174, 4.673
4.47, 17.142, 5.491
6.021, 10.243, 4.266
2.514, 14.316, 4.324
2.877, 7.71, 3.425
7.654, 11.971, 4.388
4.863, 11.407, 6.005
1.085, 9.121, 1.865
0.337, 0.471, 0.206
1.161, 6.305, 1.829
0.665, 1.115, 0.559
1.391, 8.977, 2.896
0.247, 0.222, 0.112
0.844, 3.162, 1.034
0.24, 0.161, 0.06
0.757, 2.716, 0.895
0.677, 2.716, 0.901
0.998, 5.037, 1.453
1.106, 5.037, 1.602
1.428, 5.037, 1.924
1.269, 22.321, 2.308
0.106, 0.171, 0.091
0.41, 1.031, 0.323
0.327, 0.589, 0.249
0.276, 0.398, 0.2
0.947, 2.438, 0.985
0.331, 0.49, 0.222
0.842, 1.834, 0.617
0.706, 1.834, 0.721
0.465, 0.747, 0.378
0.567, 1.243, 0.517
0.407, 1.067, 0.502
0.916, 3.553, 0.983
0.641, 1.677, 0.566
0.789, 1.677, 0.652
2.484, 9.337, 3.954
0.75, 2.716, 0.848
0.642, 2.716, 0.913
0.846, 2.716, 1.145
2.0, 6.58, 2.774
0.921, 2.774, 0.856
0.596, 1.28, 0.446
0.634, 1.28, 0.472
1.127, 8.587, 1.728
1.073, 8.587, 1.809
0.776, 4.42, 1.3
0.964, 4.42, 1.504
0.255, 0.479, 0.249
0.522, 0.763, 0.292
0.67, 2.331, 0.993
2.145, 8.484, 3.019
1.748, 4.691, 2.088
1.189, 3.785, 1.293
1.137, 3.584, 1.175
1.418, 3.55, 1.457
1.168, 7.845, 2.232
0.448, 3.544, 1.165
0.649, 3.533, 1.424
1.242, 3.533, 2.002
0.687, 3.907, 1.231
0.916, 3.855, 1.437
1.436, 3.855, 1.811
1.085, 6.623, 1.981
1.49, 6.517, 2.547
0.387, 0.645, 0.354
1.148, 6.616, 1.861
0.379, 1.285, 0.412
0.481, 1.285, 0.482
0.929, 3.499, 1.49
0.477, 1.836, 0.588
0.413, 1.836, 0.62
0.557, 1.836, 0.775
0.468, 1.646, 0.696
1.722, 13.832, 2.678
2.245, 10.408, 3.575
2.936, 10.408, 4.529
2.308, 7.337, 3.487
1.636, 13.832, 2.573
1.652, 13.832, 2.603
1.248, 13.77, 2.657
1.675, 13.742, 3.868
0.297, 0.346, 0.15
0.617, 2.184, 0.79
0.272, 0.303, 0.143
2.062, 8.475, 2.603
2.125, 8.475, 2.757
1.694, 8.466, 2.514
2.358, 8.466, 2.89
3.734, 8.466, 3.639
1.932, 11.41, 2.668
1.308, 4.621, 1.599
1.021, 4.613, 1.348
1.357, 4.613, 1.553
2.094, 4.613, 1.95
4.459, 11.375, 5.058
1.576, 9.472, 2.735
0.641, 2.835, 0.932
0.833, 2.835, 1.121
0.749, 1.94, 0.827
1.3, 8.876, 3.092
0.274, 0.031, 0.017
1.366, 17.645, 3.185
0.875, 2.464, 1.401
0.312, 0.317, 0.148
0.78, 1.716, 0.774
0.859, 1.614, 0.668
0.332, 0.717, 0.225
0.273, 0.393, 0.161
0.717, 1.602, 0.591
0.418, 0.69, 0.301
0.862, 3.473, 1.318
0.994, 2.989, 0.941
0.602, 0.859, 0.342
1.67, 15.732, 3.694
0.707, 2.045, 0.868
1.954, 15.732, 4.097
2.085, 15.732, 4.236
2.15, 15.732, 4.407
1.956, 15.732, 4.279
2.475, 15.732, 4.812
1.729, 9.859, 3.202
2.524, 9.847, 4.175
4.303, 14.318, 6.871
0.794, 20.517, 1.979
0.109, 0.113, 0.057
0.409, 2.27, 0.554
0.427, 2.27, 0.644
0.534, 2.27, 0.802
0.235, 0.494, 0.265
0.235, 1.155, 0.309
0.267, 1.155, 0.413
0.101, 0.194, 0.101
0.889, 6.207, 1.583
1.33, 6.182, 2.186
2.084, 6.111, 2.543
0.437, 0.882, 0.437
0.887, 4.397, 1.445
1.156, 4.37, 2.172
0.508, 1.367, 0.631
0.935, 5.32, 1.498
0.413, 1.098, 0.462
0.436, 0.892, 0.495
0.883, 2.887, 1.133
1.244, 2.885, 1.438
2.099, 2.865, 1.365
0.358, 0.773, 0.358
0.564, 1.688, 0.54
0.532, 1.688, 0.695
0.642, 3.024, 0.89
0.868, 3.024, 1.473
0.669, 1.391, 0.706
0.654, 1.72, 0.677
0.527, 1.89, 0.573
0.759, 1.886, 0.851
0.35, 0.885, 0.409
1.279, 5.675, 1.72
0.266, 0.506, 0.253
1.048, 3.26, 1.552
0.885, 2.638, 0.962
0.941, 2.638, 1.109
1.26, 5.056, 1.669
0.266, 0.506, 0.253
1.042, 3.258, 1.554
0.883, 2.638, 0.961
0.938, 2.638, 1.108
0.904, 14.717, 1.977
0.391, 0.666, 0.275
1.934, 4.859, 2.137
1.771, 2.705, 1.457
0.446, 6.216, 0.853
0.204, 0.28, 0.152
0.214, 0.166, 0.094
0.161, 0.175, 0.096
1.121, 6.168, 2.117
1.995, 6.1, 2.9
0.513, 0.704, 0.355
0.319, 0.98, 0.308
0.273, 0.557, 0.235
0.281, 0.858, 0.278
0.198, 0.283, 0.116
0.407, 1.437, 0.396
0.42, 1.022, 0.427
0.356, 1.437, 0.411
0.289, 0.751, 0.267
0.181, 0.284, 0.123
1.321, 2.695, 1.363
1.393, 19.515, 2.556
1.335, 15.817, 2.326
0.389, 1.069, 0.359
0.494, 1.069, 0.507
0.292, 0.125, 0.069
1.376, 15.817, 2.37
1.381, 15.817, 2.378
1.192, 8.539, 2.137
0.377, 0.792, 0.224
0.406, 0.73, 0.244
0.377, 0.396, 0.21
1.286, 15.792, 3.084
2.463, 15.792, 5.432
3.425, 15.792, 6.938
0.651, 1.794, 0.57
0.598, 1.542, 0.473
0.565, 1.542, 0.533
0.564, 1.493, 0.508
0.828, 1.461, 0.742
0.966, 5.823, 1.674
0.231, 0.472, 0.149
0.205, 0.335, 0.103
0.204, 0.171, 0.086
1.408, 14.343, 2.263
0.805, 2.707, 1.149
0.646, 2.557, 1.089
1.452, 14.336, 2.318
0.408, 1.004, 0.314
0.342, 0.874, 0.282
0.363, 0.858, 0.308
0.512, 0.842, 0.421
2.119, 5.897, 2.436
0.717, 3.488, 0.806
0.777, 3.488, 0.88
0.752, 3.488, 1.065
0.514, 0.958, 0.491
1.4, 3.464, 1.901
0.84, 1.793, 0.668
1.157, 1.773, 0.925
0.99, 2.615, 1.194
0.91, 5.314, 1.334
0.523, 1.594, 0.497
0.574, 1.594, 0.56
0.935, 1.5, 0.758
1.968, 14.336, 2.835
1.932, 9.715, 2.379
2.214, 9.694, 2.722
2.549, 9.694, 3.1
2.622, 4.774, 2.403
0.94, 2.306, 1.281
1.862, 7.851, 2.296
1.52, 5.401, 1.663
1.329, 5.401, 1.701
0.993, 1.773, 0.888
0.58, 1.334, 0.711
1.913, 14.336, 2.893
1.862, 14.335, 2.892
2.006, 14.335, 3.012
2.155, 14.335, 3.474
2.406, 14.335, 3.741
2.025, 9.098, 2.58
2.531, 9.098, 2.85
3.135, 9.064, 3.378
3.193, 4.8, 2.677
1.944, 6.092, 2.266
2.979, 6.071, 3.044
0.492, 1.068, 0.561
3.28, 12.185, 5.258
1.67, 12.26, 2.959
3.229, 12.183, 6.031
1.391, 9.895, 2.31
1.417, 9.895, 2.585
1.606, 9.806, 3.212
2.649, 9.74, 4.19
1.873, 4.46, 2.031
1.605, 15.441, 2.682
0.426, 0.677, 0.286
1.67, 3.413, 1.51
0.905, 1.974, 0.78
0.643, 0.711, 0.397
1.61, 10.536, 2.472
1.816, 10.057, 3.47
2.614, 10.026, 4.333
1.626, 10.501, 2.336
2.089, 6.684, 2.302
1.732, 6.659, 2.604
1.62, 7.37, 2.926
0.987, 3.714, 1.075
1.036, 3.714, 1.257
0.564, 1.16, 0.431
2.61, 10.371, 3.953
1.487, 16.005, 2.481
0.319, 0.22, 0.094
1.369, 8.401, 1.892
1.526, 5.181, 1.924
2.05, 5.153, 2.361
1.683, 6.053, 2.091
2.166, 5.991, 2.224
1.853, 5.991, 2.465
1.912, 8.383, 3.134
3.233, 8.272, 3.767
0.992, 4.564, 1.616
0.511, 0.784, 0.357
1.293, 5.356, 1.766
1.3, 5.356, 1.823
2.319, 4.535, 2.267
0.04, 0.053, 0.03
1.533, 5.349, 2.232
1.434, 5.745, 1.834
1.727, 5.726, 2.082
0.363, 0.703, 0.271
1.608, 7.229, 2.533
1.003, 7.227, 2.113
1.735, 7.227, 3.139
2.289, 6.953, 2.944
2.827, 6.953, 3.277
0.904, 13.171, 2.038
0.355, 0.299, 0.144
0.859, 1.25, 0.529
0.446, 1.291, 0.418
0.372, 0.897, 0.386
0.55, 1.291, 0.543
0.751, 1.291, 0.649
1.988, 13.043, 4.253
0.594, 1.046, 0.495
0.469, 0.881, 0.332
0.515, 0.766, 0.332
0.466, 0.888, 0.348
0.353, 0.27, 0.155
1.724, 22.324, 3.867
0.461, 0.459, 0.231
0.869, 3.654, 1.475
1.714, 12.391, 4.018
3.354, 12.355, 6.038
1.614, 5.679, 2.381
0.466, 1.732, 0.523
0.604, 1.712, 0.78
2.182, 8.857, 2.923
2.846, 8.857, 4.092
1.831, 6.217, 3.012
0.735, 4.117, 1.148
0.276, 0.211, 0.087
0.708, 2.241, 0.811
0.477, 0.862, 0.493
0.248, 0.196, 0.085
0.228, 0.046, 0.033
1.499, 12.892, 2.289
0.324, 0.314, 0.149
1.426, 2.727, 1.353
1.962, 5.614, 2.523
1.194, 4.441, 1.541
0.513, 1.053, 0.499
0.956, 2.285, 0.756
0.757, 1.627, 0.612
1.427, 8.335, 2.545
2.054, 8.335, 3.596
1.984, 10.605, 3.232
0.721, 1.411, 0.701
1.433, 12.892, 2.344
1.132, 5.773, 1.995
1.552, 5.773, 2.493
1.475, 12.888, 2.477
0.773, 2.772, 0.949
0.341, 1.008, 0.405
1.813, 12.885, 2.836
1.541, 9.289, 2.347
1.654, 4.14, 1.798
1.674, 9.283, 3.135
0.522, 1.152, 0.593
2.436, 12.827, 3.809
2.604, 12.827, 4.275
0.475, 1.008, 0.574
2.384, 8.216, 2.778
2.225, 8.206, 2.686
3.431, 8.206, 3.912
1.072, 8.977, 1.719
1.583, 8.977, 3.089
2.108, 8.977, 3.89
0.98, 5.315, 1.284
1.112, 4.086, 1.367
0.768, 3.771, 1.222
0.985, 3.771, 1.66
0.931, 5.246, 1.307
0.458, 1.046, 0.355
4.149, 10.528, 5.701
1.776, 10.352, 2.516
1.152, 1.548, 0.629
2.188, 10.214, 3.09
0.69, 1.718, 0.822
1.878, 9.488, 2.617
2.587, 7.929, 3.331
2.717, 7.837, 3.566
1.532, 9.485, 2.49
1.799, 9.415, 2.725
1.024, 3.643, 1.376
0.261, 0.264, 0.134
1.33, 6.34, 1.943
1.675, 6.327, 2.2
1.491, 6.327, 2.765
1.349, 10.306, 2.277
1.545, 4.086, 1.734
1.292, 10.306, 2.373
2.649, 7.581, 3.299
1.966, 7.323, 3.633
0.391, 0.99, 0.28
0.369, 0.722, 0.235
0.353, 0.722, 0.261
0.382, 0.71, 0.265
1.561, 10.273, 2.888
0.456, 0.929, 0.5
0.268, 0.351, 0.145
2.612, 6.837, 2.636
2.819, 6.837, 3.105
1.188, 3.003, 1.114
0.969, 2.992, 1.42
0.809, 4.462, 0.959
0.31, 0.49, 0.225
0.647, 2.027, 0.978
0.982, 2.526, 1.177
0.518, 0.683, 0.351
0.455, 0.907, 0.35
0.852, 1.842, 0.75
1.423, 4.342, 2.091
1.495, 11.043, 2.105
0.552, 0.977, 0.443
0.468, 0.573, 0.324
1.548, 11.043, 2.185
1.535, 11.043, 2.191
1.55, 7.691, 2.578
1.069, 3.361, 1.614
1.439, 7.79, 1.937
1.572, 7.79, 2.278
1.111, 3.124, 1.139
0.745, 1.673, 0.887
0.485, 1.302, 0.443
0.35, 0.291, 0.153
0.481, 0.007, 0.005
1.547, 11.043, 2.21
2.461, 11.043, 3.433
3.785, 11.043, 4.95
0.963, 2.636, 0.821
1.127, 2.636, 0.907
1.084, 2.636, 1.054
1.057, 2.631, 1.473
0.626, 0.279, 0.198
2.146, 7.328, 2.763
2.922, 7.275, 3.589
1.397, 5.19, 1.949
1.141, 3.538, 1.678
3.072, 4.357, 3.081
0.95, 23.298, 2.413
0.189, 0.213, 0.108
0.343, 0.655, 0.252
0.903, 3.306, 1.038
0.753, 1.688, 0.692
0.423, 0.954, 0.312
0.312, 0.607, 0.254
0.792, 3.702, 1.144
0.308, 0.596, 0.249
1.03, 2.937, 0.976
0.528, 0.934, 0.366
0.659, 3.392, 1.244
0.525, 1.786, 0.474
0.372, 0.594, 0.216
0.606, 1.765, 0.592
0.297, 0.466, 0.185
0.964, 3.262, 1.123
0.813, 3.254, 1.399
0.924, 3.252, 1.053
0.809, 3.245, 1.395
1.72, 9.659, 2.427
1.708, 4.038, 1.862
0.705, 1.802, 0.567
0.997, 1.802, 0.751
1.903, 9.659, 3.082
2.199, 9.659, 3.494
3.548, 9.651, 4.325
2.785, 23.966, 4.217
0.337, 0.567, 0.287
3.747, 9.259, 3.522
2.72, 23.966, 4.488
1.734, 8.391, 2.722
0.498, 0.895, 0.464
2.995, 23.966, 4.921
0.587, 1.482, 0.452
0.545, 0.409, 0.211
3.945, 23.966, 5.613
1.853, 4.761, 2.187
4.69, 23.966, 6.17
4.935, 23.966, 6.427
5.941, 23.966, 6.956
1.538, 2.147, 1.214
0.155, 0.345, 0.187
9.105, 22.746, 8.242
1.092, 15.885, 2.772
2.096, 4.294, 2.064
0.671, 1.804, 0.859
0.52, 2.294, 0.727
0.402, 1.141, 0.479
0.84, 14.862, 2.329
1.427, 14.86, 3.554
0.733, 1.884, 0.889
2.106, 14.849, 4.861
0.185, 0.17, 0.079
0.431, 1.601, 0.485
0.396, 1.392, 0.456
0.405, 1.392, 0.594
0.481, 1.599, 0.565
0.326, 1.12, 0.482
0.768, 1.57, 0.761
1.447, 14.965, 2.719
0.58, 1.352, 0.502
0.929, 1.078, 0.45
0.704, 1.181, 0.498
0.769, 2.683, 0.809
0.611, 0.858, 0.349
1.599, 14.902, 3.455
0.71, 2.024, 0.865
2.222, 14.862, 4.345
2.612, 14.862, 4.759
1.057, 2.942, 1.231
2.751, 10.992, 4.262
1.471, 11.386, 3.214
0.424, 0.495, 0.192
2.116, 11.147, 4.473
0.492, 0.962, 0.372
1.111, 6.95, 1.942
0.446, 0.51, 0.205
2.062, 8.576, 3.104
2.636, 8.562, 3.428
3.586, 8.553, 4.133
1.447, 15.028, 2.257
0.557, 1.967, 0.583
0.376, 0.424, 0.207
0.494, 1.424, 0.43
1.914, 13.14, 4.294
1.514, 13.787, 3.935
2.69, 13.787, 5.543
2.226, 12.265, 3.636
0.427, 0.465, 0.206
2.196, 13.236, 3.846
0.413, 0.423, 0.187
1.833, 12.866, 2.927
2.159, 7.162, 2.773
1.868, 7.162, 3.089
3.734, 5.352, 2.978
1.781, 12.821, 3.028
1.825, 12.821, 3.077
1.905, 8.072, 2.746
2.678, 8.053, 3.63
0.36, 0.526, 0.259
1.562, 5.829, 2.249
2.171, 12.231, 4.486
2.774, 12.231, 5.347
1.656, 12.821, 3.054
1.496, 8.014, 2.448
2.57, 8.007, 3.298
0.252, 0.381, 0.165
0.55, 1.759, 0.677
2.115, 12.794, 4.748
2.787, 12.794, 5.642
2.438, 14.38, 3.78
3.593, 14.276, 6.09
1.848, 11.617, 3.134
2.007, 11.567, 3.466
2.625, 11.567, 3.978
3.53, 11.497, 5.044
1.981, 14.506, 3.296
3.707, 14.418, 6.105
1.292, 8.685, 2.182
1.339, 8.645, 2.382
1.748, 8.645, 2.742
2.384, 8.592, 3.478
1.236, 15.027, 1.915
1.565, 7.666, 2.329
1.86, 7.666, 3.273
1.369, 2.883, 1.514
1.198, 14.978, 1.873
1.197, 14.978, 1.877
1.019, 5.017, 1.462
1.38, 5.017, 2.111
0.945, 1.551, 0.753
1.207, 14.978, 1.901
2.333, 13.437, 4.592
4.173, 13.437, 6.335
0.659, 1.488, 0.524
0.776, 1.488, 0.687
0.646, 1.773, 0.59
0.794, 1.773, 0.797
0.579, 3.225, 0.739
0.643, 3.225, 0.837
0.675, 3.225, 0.908
0.417, 0.817, 0.323
0.465, 0.779, 0.394
0.463, 1.138, 0.349
0.65, 1.138, 0.513
1.241, 9.3, 1.943
1.389, 9.3, 2.123
1.763, 9.3, 2.631
3.023, 9.3, 4.282
0.668, 1.213, 0.588
1.104, 1.954, 0.92
0.685, 2.481, 0.712
0.874, 1.999, 0.787
0.613, 2.481, 0.764
0.219, 0.185, 0.077
1.597, 9.386, 2.196
1.65, 9.35, 2.137
3.535, 9.344, 3.665
1.005, 2.712, 0.902
1.275, 2.712, 1.225
1.015, 2.055, 0.88
1.342, 7.825, 2.519
0.194, 0.201, 0.078
1.151, 8.656, 1.695
1.068, 3.332, 1.082
1.628, 3.318, 1.312
0.963, 2.986, 1.08
1.02, 2.986, 1.385
0.982, 2.747, 1.114
1.326, 8.656, 2.794
0.192, 0.201, 0.079
1.415, 14.978, 2.112
1.381, 14.978, 2.083
1.587, 14.967, 2.498
2.021, 14.943, 3.371
3.769, 14.943, 6.413
1.264, 4.407, 1.467
1.791, 4.407, 1.968
1.154, 3.735, 1.566
1.299, 8.016, 1.823
2.42, 7.993, 3.282
0.964, 5.609, 1.357
2.062, 5.594, 2.327
0.613, 2.052, 0.692
0.812, 2.052, 0.929
0.628, 1.776, 0.725
0.952, 2.541, 0.926
1.534, 2.506, 1.258
0.715, 2.393, 0.742
0.968, 2.367, 0.911
0.687, 2.202, 0.769
0.854, 2.202, 0.998
0.664, 1.988, 0.812
2.384, 9.708, 3.388
2.88, 9.708, 3.977
0.768, 1.566, 0.624
0.753, 1.566, 0.618
0.944, 3.611, 0.934
1.929, 3.523, 1.531
0.679, 1.672, 0.558
0.827, 1.409, 0.561
0.624, 1.672, 0.671
2.345, 9.949, 3.337
1.426, 9.949, 2.453
1.647, 9.935, 2.838
1.77, 9.935, 3.37
0.658, 1.293, 0.578
2.151, 7.03, 2.815
1.678, 5.943, 2.538
1.25, 6.191, 2.067
1.597, 6.191, 2.654
1.249, 6.191, 2.068
1.597, 6.191, 2.654
1.248, 6.191, 2.069
1.596, 6.191, 2.655
1.232, 6.206, 2.082
1.573, 6.206, 2.677
1.231, 6.206, 2.083
1.573, 6.206, 2.677
1.244, 6.192, 2.07
1.596, 6.192, 2.655
1.243, 6.192, 2.07
1.596, 6.192, 2.655
1.228, 6.206, 2.084
1.572, 6.206, 2.677
1.481, 5.543, 1.568
1.47, 5.543, 1.643
1.585, 5.505, 1.737
1.086, 2.912, 1.072
0.9, 2.912, 1.219
1.156, 2.912, 1.651
1.643, 7.162, 1.911
1.496, 7.162, 2.124
1.87, 7.151, 2.516
2.615, 7.102, 3.282
1.106, 3.53, 1.039
0.977, 3.53, 1.063
1.111, 3.511, 1.161
1.085, 3.427, 1.147
0.927, 3.427, 1.481
1.276, 3.427, 1.977
1.464, 8.141, 2.028
1.484, 8.141, 2.28
1.922, 8.116, 2.711
2.599, 8.085, 3.787
2.41, 6.462, 2.761
2.287, 6.462, 2.905
1.515, 6.96, 2.338
1.822, 6.96, 2.98
1.501, 6.96, 2.336
1.822, 6.96, 2.981
1.505, 4.802, 1.464
1.461, 4.802, 1.625
1.689, 4.802, 1.918
1.317, 3.255, 1.177
1.233, 3.255, 1.24
1.357, 3.249, 1.399
1.025, 4.452, 1.164
0.943, 4.452, 1.225
1.093, 4.416, 1.419
0.6, 1.278, 0.572
0.909, 3.28, 0.996
0.839, 3.28, 1.042
0.972, 3.252, 1.185
0.664, 2.251, 0.958
1.69, 6.978, 2.268
1.92, 6.978, 2.926
1.574, 6.969, 2.275
1.898, 6.969, 2.935
1.643, 6.072, 2.072
1.512, 6.072, 2.195
1.346, 5.999, 2.171
0.246, 0.117, 0.061
0.949, 3.092, 1.003
0.887, 3.092, 1.026
0.985, 3.065, 1.12
1.034, 2.753, 1.589
0.673, 2.227, 0.835
1.583, 4.87, 1.739
1.713, 4.87, 2.084
3.187, 4.748, 2.592
1.488, 4.61, 1.442
1.464, 4.61, 1.633
1.703, 4.571, 1.905
0.395, 0.553, 0.249
1.241, 4.63, 1.356
1.22, 4.63, 1.536
1.543, 4.6, 1.837
0.392, 0.584, 0.257
1.54, 5.491, 1.466
1.521, 5.491, 1.614
1.863, 5.466, 1.811
1.294, 3.253, 1.292
0.919, 1.483, 0.754
1.312, 6.023, 1.732
1.319, 6.023, 2.027
2.066, 6.004, 2.773
1.251, 13.975, 2.134
0.245, 0.642, 0.287
0.082, 0.151, 0.066
1.01, 5.134, 1.681
0.114, 0.175, 0.082
0.69, 3.223, 1.028
0.215, 0.5, 0.219
1.479, 13.97, 2.416
1.624, 5.461, 2.255
0.918, 6.422, 1.32
0.745, 6.422, 1.486
0.341, 1.161, 0.359
0.175, 0.368, 0.15
0.345, 0.802, 0.34
1.064, 2.632, 0.998
1.154, 2.6, 1.103
1.936, 13.97, 3.096
1.906, 12.297, 3.534
3.797, 12.296, 5.787
0.75, 1.52, 0.655
2.085, 13.97, 3.055
1.964, 13.97, 3.387
4.367, 13.866, 6.461
1.229, 3.481, 1.29
0.843, 2.354, 0.917
3.26, 0.48, 0.339
2.884, 6.371, 2.57
1.602, 18.274, 3.145
0.492, 1.097, 0.561
1.302, 3.329, 1.531
1.95, 4.425, 2.08
0.928, 1.59, 0.653
0.277, 0.399, 0.148
0.27, 0.391, 0.16
1.72, 9.515, 2.648
0.713, 0.6, 0.247
2.329, 10.885, 4.252
1.398, 3.312, 1.295
