1,2
1,3
1,6
1,9
1,11
1,13
1,25
3,4
4,5
6,7
7,8
9,10
11,12
13,14
13,15
15,16
15,18
16,17
18,19
18,24
19,20
19,22
20,21
22,23
26,27
26,28
26,29
26,31
26,35
26,38
26,41
26,45
26,58
29,30
31,32
32,33
32,34
35,36
36,37
38,39
39,40
41,42
42,43
43,44
45,46
45,50
46,47
46,48
48,49
50,51
50,53
51,52
53,54
53,55
55,56
56,57
58,59
59,60
60,61
61,62
63,64
63,65
63,66
63,67
63,69
63,75
63,77
63,84
63,86
63,89
63,90
63,91
63,103
63,116
63,123
67,68
69,70
70,71
70,73
70,74
71,72
75,76
77,78
77,79
79,80
80,81
81,82
82,83
84,85
86,87
86,88
91,92
91,93
91,96
93,94
94,95
96,97
96,100
97,98
97,99
100,101
100,102
103,104
103,107
104,105
104,106
107,108
108,109
108,112
109,110
109,111
112,113
112,114
112,115
116,117
116,119
117,118
119,120
120,121
121,122
123,124
123,126
124,125
126,127
127,128
128,129
129,130
129,132
130,131
133,134
133,135
133,136
133,137
133,138
133,139
133,140
141,142
141,143
141,146
141,153
141,172
141,175
141,181
141,188
141,201
141,204
141,206
141,207
141,210
141,213
141,219
141,222
141,224
141,225
141,226
141,227
141,234
141,244
141,251
141,258
141,260
141,270
141,271
141,272
141,279
143,144
144,145
146,147
147,148
147,151
147,152
148,149
149,150
153,154
153,157
153,160
153,163
153,166
153,169
154,155
155,156
157,158
158,159
160,161
161,162
163,164
164,165
166,167
167,168
169,170
170,171
172,173
173,174
175,176
176,177
177,178
177,180
178,179
181,182
182,183
182,186
182,187
183,184
184,185
188,189
188,192
188,195
188,198
189,190
190,191
192,193
193,194
195,196
196,197
198,199
199,200
201,202
202,203
204,205
207,208
208,209
210,211
211,212
213,214
214,215
215,216
215,218
216,217
219,220
220,221
222,223
227,228
228,229
228,232
228,233
229,230
230,231
234,235
234,238
234,241
235,236
236,237
238,239
239,240
241,242
242,243
244,245
245,246
245,249
245,250
246,247
247,248
251,252
251,255
252,253
253,254
255,256
256,257
258,259
260,261
260,264
260,267
261,262
262,263
264,265
265,266
267,268
268,269
272,273
273,274
273,277
273,278
274,275
275,276
279,280
279,283
279,286
280,281
281,282
283,284
284,285
286,287
287,288
288,289
290,291
290,292
290,293
290,295
290,297
293,294
295,296
297,298
297,299
297,306
299,300
299,304
300,301
301,302
301,303
304,305
306,307
306,310
307,308
307,309
310,311
310,316
311,312
311,313
313,314
313,315
317,318
317,319
317,321
317,331
317,343
319,320
321,322
321,324
321,328
322,323
324,325
325,326
326,327
328,329
329,330
331,332
331,333
333,334
333,336
333,340
334,335
336,337
337,338
338,339
340,341
340,342
343,344
345,346
345,347
345,348
345,352
345,356
345,358
345,359
345,364
345,368
345,370
345,372
345,374
345,380
345,386
345,394
348,349
349,350
349,351
352,353
352,354
354,355
356,357
359,360
360,361
360,363
361,362
364,365
365,366
366,367
368,369
370,371
372,373
374,375
375,376
375,379
376,377
376,378
380,381
380,383
381,382
383,384
384,385
386,387
386,389
387,388
389,390
390,391
391,392
392,393
394,395
395,396
395,397
398,399
398,400
398,401
398,402
398,403
398,404
398,405
398,406
398,407
408,409
408,410
408,414
410,411
411,412
411,413
414,415
416,417
416,418
416,419
416,423
416,425
416,427
416,428
419,420
419,421
421,422
423,424
425,426
429,430
429,431
431,432
432,433
433,434
433,435
436,437
436,438
436,439
436,440
436,442
440,441
442,443
442,444
444,445
444,446
444,448
444,449
444,450
446,447
450,451
451,452
453,454
453,455
453,456
453,457
453,473
457,458
457,459
457,460
457,461
457,463
457,464
457,468
461,462
464,465
464,466
466,467
468,469
468,470
470,471
471,472
474,475
474,476
474,477
474,482
474,483
474,501
474,503
474,507
474,517
477,478
477,479
479,480
480,481
483,484
483,486
484,485
486,487
486,489
486,491
486,493
486,499
487,488
489,490
491,492
493,494
493,495
495,496
495,497
497,498
499,500
501,502
503,504
504,505
505,506
507,508
507,513
508,509
508,512
509,510
509,511
513,514
514,515
515,516
517,518
517,519
517,526
517,529
519,520
520,521
521,522
521,523
521,524
524,525
526,527
527,528
529,530
530,531
532,533
532,534
532,536
532,538
532,558
532,560
532,562
532,568
532,570
534,535
536,537
538,539
538,541
539,540
541,542
542,543
542,545
543,544
545,546
545,548
546,547
548,549
548,550
548,551
548,554
551,552
552,553
554,555
555,556
555,557
558,559
560,561
562,563
562,566
563,564
563,565
566,567
568,569
571,572
571,575
572,573
573,574
575,576
575,579
575,582
575,584
575,589
576,577
577,578
579,580
580,581
582,583
584,585
584,586
586,587
587,588
589,590
589,591
589,593
589,596
589,606
591,592
593,594
594,595
596,597
596,601
597,598
597,599
599,600
601,602
602,603
603,604
604,605
607,608
607,609
607,610
607,612
607,615
607,616
607,618
607,620
607,622
607,623
610,611
612,613
613,614
616,617
618,619
620,621
624,625
624,626
624,627
624,629
624,631
624,633
624,635
624,636
624,640
627,628
629,630
631,632
633,634
636,637
636,638
638,639
640,641
642,643
642,644
642,646
642,648
642,659
644,645
646,647
648,649
648,650
648,656
650,651
651,652
652,653
653,654
654,655
656,657
657,658
660,661
660,665
660,668
661,662
662,663
662,664
665,666
666,667
668,669
670,671
672,673
672,675
672,676
672,680
672,683
672,685
672,689
672,690
672,693
672,697
672,700
672,703
672,706
672,708
672,710
672,713
672,716
672,719
672,722
672,725
672,728
672,730
672,743
672,744
672,747
672,753
672,756
672,757
672,759
672,765
672,768
672,773
672,776
672,779
672,782
672,784
672,797
672,798
673,674
676,677
677,678
677,679
680,681
681,682
683,684
685,686
686,687
687,688
690,691
691,692
693,694
693,695
695,696
697,698
698,699
700,701
701,702
703,704
704,705
706,707
708,709
710,711
711,712
713,714
714,715
716,717
717,718
719,720
720,721
722,723
723,724
725,726
726,727
728,729
730,731
731,732
731,733
731,734
731,736
731,737
731,738
731,739
731,740
731,741
731,742
734,735
744,745
745,746
747,748
747,749
749,750
749,752
750,751
753,754
754,755
757,758
759,760
759,761
761,762
761,764
762,763
765,766
766,767
768,769
768,771
769,770
771,772
773,774
774,775
776,777
777,778
779,780
780,781
782,783
784,785
784,787
785,786
787,788
787,791
787,793
788,789
789,790
791,792
793,794
793,795
795,796
799,800
799,803
799,805
799,806
799,807
799,808
799,811
799,813
799,815
800,801
801,802
803,804
808,809
809,810
811,812
813,814
815,816
815,819
815,822
816,817
817,818
819,820
820,821
822,823
822,828
823,824
823,825
823,826
823,827
828,829
829,830
831,832
832,833
833,834
835,836
835,837
835,840
835,843
835,846
835,849
835,853
835,855
835,858
835,859
835,862
835,873
837,838
838,839
840,841
840,842
843,844
843,845
846,847
847,848
849,850
849,852
850,851
853,854
855,856
855,857
859,860
859,861
862,863
863,864
863,865
865,866
866,867
867,868
868,869
869,870
870,871
871,872
873,874
874,875
874,876
876,877
878,879
878,880
878,881
878,882
878,883
878,899
883,884
883,885
883,886
883,887
883,889
883,890
883,894
887,888
890,891
890,892
892,893
894,895
894,896
896,897
897,898
900,901
900,902
900,903
900,905
903,904
905,906
905,908
906,907
908,909
908,911
908,912
908,915
909,910
912,913
913,914
916,917
916,918
916,921
916,923
916,926
916,928
916,931
916,932
916,935
916,936
916,939
916,948
916,951
916,958
916,961
916,964
916,965
916,968
916,969
916,991
916,994
918,919
919,920
921,922
923,924
924,925
926,927
928,929
929,930
932,933
933,934
936,937
937,938
939,940
940,941
940,944
940,945
940,946
941,942
942,943
946,947
948,949
949,950
951,952
951,955
952,953
953,954
955,956
956,957
958,959
959,960
961,962
962,963
965,966
966,967
969,970
969,973
970,971
970,972
973,974
974,975
974,980
974,985
975,976
975,978
976,977
978,979
980,981
981,982
982,983
983,984
985,986
985,990
986,987
987,988
988,989
991,992
992,993
995,996
995,997
995,998
998,999
1000,1001
1000,1002
1000,1003
1000,1004
1000,1005
1000,1012
1000,1017
1000,1022
1000,1027
1000,1031
1000,1033
1000,1034
1000,1038
1000,1040
1000,1042
1000,1048
1000,1054
1000,1062
1000,1069
1000,1070
1000,1073
1000,1077
1000,1078
1000,1080
1000,1082
1000,1088
1000,1094
1000,1102
1005,1006
1005,1009
1006,1007
1006,1008
1009,1010
1010,1011
1012,1013
1012,1014
1014,1015
1015,1016
1017,1018
1017,1019
1019,1020
1020,1021
1022,1023
1023,1024
1023,1025
1023,1026
1027,1028
1027,1029
1029,1030
1031,1032
1034,1035
1035,1036
1036,1037
1038,1039
1040,1041
1042,1043
1043,1044
1043,1047
1044,1045
1044,1046
1048,1049
1048,1051
1049,1050
1051,1052
1052,1053
1054,1055
1054,1057
1055,1056
1057,1058
1058,1059
1059,1060
1060,1061
1062,1063
1063,1064
1063,1065
1065,1066
1066,1067
1066,1068
1070,1071
1071,1072
1073,1074
1074,1075
1075,1076
1078,1079
1080,1081
1082,1083
1083,1084
1083,1087
1084,1085
1084,1086
1088,1089
1088,1091
1089,1090
1091,1092
1092,1093
1094,1095
1094,1097
1095,1096
1097,1098
1098,1099
1099,1100
1100,1101
1102,1103
1103,1104
1103,1105
1106,1107
1106,1108
1106,1109
1106,1110
1106,1111
1106,1113
1106,1115
1106,1116
1111,1112
1113,1114
1117,1118
1117,1119
1117,1120
1117,1129
1117,1138
1117,1141
1117,1142
1117,1144
1117,1146
1117,1148
1120,1121
1120,1124
1121,1122
1121,1123
1124,1125
1124,1128
1125,1126
1126,1127
1129,1130
1129,1131
1131,1132
1132,1133
1132,1134
1134,1135
1135,1136
1136,1137
1138,1139
1139,1140
1142,1143
1144,1145
1146,1147
1149,1150
1149,1151
1149,1153
1151,1152
1153,1154
1154,1155
1156,1157
1156,1158
1156,1159
1156,1163
1156,1166
1156,1173
1156,1178
1159,1160
1160,1161
1161,1162
1163,1164
1164,1165
1166,1167
1167,1168
1167,1169
1167,1171
1169,1170
1171,1172
1173,1174
1173,1175
1175,1176
1176,1177
1179,1180
1179,1181
1179,1182
1179,1183
1179,1184
1179,1191
1179,1196
1179,1201
1179,1206
1179,1210
1179,1212
1179,1213
1179,1217
1179,1219
1179,1221
1179,1227
1179,1233
1179,1241
1179,1248
1179,1249
1179,1252
1179,1256
1179,1257
1179,1259
1179,1261
1179,1267
1179,1273
1179,1281
1184,1185
1184,1188
1185,1186
1185,1187
1188,1189
1189,1190
1191,1192
1191,1193
1193,1194
1194,1195
1196,1197
1196,1198
1198,1199
1199,1200
1201,1202
1202,1203
1202,1204
1202,1205
1206,1207
1206,1208
1208,1209
1210,1211
1213,1214
1214,1215
1215,1216
1217,1218
1219,1220
1221,1222
1222,1223
1222,1226
1223,1224
1223,1225
1227,1228
1227,1230
1228,1229
1230,1231
1231,1232
1233,1234
1233,1236
1234,1235
1236,1237
1237,1238
1238,1239
1239,1240
1241,1242
1242,1243
1242,1244
1244,1245
1245,1246
1245,1247
1249,1250
1250,1251
1252,1253
1253,1254
1254,1255
1257,1258
1259,1260
1261,1262
1262,1263
1262,1266
1263,1264
1263,1265
1267,1268
1267,1270
1268,1269
1270,1271
1271,1272
1273,1274
1273,1276
1274,1275
1276,1277
1277,1278
1278,1279
1279,1280
1281,1282
1282,1283
1282,1284
1285,1286
1285,1287
1285,1288
1288,1289
1290,1291
1292,1293
1292,1294
1292,1295
1292,1297
1292,1299
1292,1301
1292,1303
1292,1304
1292,1308
1295,1296
1297,1298
1299,1300
1301,1302
1304,1305
1304,1306
1306,1307
1308,1309
1310,1311
1310,1312
1310,1313
1313,1314
1313,1315
1313,1331
1315,1316
1315,1317
1315,1321
1315,1324
1315,1330
1317,1318
1318,1319
1318,1320
1321,1322
1322,1323
1324,1325
1325,1326
1326,1327
1327,1328
1327,1329
1331,1332
1333,1334
1333,1335
1333,1336
1336,1337
1337,1338
1337,1340
1337,1344
1337,1347
1337,1355
1338,1339
1340,1341
1341,1342
1342,1343
1344,1345
1345,1346
1347,1348
1347,1350
1348,1349
1350,1351
1350,1354
1351,1352
1352,1353
1355,1356
1355,1357
1357,1358
1357,1359
1360,1361
1360,1362
1362,1363
1362,1365
1362,1368
1362,1370
1362,1372
1362,1377
1363,1364
1365,1366
1366,1367
1368,1369
1370,1371
1372,1373
1373,1374
1373,1375
1373,1376
1377,1378
1378,1379
1380,1381
1380,1382
1380,1384
1380,1386
1380,1388
1380,1389
1380,1390
1382,1383
1384,1385
1386,1387
1390,1391
1391,1392
1393,1394
1395,1396
1395,1397
1395,1401
1395,1404
1395,1408
1395,1411
1395,1414
1395,1418
1395,1420
1395,1423
1395,1424
1397,1398
1398,1399
1399,1400
1401,1402
1402,1403
1404,1405
1404,1407
1405,1406
1408,1409
1408,1410
1411,1412
1412,1413
1414,1415
1414,1417
1415,1416
1418,1419
1420,1421
1420,1422
1424,1425
1424,1426
1427,1428
1427,1429
1427,1431
1427,1433
1427,1435
1427,1436
1427,1437
1429,1430
1431,1432
1433,1434
1437,1438
1438,1439
1440,1441
1440,1442
1440,1443
1443,1444
1443,1446
1444,1445
1446,1447
1446,1449
1447,1448
1449,1450
1449,1451
1451,1452
1452,1453
1452,1454
1452,1456
1454,1455
1456,1457
1458,1459
1458,1460
1458,1462
1460,1461
1462,1463
1464,1465
1464,1466
1464,1467
1464,1469
1464,1470
1464,1472
1467,1468
1470,1471
1472,1473
1472,1474
1475,1476
1475,1477
1475,1478
1475,1479
1475,1480
1475,1481
1475,1482
1483,1484
1483,1485
1483,1486
1483,1488
1483,1490
1483,1492
1483,1494
1483,1495
1483,1499
1483,1501
1486,1487
1488,1489
1490,1491
1492,1493
1495,1496
1495,1497
1497,1498
1499,1500
1501,1502
1503,1504
1503,1505
1503,1506
1503,1508
1503,1519
1506,1507
1508,1509
1508,1510
1508,1511
1508,1517
1511,1512
1512,1513
1513,1514
1513,1516
1514,1515
1517,1518
1520,1521
1520,1522
1520,1526
1520,1528
1520,1530
1520,1532
1520,1534
1520,1535
1520,1536
1520,1537
1520,1538
1522,1523
1522,1524
1524,1525
1526,1527
1528,1529
1530,1531
1532,1533
1539,1540
1539,1541
1539,1542
1539,1543
1539,1544
1539,1545
1539,1546
1539,1547
1539,1548
1539,1550
1539,1553
1539,1554
1539,1555
1539,1559
1539,1570
1539,1571
1539,1572
1539,1573
1539,1578
1539,1580
1539,1583
1539,1590
1548,1549
1550,1551
1551,1552
1555,1556
1555,1557
1557,1558
1559,1560
1559,1561
1561,1562
1561,1564
1562,1563
1564,1565
1564,1567
1565,1566
1567,1568
1568,1569
1573,1574
1574,1575
1575,1576
1575,1577
1578,1579
1580,1581
1581,1582
1583,1584
1583,1588
1584,1585
1584,1586
1586,1587
1588,1589
1590,1591
1590,1595
1591,1592
1591,1593
1593,1594
1595,1596
1597,1598
1597,1599
1597,1600
1597,1601
1597,1603
1597,1605
1597,1607
1597,1608
1597,1611
1597,1616
1597,1618
1601,1602
1603,1604
1605,1606
1608,1609
1609,1610
1611,1612
1612,1613
1613,1614
1613,1615
1616,1617
1618,1619
1619,1620
1621,1622
1621,1623
1621,1624
1621,1625
1621,1626
1621,1628
1621,1630
1621,1631
1621,1633
1621,1642
1626,1627
1628,1629
1631,1632
1633,1634
1633,1635
1635,1636
1636,1637
1637,1638
1638,1639
1639,1640
1640,1641
1643,1644
1643,1646
1643,1647
1643,1648
1643,1649
1643,1650
1643,1652
1643,1654
1643,1673
1643,1679
1643,1685
1643,1765
1643,1770
1643,1772
1643,1774
1643,1776
1643,1778
1643,1780
1643,1782
1643,1784
1643,1786
1643,1788
1643,1794
1643,1798
1643,1804
1643,1808
1643,1810
1643,1812
1643,1814
1643,1817
1643,1820
1643,1824
1643,1828
1643,1830
1643,1832
1643,1836
1643,1841
1643,1844
1643,1848
1643,1852
1643,1857
1644,1645
1650,1651
1652,1653
1654,1655
1654,1658
1655,1656
1655,1657
1658,1659
1659,1660
1659,1664
1659,1666
1660,1661
1660,1663
1661,1662
1664,1665
1666,1667
1666,1671
1667,1668
1667,1670
1668,1669
1671,1672
1673,1674
1673,1675
1675,1676
1676,1677
1677,1678
1679,1680
1679,1681
1681,1682
1682,1683
1683,1684
1685,1686
1685,1689
1686,1687
1686,1688
1689,1690
1690,1691
1690,1694
1691,1692
1691,1693
1694,1695
1694,1697
1694,1699
1694,1701
1694,1706
1694,1708
1694,1714
1694,1718
1694,1726
1694,1734
1694,1760
1695,1696
1697,1698
1699,1700
1701,1702
1702,1703
1703,1704
1704,1705
1706,1707
1708,1709
1709,1710
1709,1713
1710,1711
1710,1712
1714,1715
1714,1716
1716,1717
1718,1719
1718,1724
1719,1720
1719,1721
1721,1722
1721,1723
1724,1725
1726,1727
1726,1732
1727,1728
1727,1729
1729,1730
1729,1731
1732,1733
1734,1735
1734,1756
1734,1758
1735,1736
1735,1749
1736,1737
1736,1742
1737,1738
1737,1739
1739,1740
1739,1741
1742,1743
1742,1744
1744,1745
1744,1746
1746,1747
1746,1748
1749,1750
1749,1751
1751,1752
1751,1753
1753,1754
1753,1755
1756,1757
1758,1759
1760,1761
1760,1762
1762,1763
1762,1764
1765,1766
1766,1767
1767,1768
1768,1769
1770,1771
1772,1773
1774,1775
1776,1777
1778,1779
1780,1781
1782,1783
1784,1785
1786,1787
1788,1789
1789,1790
1790,1791
1791,1792
1792,1793
1794,1795
1795,1796
1796,1797
1798,1799
1799,1800
1800,1801
1801,1802
1802,1803
1804,1805
1805,1806
1806,1807
1808,1809
1810,1811
1812,1813
1814,1815
1815,1816
1817,1818
1818,1819
1820,1821
1821,1822
1822,1823
1824,1825
1825,1826
1826,1827
1828,1829
1830,1831
1832,1833
1833,1834
1834,1835
1836,1837
1837,1838
1838,1839
1838,1840
1841,1842
1842,1843
1844,1845
1845,1846
1846,1847
1848,1849
1849,1850
1850,1851
1852,1853
1853,1854
1854,1855
1855,1856
1857,1858
1858,1859
1860,1861
1860,1862
1860,1864
1860,1878
1862,1863
1864,1865
1864,1868
1865,1866
1865,1867
1868,1869
1869,1870
1869,1872
1870,1871
1872,1873
1873,1874
1874,1875
1875,1876
1876,1877
1879,1880
1879,1882
1879,1883
1879,1884
1879,1885
1879,1887
1879,1890
1879,1893
1879,1896
1879,1899
1880,1881
1885,1886
1887,1888
1887,1889
1890,1891
1890,1892
1893,1894
1893,1895
1896,1897
1896,1898
1899,1900
1901,1902
1903,1904
1905,1906
1905,1907
1905,1908
1905,1909
1905,1911
1905,1917
1905,1920
1905,1946
1905,1953
1909,1910
1911,1912
1912,1913
1912,1915
1912,1916
1913,1914
1917,1918
1918,1919
1920,1921
1920,1924
1921,1922
1921,1923
1924,1925
1925,1926
1925,1929
1926,1927
1926,1928
1929,1930
1929,1931
1931,1932
1931,1935
1931,1940
1932,1933
1932,1934
1935,1936
1936,1937
1937,1938
1938,1939
1940,1941
1940,1944
1941,1942
1941,1943
1944,1945
1946,1947
1946,1949
1947,1948
1949,1950
1950,1951
1951,1952
1953,1954
1953,1956
1954,1955
1956,1957
1957,1958
1958,1959
1959,1960
1959,1962
1960,1961
1963,1964
1963,1965
1963,1970
1963,1972
1965,1966
1965,1967
1967,1968
1968,1969
1970,1971
1972,1973
1973,1974
1975,1976
1975,1978
1976,1977
1978,1979
1980,1981
1980,1982
1980,1985
1980,1992
1980,2011
1980,2014
1980,2020
1980,2027
1980,2040
1980,2043
1980,2045
1980,2046
1980,2049
1980,2052
1980,2058
1980,2061
1980,2063
1980,2064
1980,2065
1980,2066
1980,2073
1980,2083
1980,2090
1980,2097
1980,2099
1980,2109
1980,2110
1980,2111
1980,2118
1982,1983
1983,1984
1985,1986
1986,1987
1986,1990
1986,1991
1987,1988
1988,1989
1992,1993
1992,1996
1992,1999
1992,2002
1992,2005
1992,2008
1993,1994
1994,1995
1996,1997
1997,1998
1999,2000
2000,2001
2002,2003
2003,2004
2005,2006
2006,2007
2008,2009
2009,2010
2011,2012
2012,2013
2014,2015
2015,2016
2016,2017
2016,2019
2017,2018
2020,2021
2021,2022
2021,2025
2021,2026
2022,2023
2023,2024
2027,2028
2027,2031
2027,2034
2027,2037
2028,2029
2029,2030
2031,2032
2032,2033
2034,2035
2035,2036
2037,2038
2038,2039
2040,2041
2041,2042
2043,2044
2046,2047
2047,2048
2049,2050
2050,2051
2052,2053
2053,2054
2054,2055
2054,2057
2055,2056
2058,2059
2059,2060
2061,2062
2066,2067
2067,2068
2067,2071
2067,2072
2068,2069
2069,2070
2073,2074
2073,2077
2073,2080
2074,2075
2075,2076
2077,2078
2078,2079
2080,2081
2081,2082
2083,2084
2084,2085
2084,2088
2084,2089
2085,2086
2086,2087
2090,2091
2090,2094
2091,2092
2092,2093
2094,2095
2095,2096
2097,2098
2099,2100
2099,2103
2099,2106
2100,2101
2101,2102
2103,2104
2104,2105
2106,2107
2107,2108
2111,2112
2112,2113
2112,2116
2112,2117
2113,2114
2114,2115
2118,2119
2118,2122
2118,2125
2119,2120
2120,2121
2122,2123
2123,2124
2125,2126
2126,2127
2127,2128
2129,2130
2129,2132
2129,2133
2129,2134
2129,2135
2129,2136
2129,2138
2129,2140
2129,2159
2129,2165
2129,2171
2129,2251
2129,2256
2129,2258
2129,2260
2129,2262
2129,2264
2129,2266
2129,2268
2129,2270
2129,2272
2129,2274
2129,2280
2129,2284
2129,2290
2129,2294
2129,2296
2129,2298
2129,2300
2129,2303
2129,2306
2129,2310
2129,2314
2129,2316
2129,2318
2129,2322
2129,2327
2129,2330
2129,2334
2129,2338
2129,2343
2130,2131
2136,2137
2138,2139
2140,2141
2140,2144
2141,2142
2141,2143
2144,2145
2145,2146
2145,2150
2145,2152
2146,2147
2146,2149
2147,2148
2150,2151
2152,2153
2152,2157
2153,2154
2153,2156
2154,2155
2157,2158
2159,2160
2159,2161
2161,2162
2162,2163
2163,2164
2165,2166
2165,2167
2167,2168
2168,2169
2169,2170
2171,2172
2171,2175
2172,2173
2172,2174
2175,2176
2176,2177
2176,2180
2177,2178
2177,2179
2180,2181
2180,2183
2180,2185
2180,2187
2180,2192
2180,2194
2180,2200
2180,2204
2180,2212
2180,2220
2180,2246
2181,2182
2183,2184
2185,2186
2187,2188
2188,2189
2189,2190
2190,2191
2192,2193
2194,2195
2195,2196
2195,2199
2196,2197
2196,2198
2200,2201
2200,2202
2202,2203
2204,2205
2204,2210
2205,2206
2205,2207
2207,2208
2207,2209
2210,2211
2212,2213
2212,2218
2213,2214
2213,2215
2215,2216
2215,2217
2218,2219
2220,2221
2220,2242
2220,2244
2221,2222
2221,2235
2222,2223
2222,2228
2223,2224
2223,2225
2225,2226
2225,2227
2228,2229
2228,2230
2230,2231
2230,2232
2232,2233
2232,2234
2235,2236
2235,2237
2237,2238
2237,2239
2239,2240
2239,2241
2242,2243
2244,2245
2246,2247
2246,2248
2248,2249
2248,2250
2251,2252
2252,2253
2253,2254
2254,2255
2256,2257
2258,2259
2260,2261
2262,2263
2264,2265
2266,2267
2268,2269
2270,2271
2272,2273
2274,2275
2275,2276
2276,2277
2277,2278
2278,2279
2280,2281
2281,2282
2282,2283
2284,2285
2285,2286
2286,2287
2287,2288
2288,2289
2290,2291
2291,2292
2292,2293
2294,2295
2296,2297
2298,2299
2300,2301
2301,2302
2303,2304
2304,2305
2306,2307
2307,2308
2308,2309
2310,2311
2311,2312
2312,2313
2314,2315
2316,2317
2318,2319
2319,2320
2320,2321
2322,2323
2323,2324
2324,2325
2324,2326
2327,2328
2328,2329
2330,2331
2331,2332
2332,2333
2334,2335
2335,2336
2336,2337
2338,2339
2339,2340
2340,2341
2341,2342
2343,2344
2344,2345
2346,2347
2346,2349
2346,2351
2346,2353
2346,2363
2347,2348
2349,2350
2351,2352
2353,2354
2354,2355
2355,2356
2356,2357
2356,2360
2357,2358
2357,2359
2360,2361
2360,2362
2364,2365
2365,2366
2365,2369
2366,2367
2366,2368
2369,2370
2370,2371
2370,2375
2370,2383
2370,2387
2370,2432
2371,2372
2372,2373
2373,2374
2375,2376
2375,2378
2376,2377
2378,2379
2379,2380
2380,2381
2381,2382
2383,2384
2384,2385
2385,2386
2387,2388
2387,2390
2388,2389
2390,2391
2390,2395
2390,2396
2390,2404
2390,2408
2391,2392
2392,2393
2393,2394
2396,2397
2397,2398
2397,2401
2397,2403
2398,2399
2398,2400
2401,2402
2404,2405
2405,2406
2406,2407
2408,2409
2408,2419
2408,2431
2409,2410
2409,2414
2410,2411
2411,2412
2411,2413
2414,2415
2415,2416
2416,2417
2416,2418
2419,2420
2420,2421
2421,2422
2421,2428
2422,2423
2423,2424
2424,2425
2425,2426
2426,2427
2428,2429
2428,2430
2432,2433
2432,2434
2434,2435
2435,2436
2435,2438
2436,2437
2439,2440
2439,2441
2439,2442
2439,2443
2439,2444
2439,2445
2439,2447
2439,2450
2439,2464
2439,2470
2445,2446
2447,2448
2448,2449
2450,2451
2451,2452
2451,2458
2451,2462
2452,2453
2453,2454
2453,2455
2453,2456
2453,2457
2458,2459
2459,2460
2460,2461
2462,2463
2464,2465
2465,2466
2466,2467
2467,2468
2468,2469
2471,2472
2471,2473
2471,2481
2471,2483
2471,2495
2473,2474
2474,2475
2474,2476
2474,2478
2474,2480
2476,2477
2478,2479
2481,2482
2483,2484
2483,2485
2485,2486
2486,2487
2486,2490
2487,2488
2488,2489
2490,2491
2491,2492
2492,2493
2492,2494
2496,2497
2496,2498
2496,2499
2496,2501
2499,2500
2501,2502
2501,2504
2502,2503
2504,2505
2504,2507
2504,2508
2504,2511
2505,2506
2508,2509
2509,2510
2512,2513
2512,2514
2512,2518
2514,2515
2515,2516
2516,2517
2518,2519
2519,2520
2519,2521
2522,2523
2522,2524
2522,2525
2522,2527
2525,2526
2527,2528
2527,2529
2530,2531
2530,2532
2530,2533
2533,2534
2535,2536
2535,2538
2536,2537
2538,2539
2540,2541
2540,2542
2540,2546
2540,2549
2540,2552
2540,2556
2540,2559
2540,2563
2540,2565
2540,2568
2540,2569
2542,2543
2543,2544
2544,2545
2546,2547
2547,2548
2549,2550
2549,2551
2552,2553
2552,2555
2553,2554
2556,2557
2557,2558
2559,2560
2559,2562
2560,2561
2563,2564
2565,2566
2565,2567
2569,2570
2569,2571
2572,2573
2572,2574
2572,2575
2572,2577
2575,2576
2577,2578
2577,2582
2578,2579
2578,2580
2580,2581
2582,2583
2582,2585
2583,2584
2585,2586
2585,2587
2588,2589
2588,2590
2588,2591
2588,2592
2588,2594
2588,2596
2588,2598
2588,2600
2588,2614
2588,2617
2588,2626
2592,2593
2594,2595
2596,2597
2598,2599
2600,2601
2600,2603
2601,2602
2603,2604
2603,2606
2604,2605
2606,2607
2606,2611
2607,2608
2607,2609
2609,2610
2611,2612
2612,2613
2614,2615
2615,2616
2617,2618
2617,2620
2618,2619
2620,2621
2620,2624
2621,2622
2622,2623
2624,2625
2627,2628
2627,2629
2627,2630
2630,2631
2630,2633
2631,2632
2633,2634
2633,2636
2634,2635
2636,2637
2636,2638
2638,2639
2639,2640
2640,2641
2640,2642
2640,2643
2644,2645
2646,2647
2646,2648
2646,2649
2646,2652
2646,2654
2649,2650
2649,2651
2652,2653
2654,2655
2654,2656
2657,2658
2657,2659
2657,2660
2657,2661
2657,2663
2657,2668
2657,2669
2657,2671
2657,2672
2657,2673
2657,2675
2661,2662
2663,2664
2663,2665
2665,2666
2666,2667
2669,2670
2673,2674
2675,2676
2676,2677
2678,2679
2678,2680
2678,2681
2678,2682
2678,2683
2678,2685
2678,2688
2678,2690
2678,2691
2678,2695
2678,2710
2678,2711
2683,2684
2685,2686
2686,2687
2688,2689
2691,2692
2692,2693
2693,2694
2695,2696
2695,2700
2695,2704
2695,2708
2696,2697
2696,2699
2697,2698
2700,2701
2700,2703
2701,2702
2704,2705
2704,2707
2705,2706
2708,2709
2712,2713
2712,2714
2712,2718
2712,2721
2712,2725
2712,2728
2712,2729
2714,2715
2715,2716
2716,2717
2718,2719
2719,2720
2721,2722
2721,2724
2722,2723
2725,2726
2725,2727
2729,2730
2729,2731
2732,2733
2732,2734
2732,2735
2732,2740
2732,2746
2732,2749
2732,2751
2732,2752
2732,2755
2735,2736
2735,2737
2737,2738
2737,2739
2740,2741
2741,2742
2742,2743
2743,2744
2744,2745
2746,2747
2747,2748
2749,2750
2752,2753
2753,2754
2755,2756
2755,2757
2755,2764
2757,2758
2757,2759
2757,2763
2759,2760
2760,2761
2761,2762
2764,2765
2764,2766
2764,2773
2766,2767
2766,2768
2766,2772
2768,2769
2769,2770
2770,2771
2773,2774
2773,2775
2773,2778
2773,2780
2773,2786
2773,2787
2775,2776
2776,2777
2778,2779
2780,2781
2780,2783
2781,2782
2783,2784
2784,2785
2788,2789
2788,2790
2788,2791
2788,2792
2788,2794
2788,2795
2792,2793
2795,2796
2797,2798
2797,2799
2797,2800
2797,2802
2797,2809
2797,2814
2797,2820
2797,2823
2797,2825
2797,2826
2797,2829
2800,2801
2802,2803
2802,2804
2804,2805
2804,2808
2805,2806
2805,2807
2809,2810
2809,2811
2811,2812
2811,2813
2814,2815
2815,2816
2816,2817
2817,2818
2818,2819
2820,2821
2821,2822
2823,2824
2826,2827
2827,2828
2829,2830
2829,2834
2829,2845
2829,2856
2830,2831
2831,2832
2831,2833
2834,2835
2834,2838
2835,2836
2835,2837
2838,2839
2838,2841
2838,2844
2839,2840
2841,2842
2842,2843
2845,2846
2845,2848
2845,2854
2846,2847
2848,2849
2848,2850
2848,2853
2850,2851
2851,2852
2854,2855
2856,2857
2856,2858
2859,2860
2859,2861
2859,2863
2859,2881
2859,2901
2861,2862
2863,2864
2863,2866
2864,2865
2866,2867
2867,2868
2867,2871
2868,2869
2868,2870
2871,2872
2872,2873
2872,2874
2872,2879
2874,2875
2874,2878
2875,2876
2876,2877
2879,2880
2881,2882
2881,2888
2882,2883
2882,2885
2883,2884
2885,2886
2886,2887
2888,2889
2889,2890
2889,2893
2890,2891
2890,2892
2893,2894
2894,2895
2894,2896
2896,2897
2896,2900
2897,2898
2898,2899
