1,2
1,3
1,4
1,5
1,10
1,15
1,17
5,6
5,8
6,7
8,9
10,11
10,12
12,13
13,14
15,16
17,18
18,19
20,21
20,22
20,23
20,28
20,30
20,31
23,24
23,26
24,25
26,27
28,29
31,32
32,33
33,34
35,36
37,38
37,39
37,41
37,43
37,44
39,40
41,42
45,46
45,47
45,48
45,49
45,53
45,68
45,82
45,84
45,85
45,87
45,89
45,102
49,50
49,51
51,52
53,54
53,59
54,55
54,57
55,56
57,58
59,60
60,61
61,62
62,63
63,64
64,65
65,66
66,67
68,69
68,72
69,70
70,71
72,73
73,74
74,75
75,76
76,77
77,78
78,79
79,80
80,81
82,83
85,86
87,88
89,90
89,91
89,94
91,92
92,93
94,95
94,97
94,99
95,96
97,98
99,100
99,101
102,103
104,105
104,106
104,107
107,108
108,109
110,111
112,113
112,114
115,116
115,117
115,118
115,123
115,125
115,127
115,128
115,131
118,119
118,121
119,120
121,122
123,124
125,126
128,129
129,130
131,132
133,134
133,135
133,136
133,141
133,143
133,144
136,137
136,139
137,138
139,140
141,142
144,145
146,147
146,148
146,149
146,154
146,156
149,150
149,152
150,151
152,153
154,155
156,157
157,158
159,160
159,161
159,163
159,165
159,166
159,167
159,169
159,173
159,177
159,181
159,183
159,185
161,162
163,164
167,168
169,170
169,171
171,172
173,174
173,175
175,176
177,178
177,179
179,180
181,182
183,184
186,187
186,188
186,189
186,194
186,196
186,199
186,213
186,218
186,222
186,226
186,230
186,234
186,236
189,190
189,191
191,192
192,193
194,195
196,197
197,198
199,200
199,204
199,207
200,201
200,202
202,203
204,205
205,206
207,208
208,209
208,210
210,211
211,212
213,214
213,215
215,216
216,217
218,219
218,220
220,221
222,223
222,224
224,225
226,227
226,228
228,229
230,231
230,232
232,233
234,235
236,237
239,240
239,241
239,242
239,244
239,248
239,249
239,323
242,243
244,245
244,246
246,247
249,250
249,251
249,265
249,283
249,308
251,252
251,255
251,263
251,264
252,253
252,254
255,256
255,257
257,258
257,260
258,259
260,261
260,262
265,266
265,282
266,267
266,280
267,268
267,278
268,269
268,276
269,270
269,274
270,271
270,272
272,273
274,275
276,277
278,279
280,281
283,284
283,307
284,285
284,295
284,297
285,286
285,293
286,287
286,291
287,288
287,289
289,290
291,292
293,294
295,296
297,298
297,305
298,299
298,303
299,300
299,301
301,302
303,304
305,306
308,309
308,322
309,310
309,320
310,311
310,318
311,312
311,316
312,313
312,314
314,315
316,317
318,319
320,321
324,325
324,326
327,328
327,329
327,330
327,332
327,353
330,331
332,333
332,334
334,335
334,336
334,337
334,342
337,338
337,339
337,341
339,340
342,343
342,344
344,345
344,347
344,349
344,351
345,346
347,348
349,350
351,352
354,355
354,356
354,357
354,359
354,363
357,358
359,360
359,361
361,362
363,364
365,366
365,367
365,368
365,369
365,371
365,373
365,393
369,370
371,372
373,374
373,376
373,377
373,388
373,389
374,375
377,378
377,381
378,379
378,380
381,382
381,384
381,386
382,383
384,385
386,387
389,390
389,391
391,392
393,394
394,395
396,397
396,398
396,399
396,400
396,405
396,410
396,412
396,414
400,401
400,403
401,402
403,404
405,406
405,407
407,408
408,409
410,411
412,413
414,415
415,416
417,418
417,419
417,420
417,425
417,427
420,421
420,423
421,422
423,424
425,426
427,428
428,429
430,431
430,432
432,433
432,438
432,442
433,434
433,436
434,435
436,437
438,439
438,440
438,441
442,443
442,448
442,452
443,444
443,446
444,445
446,447
448,449
448,450
450,451
452,453
452,454
454,455
456,457
456,458
456,459
456,464
456,466
459,460
459,462
460,461
462,463
464,465
466,467
468,469
468,470
468,471
468,476
468,478
471,472
471,474
472,473
474,475
476,477
478,479
479,480
481,482
481,483
481,485
481,487
481,495
483,484
485,486
487,488
487,490
488,489
490,491
491,492
491,493
493,494
496,497
496,498
496,501
498,499
499,500
501,502
501,504
502,503
504,505
505,506
506,507
507,508
507,511
508,509
509,510
511,512
513,514
513,515
515,516
515,518
516,517
518,519
519,520
520,521
521,522
521,525
522,523
523,524
525,526
527,528
527,529
529,530
530,531
532,533
532,534
534,535
534,536
534,539
536,537
537,538
539,540
540,541
542,543
542,544
542,545
542,547
542,548
542,550
542,555
542,557
542,559
545,546
548,549
550,551
551,552
552,553
552,554
555,556
557,558
559,560
561,562
561,563
561,564
561,565
561,566
561,567
561,570
561,576
561,581
561,582
561,584
561,586
561,587
561,588
561,653
561,654
561,656
567,568
568,569
570,571
570,573
571,572
573,574
574,575
576,577
576,580
577,578
578,579
582,583
584,585
588,589
588,592
589,590
590,591
592,593
592,596
592,598
592,600
592,607
593,594
593,595
596,597
598,599
600,601
600,602
602,603
602,605
603,604
605,606
607,608
607,631
607,650
608,609
609,610
609,630
610,611
610,612
612,613
612,614
612,615
612,629
615,616
615,619
616,617
617,618
619,620
619,621
619,628
621,622
621,623
621,626
623,624
624,625
626,627
631,632
632,633
632,649
633,634
633,635
633,637
635,636
637,638
637,639
639,640
640,641
640,646
641,642
641,644
642,643
644,645
646,647
647,648
650,651
651,652
654,655
656,657
658,659
658,660
658,662
658,667
658,669
658,671
658,673
658,675
658,677
658,679
658,681
658,683
660,661
662,663
663,664
663,665
663,666
667,668
669,670
671,672
673,674
675,676
677,678
679,680
681,682
684,685
684,686
684,690
684,695
684,697
684,699
684,700
684,702
684,703
684,705
686,687
687,688
687,689
690,691
691,692
691,693
691,694
695,696
697,698
700,701
703,704
706,707
708,709
708,710
708,714
708,715
710,711
710,713
711,712
716,717
716,718
716,721
716,723
716,725
716,727
716,730
716,733
716,735
716,736
716,737
716,739
716,740
716,741
716,743
716,745
716,750
716,755
718,719
719,720
721,722
723,724
725,726
727,728
728,729
730,731
731,732
733,734
737,738
741,742
743,744
745,746
745,747
747,748
748,749
750,751
750,752
752,753
753,754
756,757
756,758
756,760
756,765
758,759
760,761
760,762
762,763
763,764
765,766
767,768
767,769
767,770
767,771
767,772
772,773
772,774
774,775
774,777
775,776
777,778
777,789
777,804
778,779
778,788
779,780
779,781
779,786
781,782
781,785
782,783
783,784
786,787
789,790
789,803
790,791
790,792
790,797
792,793
792,796
793,794
794,795
797,798
797,799
797,801
799,800
801,802
804,805
804,815
805,806
805,807
805,812
807,808
807,811
808,809
809,810
812,813
812,814
816,817
816,818
816,819
816,824
816,826
816,828
816,829
819,820
819,822
820,821
822,823
824,825
826,827
829,830
830,831
832,833
832,834
832,835
832,839
832,841
835,836
835,838
836,837
839,840
841,842
842,843
844,845
844,846
846,847
846,849
847,848
849,850
850,851
851,852
852,853
852,856
853,854
854,855
856,857
858,859
858,860
858,862
858,863
858,865
858,866
860,861
863,864
867,868
867,869
867,871
867,875
867,876
867,877
867,882
869,870
871,872
872,873
873,874
877,878
877,879
877,881
879,880
883,884
883,885
883,887
883,888
883,891
885,886
888,889
889,890
892,893
892,894
892,898
894,895
894,896
896,897
898,899
899,900
901,902
901,903
901,905
901,907
903,904
905,906
907,908
907,910
908,909
910,911
911,912
912,913
913,914
913,917
914,915
915,916
917,918
919,920
919,921
919,922
919,927
919,929
919,930
922,923
922,925
923,924
925,926
927,928
930,931
931,932
933,934
933,935
933,938
935,936
936,937
938,939
938,941
939,940
941,942
942,943
943,944
944,945
944,948
945,946
946,947
948,949
950,951
950,960
950,963
950,965
950,1013
950,1015
950,1017
950,1018
951,952
951,956
951,958
952,953
952,954
952,955
956,957
958,959
960,961
961,962
963,964
965,966
965,967
965,983
967,968
968,969
968,973
969,970
969,971
971,972
973,974
973,976
974,975
976,977
976,980
977,978
977,979
980,981
980,982
983,984
983,987
984,985
984,986
987,988
987,991
987,993
987,996
987,1011
987,1012
988,989
989,990
991,992
993,994
994,995
996,997
996,1005
997,998
997,1001
998,999
998,1000
1001,1002
1002,1003
1003,1004
1005,1006
1006,1007
1007,1008
1008,1009
1009,1010
1013,1014
1015,1016
1018,1019
1018,1064
1018,1079
1018,1094
1018,1112
1018,1120
1018,1128
1018,1138
1018,1182
1018,1185
1018,1188
1019,1020
1019,1063
1020,1021
1020,1036
1020,1044
1020,1052
1020,1056
1021,1022
1021,1035
1022,1023
1022,1024
1022,1027
1024,1025
1025,1026
1027,1028
1027,1029
1027,1032
1029,1030
1030,1031
1032,1033
1033,1034
1036,1037
1036,1043
1037,1038
1037,1040
1038,1039
1040,1041
1040,1042
1044,1045
1044,1051
1045,1046
1045,1048
1046,1047
1048,1049
1048,1050
1052,1053
1052,1055
1053,1054
1056,1057
1056,1062
1057,1058
1058,1059
1059,1060
1060,1061
1064,1065
1064,1078
1065,1066
1065,1067
1065,1070
1067,1068
1068,1069
1070,1071
1070,1072
1070,1075
1072,1073
1073,1074
1075,1076
1076,1077
1079,1080
1079,1093
1080,1081
1080,1082
1080,1085
1082,1083
1083,1084
1085,1086
1085,1087
1085,1090
1087,1088
1088,1089
1090,1091
1091,1092
1094,1095
1094,1111
1095,1096
1095,1097
1095,1101
1097,1098
1097,1100
1098,1099
1101,1102
1101,1103
1101,1107
1103,1104
1103,1106
1104,1105
1107,1108
1107,1110
1108,1109
1112,1113
1112,1119
1113,1114
1113,1116
1114,1115
1116,1117
1116,1118
1120,1121
1120,1127
1121,1122
1121,1124
1122,1123
1124,1125
1124,1126
1128,1129
1128,1130
1128,1136
1128,1137
1130,1131
1130,1133
1131,1132
1133,1134
1133,1135
1138,1139
1138,1181
1139,1140
1139,1141
1139,1143
1141,1142
1143,1144
1144,1145
1144,1146
1144,1149
1144,1160
1144,1174
1146,1147
1146,1148
1149,1150
1149,1159
1150,1151
1150,1154
1151,1152
1151,1153
1154,1155
1154,1158
1155,1156
1156,1157
1160,1161
1160,1173
1161,1162
1161,1165
1161,1168
1162,1163
1162,1164
1165,1166
1165,1167
1168,1169
1168,1172
1169,1170
1170,1171
1174,1175
1174,1180
1175,1176
1176,1177
1177,1178
1178,1179
1182,1183
1182,1184
1185,1186
1185,1187
1188,1189
1189,1190
1190,1191
1191,1192
1192,1193
1194,1195
1194,1196
1194,1201
1194,1202
1194,1315
1194,1316
1196,1197
1196,1198
1198,1199
1199,1200
1202,1203
1202,1204
1202,1275
1202,1280
1202,1289
1202,1298
1204,1205
1204,1207
1204,1274
1205,1206
1207,1208
1207,1209
1207,1213
1207,1217
1207,1221
1207,1225
1207,1229
1207,1233
1207,1237
1207,1241
1207,1248
1207,1255
1207,1259
1207,1263
1207,1267
1207,1271
1209,1210
1209,1212
1210,1211
1213,1214
1213,1216
1214,1215
1217,1218
1217,1220
1218,1219
1221,1222
1221,1224
1222,1223
1225,1226
1225,1228
1226,1227
1229,1230
1229,1232
1230,1231
1233,1234
1233,1236
1234,1235
1237,1238
1237,1240
1238,1239
1241,1242
1241,1244
1241,1247
1242,1243
1244,1245
1245,1246
1248,1249
1248,1251
1248,1254
1249,1250
1251,1252
1252,1253
1255,1256
1255,1258
1256,1257
1259,1260
1259,1262
1260,1261
1263,1264
1263,1266
1264,1265
1267,1268
1267,1270
1268,1269
1271,1272
1272,1273
1275,1276
1275,1279
1276,1277
1277,1278
1280,1281
1280,1283
1280,1286
1280,1288
1281,1282
1283,1284
1284,1285
1286,1287
1289,1290
1289,1292
1289,1295
1289,1297
1290,1291
1292,1293
1293,1294
1295,1296
1298,1299
1298,1301
1298,1305
1298,1312
1298,1314
1299,1300
1301,1302
1302,1303
1303,1304
1305,1306
1305,1309
1306,1307
1306,1308
1309,1310
1310,1311
1312,1313
1317,1318
1317,1319
1317,1320
1317,1325
1317,1327
1317,1328
1320,1321
1320,1323
1321,1322
1323,1324
1325,1326
1328,1329
1329,1330
1331,1332
1331,1333
1331,1338
1333,1334
1333,1335
1335,1336
1336,1337
1339,1340
1339,1341
1339,1342
1339,1343
1339,1344
1344,1345
1344,1346
1346,1347
1346,1349
1347,1348
1349,1350
1349,1361
1349,1376
1350,1351
1350,1360
1351,1352
1351,1353
1351,1358
1353,1354
1353,1357
1354,1355
1355,1356
1358,1359
1361,1362
1361,1375
1362,1363
1362,1364
1362,1369
1364,1365
1364,1368
1365,1366
1366,1367
1369,1370
1369,1371
1369,1373
1371,1372
1373,1374
1376,1377
1376,1387
1377,1378
1377,1379
1377,1384
1379,1380
1379,1383
1380,1381
1381,1382
1384,1385
1384,1386
1388,1389
1388,1390
1388,1391
1388,1396
1388,1398
1388,1400
1388,1401
1388,1404
1391,1392
1391,1394
1392,1393
1394,1395
1396,1397
1398,1399
1401,1402
1402,1403
1404,1405
1406,1407
1406,1408
1406,1415
1406,1417
1406,1420
1406,1422
1406,1428
1406,1430
1406,1438
1408,1409
1408,1411
1409,1410
1411,1412
1412,1413
1413,1414
1415,1416
1417,1418
1418,1419
1420,1421
1422,1423
1422,1426
1422,1427
1423,1424
1424,1425
1428,1429
1430,1431
1430,1433
1430,1436
1430,1437
1431,1432
1433,1434
1434,1435
1438,1439
1438,1449
1439,1440
1439,1443
1439,1445
1439,1448
1440,1441
1441,1442
1443,1444
1445,1446
1446,1447
1449,1450
1451,1452
1451,1453
1451,1454
1451,1456
1451,1469
1454,1455
1456,1457
1456,1458
1458,1459
1458,1461
1458,1463
1458,1465
1458,1467
1459,1460
1461,1462
1463,1464
1465,1466
1467,1468
1470,1471
1470,1472
1470,1474
1470,1479
1470,1481
1470,1483
1470,1484
1470,1486
1470,1487
1470,1489
1472,1473
1474,1475
1475,1476
1475,1477
1475,1478
1479,1480
1481,1482
1484,1485
1487,1488
1490,1491
1490,1492
1493,1494
1493,1495
1493,1496
1493,1500
1493,1502
1493,1505
1493,1510
1496,1497
1496,1499
1497,1498
1500,1501
1502,1503
1503,1504
1505,1506
1505,1508
1506,1507
1508,1509
1511,1512
1511,1513
1511,1514
1511,1515
1511,1516
1511,1517
1511,1520
1511,1526
1511,1531
1511,1532
1511,1534
1511,1536
1511,1537
1511,1538
1511,1539
1511,1540
1511,1603
1511,1604
1511,1606
1517,1518
1518,1519
1520,1521
1520,1523
1521,1522
1523,1524
1524,1525
1526,1527
1526,1530
1527,1528
1528,1529
1532,1533
1534,1535
1540,1541
1540,1544
1541,1542
1542,1543
1544,1545
1544,1548
1544,1550
1544,1552
1544,1559
1545,1546
1545,1547
1548,1549
1550,1551
1552,1553
1552,1554
1554,1555
1554,1557
1555,1556
1557,1558
1559,1560
1559,1588
1559,1600
1560,1561
1561,1562
1561,1566
1561,1567
1561,1587
1562,1563
1563,1564
1564,1565
1567,1568
1567,1569
1569,1570
1569,1571
1569,1572
1569,1586
1572,1573
1572,1576
1573,1574
1574,1575
1576,1577
1576,1578
1576,1585
1578,1579
1578,1580
1578,1583
1580,1581
1581,1582
1583,1584
1588,1589
1589,1590
1589,1594
1589,1595
1589,1599
1590,1591
1591,1592
1592,1593
1595,1596
1595,1597
1597,1598
1600,1601
1601,1602
1604,1605
1606,1607
1608,1609
1608,1610
1608,1613
1608,1614
1608,1615
1608,1616
1608,1617
1608,1618
1608,1619
1608,1620
1608,1621
1608,1622
1608,1623
1608,1624
1608,1625
1608,1627
1610,1611
1611,1612
1625,1626
1628,1629
1628,1630
1630,1631
1631,1632
1633,1634
1633,1635
1633,1638
1633,1640
1633,1642
1633,1644
1633,1647
1633,1650
1633,1652
1633,1661
1633,1663
1633,1668
1633,1673
1635,1636
1636,1637
1638,1639
1640,1641
1642,1643
1644,1645
1645,1646
1647,1648
1648,1649
1650,1651
1652,1653
1652,1655
1652,1656
1652,1658
1652,1659
1652,1660
1653,1654
1656,1657
1661,1662
1663,1664
1663,1665
1665,1666
1666,1667
1668,1669
1668,1670
1670,1671
1671,1672
1674,1675
1674,1680
1674,1685
1674,1798
1675,1676
1675,1678
1676,1677
1678,1679
1680,1681
1681,1682
1681,1683
1681,1684
1685,1686
1685,1688
1685,1692
1685,1749
1685,1761
1685,1767
1685,1773
1685,1792
1686,1687
1688,1689
1688,1690
1688,1691
1692,1693
1692,1748
1693,1694
1693,1695
1693,1699
1695,1696
1695,1697
1695,1698
1699,1700
1699,1701
1699,1741
1701,1702
1701,1704
1701,1706
1702,1703
1704,1705
1706,1707
1706,1708
1706,1726
1708,1709
1708,1711
1708,1713
1708,1714
1709,1710
1711,1712
1714,1715
1714,1720
1714,1722
1715,1716
1715,1718
1716,1717
1718,1719
1720,1721
1722,1723
1722,1725
1723,1724
1726,1727
1726,1730
1727,1728
1728,1729
1730,1731
1730,1734
1730,1737
1731,1732
1731,1733
1734,1735
1734,1736
1737,1738
1737,1740
1738,1739
1741,1742
1741,1744
1741,1746
1741,1747
1742,1743
1744,1745
1749,1750
1749,1751
1749,1758
1749,1759
1749,1760
1751,1752
1751,1753
1751,1755
1753,1754
1755,1756
1756,1757
1761,1762
1761,1764
1761,1765
1761,1766
1762,1763
1767,1768
1767,1770
1767,1771
1767,1772
1768,1769
1773,1774
1773,1776
1773,1788
1773,1790
1773,1791
1774,1775
1776,1777
1776,1780
1777,1778
1777,1779
1780,1781
1780,1787
1781,1782
1782,1783
1783,1784
1784,1785
1785,1786
1788,1789
1792,1793
1792,1795
1792,1796
1792,1797
1793,1794
1799,1800
1799,1801
1802,1803
1804,1805
1804,1814
1804,1817
1804,1819
1804,1875
1804,1877
1804,1879
1804,1880
1805,1806
1805,1810
1805,1812
1806,1807
1806,1808
1806,1809
1810,1811
1812,1813
1814,1815
1815,1816
1817,1818
1819,1820
1819,1821
1819,1837
1821,1822
1822,1823
1822,1827
1823,1824
1823,1825
1825,1826
1827,1828
1827,1830
1828,1829
1830,1831
1830,1834
1831,1832
1831,1833
1834,1835
1834,1836
1837,1838
1837,1839
1837,1865
1839,1840
1839,1843
1839,1844
1839,1849
1839,1863
1839,1864
1840,1841
1841,1842
1844,1845
1844,1847
1845,1846
1847,1848
1849,1850
1850,1851
1850,1856
1851,1852
1851,1854
1852,1853
1854,1855
1856,1857
1856,1860
1857,1858
1858,1859
1860,1861
1861,1862
1865,1866
1865,1867
1867,1868
1867,1871
1867,1873
1867,1874
1868,1869
1869,1870
1871,1872
1875,1876
1877,1878
1880,1881
1880,1926
1880,1941
1880,1956
1880,1974
1880,1982
1880,1990
1880,2000
1880,2044
1880,2047
1880,2050
1881,1882
1881,1925
1882,1883
1882,1898
1882,1906
1882,1914
1882,1918
1883,1884
1883,1897
1884,1885
1884,1886
1884,1889
1886,1887
1887,1888
1889,1890
1889,1891
1889,1894
1891,1892
1892,1893
1894,1895
1895,1896
1898,1899
1898,1905
1899,1900
1899,1902
1900,1901
1902,1903
1902,1904
1906,1907
1906,1913
1907,1908
1907,1910
1908,1909
1910,1911
1910,1912
1914,1915
1914,1917
1915,1916
1918,1919
1918,1924
1919,1920
1920,1921
1921,1922
1922,1923
1926,1927
1926,1940
1927,1928
1927,1929
1927,1932
1929,1930
1930,1931
1932,1933
1932,1934
1932,1937
1934,1935
1935,1936
1937,1938
1938,1939
1941,1942
1941,1955
1942,1943
1942,1944
1942,1947
1944,1945
1945,1946
1947,1948
1947,1949
1947,1952
1949,1950
1950,1951
1952,1953
1953,1954
1956,1957
1956,1973
1957,1958
1957,1959
1957,1963
1959,1960
1959,1962
1960,1961
1963,1964
1963,1965
1963,1969
1965,1966
1965,1968
1966,1967
1969,1970
1969,1972
1970,1971
1974,1975
1974,1981
1975,1976
1975,1978
1976,1977
1978,1979
1978,1980
1982,1983
1982,1989
1983,1984
1983,1986
1984,1985
1986,1987
1986,1988
1990,1991
1990,1992
1990,1998
1990,1999
1992,1993
1992,1995
1993,1994
1995,1996
1995,1997
2000,2001
2000,2043
2001,2002
2001,2003
2001,2005
2003,2004
2005,2006
2006,2007
2006,2008
2006,2011
2006,2022
2006,2036
2008,2009
2008,2010
2011,2012
2011,2021
2012,2013
2012,2016
2013,2014
2013,2015
2016,2017
2016,2020
2017,2018
2018,2019
2022,2023
2022,2035
2023,2024
2023,2027
2023,2030
2024,2025
2024,2026
2027,2028
2027,2029
2030,2031
2030,2034
2031,2032
2032,2033
2036,2037
2036,2042
2037,2038
2038,2039
2039,2040
2040,2041
2044,2045
2044,2046
2047,2048
2047,2049
2050,2051
2051,2052
2052,2053
2053,2054
2054,2055
2056,2057
2056,2058
2056,2062
2056,2064
2056,2066
2058,2059
2059,2060
2060,2061
2062,2063
2064,2065
2066,2067
2068,2069
2068,2070
2068,2071
2068,2073
2071,2072
2073,2074
2074,2075
2076,2077
2076,2078
2076,2079
2076,2089
2079,2080
2079,2082
2080,2081
2082,2083
2083,2084
2084,2085
2085,2086
2086,2087
2087,2088
2090,2091
2090,2092
2090,2093
2094,2095
2094,2096
2094,2101
2094,2102
2094,2215
2094,2216
2096,2097
2096,2098
2098,2099
2099,2100
2102,2103
2102,2104
2102,2175
2102,2180
2102,2189
2102,2198
2104,2105
2104,2107
2104,2174
2105,2106
2107,2108
2107,2109
2107,2113
2107,2117
2107,2121
2107,2125
2107,2129
2107,2133
2107,2137
2107,2141
2107,2148
2107,2155
2107,2159
2107,2163
2107,2167
2107,2171
2109,2110
2109,2112
2110,2111
2113,2114
2113,2116
2114,2115
2117,2118
2117,2120
2118,2119
2121,2122
2121,2124
2122,2123
2125,2126
2125,2128
2126,2127
2129,2130
2129,2132
2130,2131
2133,2134
2133,2136
2134,2135
2137,2138
2137,2140
2138,2139
2141,2142
2141,2144
2141,2147
2142,2143
2144,2145
2145,2146
2148,2149
2148,2151
2148,2154
2149,2150
2151,2152
2152,2153
2155,2156
2155,2158
2156,2157
2159,2160
2159,2162
2160,2161
2163,2164
2163,2166
2164,2165
2167,2168
2167,2170
2168,2169
2171,2172
2172,2173
2175,2176
2175,2179
2176,2177
2177,2178
2180,2181
2180,2183
2180,2186
2180,2188
2181,2182
2183,2184
2184,2185
2186,2187
2189,2190
2189,2192
2189,2195
2189,2197
2190,2191
2192,2193
2193,2194
2195,2196
2198,2199
2198,2201
2198,2205
2198,2212
2198,2214
2199,2200
2201,2202
2202,2203
2203,2204
2205,2206
2205,2209
2206,2207
2206,2208
2209,2210
2210,2211
2212,2213
2217,2218
2217,2219
2217,2220
2217,2225
2217,2227
2220,2221
2220,2223
2221,2222
2223,2224
2225,2226
2227,2228
2228,2229
2230,2231
2230,2234
2230,2237
2230,2238
2231,2232
2232,2233
2234,2235
2235,2236
2239,2240
2239,2241
2239,2242
2239,2247
2239,2249
2239,2252
2239,2257
2242,2243
2242,2245
2243,2244
2245,2246
2247,2248
2249,2250
2250,2251
2252,2253
2252,2255
2253,2254
2255,2256
2258,2259
2258,2260
2258,2264
2258,2269
2258,2271
2260,2261
2261,2262
2261,2263
2264,2265
2265,2266
2265,2267
2265,2268
2269,2270
2271,2272
2273,2274
2273,2275
2273,2276
2273,2281
2273,2283
2276,2277
2276,2279
2277,2278
2279,2280
2281,2282
2283,2284
2284,2285
2286,2287
2286,2288
2286,2289
2286,2290
2286,2294
2286,2305
2286,2307
2286,2309
2286,2310
2290,2291
2290,2292
2292,2293
2294,2295
2294,2297
2295,2296
2297,2298
2297,2300
2298,2299
2300,2301
2300,2302
2302,2303
2303,2304
2305,2306
2307,2308
2311,2312
2311,2313
2311,2314
2311,2319
2311,2321
2311,2323
2311,2324
2314,2315
2314,2317
2315,2316
2317,2318
2319,2320
2321,2322
2324,2325
2325,2326
2327,2328
2327,2329
2327,2330
2327,2331
2327,2333
2327,2335
2327,2355
2331,2332
2333,2334
2335,2336
2335,2338
2335,2339
2335,2350
2335,2351
2336,2337
2339,2340
2339,2343
2340,2341
2340,2342
2343,2344
2343,2346
2343,2348
2344,2345
2346,2347
2348,2349
2351,2352
2351,2353
2353,2354
2355,2356
2356,2357
2358,2359
2358,2360
2358,2362
2358,2363
2360,2361
2363,2364
2363,2365
2363,2366
2366,2367
2368,2369
2368,2370
2368,2371
2368,2372
2368,2389
2372,2373
2372,2374
2372,2386
2374,2375
2374,2377
2374,2379
2374,2382
2375,2376
2377,2378
2379,2380
2380,2381
2382,2383
2383,2384
2383,2385
2386,2387
2387,2388
2390,2391
2390,2392
2390,2395
2390,2396
2390,2399
2390,2400
2390,2401
2390,2404
2390,2407
2390,2408
2392,2393
2393,2394
2396,2397
2397,2398
2401,2402
2402,2403
2404,2405
2405,2406
2408,2409
2409,2410
2411,2412
2411,2413
2411,2414
2411,2419
2411,2421
2414,2415
2414,2417
2415,2416
2417,2418
2419,2420
2421,2422
2422,2423
2424,2425
2424,2426
2424,2427
2424,2432
2424,2434
2427,2428
2427,2430
2428,2429
2430,2431
2432,2433
2434,2435
2435,2436
2436,2437
2438,2439
2438,2440
2438,2441
2438,2446
2438,2448
2438,2449
2441,2442
2441,2444
2442,2443
2444,2445
2446,2447
2449,2450
2450,2451
2452,2453
2452,2454
2454,2455
2456,2457
2456,2458
2456,2459
2456,2464
2456,2466
2456,2469
2456,2475
2459,2460
2459,2462
2460,2461
2462,2463
2464,2465
2466,2467
2467,2468
2469,2470
2469,2472
2470,2471
2472,2473
2473,2474
2476,2477
2476,2478
2476,2480
2476,2482
2478,2479
2480,2481
2482,2483
2482,2488
2483,2484
2483,2485
2485,2486
2486,2487
2488,2489
2488,2492
2488,2495
2488,2497
2488,2499
2488,2500
2489,2490
2490,2491
2492,2493
2493,2494
2495,2496
2497,2498
2501,2502
2501,2503
2501,2504
2501,2509
2501,2511
2501,2512
2504,2505
2504,2507
2505,2506
2507,2508
2509,2510
2512,2513
2514,2515
2514,2516
2514,2517
2514,2522
2514,2562
2517,2518
2517,2520
2518,2519
2520,2521
2522,2523
2522,2527
2523,2524
2523,2525
2525,2526
2527,2528
2527,2530
2528,2529
2530,2531
2530,2532
2530,2538
2530,2544
2530,2546
2530,2554
2532,2533
2532,2537
2533,2534
2533,2535
2535,2536
2538,2539
2538,2543
2539,2540
2539,2541
2541,2542
2544,2545
2546,2547
2547,2548
2548,2549
2548,2550
2548,2551
2551,2552
2551,2553
2554,2555
2555,2556
2556,2557
2557,2558
2557,2561
2558,2559
2559,2560
2562,2563
2563,2564
2564,2565
2564,2568
2565,2566
2566,2567
2568,2569
2570,2571
2570,2572
2570,2573
2570,2578
2570,2580
2570,2581
2573,2574
2573,2576
2574,2575
2576,2577
2578,2579
2581,2582
2582,2583
2584,2585
2584,2586
2584,2587
2588,2589
2588,2590
2588,2594
2590,2591
2591,2592
2592,2593
2594,2595
2596,2597
2596,2598
2596,2604
2596,2605
2596,2606
2596,2607
2598,2599
2598,2601
2599,2600
2601,2602
2602,2603
2608,2609
2608,2610
2608,2611
2608,2616
2608,2618
2611,2612
2611,2614
2612,2613
2614,2615
2616,2617
2618,2619
2619,2620
2621,2622
2621,2623
2621,2625
2621,2627
2623,2624
2625,2626
2627,2628
2627,2633
2628,2629
2628,2630
2630,2631
2631,2632
2633,2634
2633,2637
2633,2640
2633,2642
2633,2644
2633,2645
2634,2635
2635,2636
2637,2638
2638,2639
2640,2641
2642,2643
2646,2647
2646,2648
2646,2649
2646,2651
2646,2697
2646,2699
2649,2650
2651,2652
2651,2655
2651,2693
2652,2653
2652,2654
2655,2656
2655,2657
2655,2658
2655,2668
2655,2671
2655,2673
2658,2659
2658,2660
2658,2661
2658,2665
2661,2662
2661,2663
2663,2664
2665,2666
2665,2667
2668,2669
2669,2670
2671,2672
2673,2674
2673,2678
2674,2675
2674,2677
2675,2676
2678,2679
2678,2681
2679,2680
2681,2682
2681,2683
2681,2689
2683,2684
2684,2685
2684,2687
2685,2686
2687,2688
2689,2690
2690,2691
2691,2692
2693,2694
2694,2695
2695,2696
2697,2698
2699,2700
2701,2702
2701,2703
2701,2704
2701,2705
2701,2708
2701,2719
2701,2721
2701,2723
2701,2724
2705,2706
2705,2707
2708,2709
2708,2711
2709,2710
2711,2712
2711,2714
2712,2713
2714,2715
2714,2716
2716,2717
2717,2718
2719,2720
2721,2722
2725,2726
2725,2727
2725,2731
2725,2738
2725,2741
2727,2728
2727,2729
2729,2730
2731,2732
2731,2735
2732,2733
2732,2734
2735,2736
2736,2737
2738,2739
2739,2740
2741,2742
2742,2743
2742,2744
2742,2748
2744,2745
2745,2746
2746,2747
2749,2750
2749,2751
2752,2753
2752,2754
2752,2755
2752,2759
2752,2761
2755,2756
2755,2758
2756,2757
2759,2760
2761,2762
2762,2763
2764,2765
2764,2768
2765,2766
2766,2767
2769,2770
2769,2771
2769,2772
2769,2776
2769,2780
2772,2773
2772,2774
2774,2775
2776,2777
2776,2778
2778,2779
2780,2781
2780,2782
2780,2784
2780,2786
2780,2788
2782,2783
2784,2785
2786,2787
2788,2789
2790,2791
2790,2792
2790,2793
2790,2798
2790,2800
2790,2801
2793,2794
2793,2796
2794,2795
2796,2797
2798,2799
2801,2802
2802,2803
2803,2804
2805,2806
2805,2807
2805,2809
2805,2811
2805,2829
2805,2831
2807,2808
2809,2810
2811,2812
2811,2816
2812,2813
2812,2814
2814,2815
2816,2817
2816,2819
2817,2818
2819,2820
2819,2821
2819,2826
2821,2822
2822,2823
2822,2824
2824,2825
2826,2827
2827,2828
2829,2830
2831,2832
2833,2834
2833,2835
2833,2836
2833,2841
2833,2843
2836,2837
2836,2839
2837,2838
2839,2840
2841,2842
2843,2844
2844,2845
2845,2846
2847,2848
2847,2849
2847,2854
2847,2855
2847,2968
2847,2969
2849,2850
2849,2851
2851,2852
2852,2853
2855,2856
2855,2857
2855,2928
2855,2933
2855,2942
2855,2951
2857,2858
2857,2860
2857,2927
2858,2859
2860,2861
2860,2862
2860,2866
2860,2870
2860,2874
2860,2878
2860,2882
2860,2886
2860,2890
2860,2894
2860,2901
2860,2908
2860,2912
2860,2916
2860,2920
2860,2924
2862,2863
2862,2865
2863,2864
2866,2867
2866,2869
2867,2868
2870,2871
2870,2873
2871,2872
2874,2875
2874,2877
2875,2876
2878,2879
2878,2881
2879,2880
2882,2883
2882,2885
2883,2884
2886,2887
2886,2889
2887,2888
2890,2891
2890,2893
2891,2892
2894,2895
2894,2897
2894,2900
2895,2896
2897,2898
2898,2899
2901,2902
2901,2904
2901,2907
2902,2903
2904,2905
2905,2906
2908,2909
2908,2911
2909,2910
2912,2913
2912,2915
2913,2914
2916,2917
2916,2919
2917,2918
2920,2921
2920,2923
2921,2922
2924,2925
2925,2926
2928,2929
2928,2932
2929,2930
2930,2931
2933,2934
2933,2936
2933,2939
2933,2941
2934,2935
2936,2937
2937,2938
2939,2940
2942,2943
2942,2945
2942,2948
2942,2950
2943,2944
2945,2946
2946,2947
2948,2949
2951,2952
2951,2954
2951,2958
2951,2965
2951,2967
2952,2953
2954,2955
2955,2956
2956,2957
2958,2959
2958,2962
2959,2960
2959,2961
2962,2963
2963,2964
2965,2966
2970,2971
2970,2972
2972,2973
2972,2976
2973,2974
2974,2975
2976,2977
2977,2978
2977,2979
2977,2994
2979,2980
2980,2981
2980,2983
2981,2982
2983,2984
2983,2985
2983,2987
2985,2986
2987,2988
2987,2989
2989,2990
2989,2992
2989,2993
2990,2991
2994,2995
2994,2996
2994,3016
2996,2997
2996,2999
2997,2998
2999,3000
2999,3003
3000,3001
3000,3002
3003,3004
3004,3005
3004,3007
3005,3006
3007,3008
3007,3010
3007,3013
3007,3014
3007,3015
3008,3009
3010,3011
3011,3012
3016,3017
3017,3018
3019,3020
3019,3021
3022,3023
3022,3024
3022,3026
3022,3028
3022,3036
3022,3038
3022,3042
3022,3047
3024,3025
3026,3027
3028,3029
3028,3034
3029,3030
3029,3033
3030,3031
3030,3032
3034,3035
3036,3037
3038,3039
3038,3040
3040,3041
3042,3043
3042,3044
3044,3045
3044,3046
3047,3048
3047,3053
3047,3075
3047,3080
3047,3085
3047,3090
3047,3095
3047,3100
3047,3105
3047,3110
3047,3121
3048,3049
3048,3051
3048,3052
3049,3050
3053,3054
3053,3074
3054,3055
3054,3056
3054,3061
3054,3066
3054,3071
3056,3057
3056,3059
3056,3060
3057,3058
3061,3062
3061,3064
3061,3065
3062,3063
3066,3067
3066,3069
3066,3070
3067,3068
3071,3072
3072,3073
3075,3076
3075,3078
3075,3079
3076,3077
3080,3081
3080,3083
3080,3084
3081,3082
3085,3086
3085,3088
3085,3089
3086,3087
3090,3091
3090,3093
3090,3094
3091,3092
3095,3096
3095,3098
3095,3099
3096,3097
3100,3101
3100,3103
3100,3104
3101,3102
3105,3106
3105,3108
3105,3109
3106,3107
3110,3111
3110,3112
3110,3113
3110,3118
3110,3119
3110,3120
3113,3114
3113,3116
3114,3115
3116,3117
3121,3122
3122,3123
3123,3124
3125,3126
3125,3127
3127,3128
3129,3130
3130,3131
3131,3132
3131,3133
3135,3136
3137,3138
3137,3139
3137,3140
3137,3142
3137,3148
3137,3150
3137,3187
3140,3141
3142,3143
3142,3146
3143,3144
3143,3145
3146,3147
3148,3149
3150,3151
3150,3153
3150,3166
3151,3152
3153,3154
3153,3165
3154,3155
3154,3158
3155,3156
3155,3157
3158,3159
3158,3161
3159,3160
3161,3162
3161,3163
3163,3164
3166,3167
3166,3168
3168,3169
3168,3186
3169,3170
3169,3173
3170,3171
3170,3172
3173,3174
3173,3176
3174,3175
3176,3177
3176,3184
3177,3178
3177,3183
3178,3179
3178,3182
3179,3180
3179,3181
3184,3185
3188,3189
3188,3190
3188,3191
3188,3196
3188,3198
3188,3199
3191,3192
3191,3194
3192,3193
3194,3195
3196,3197
3199,3200
3200,3201
3202,3203
3202,3204
3202,3207
3202,3208
3204,3205
3205,3206
3209,3210
3209,3211
3209,3212
3209,3213
3209,3214
3214,3215
3214,3216
3216,3217
3216,3219
3217,3218
3219,3220
3219,3231
3219,3246
3220,3221
3220,3230
3221,3222
3221,3223
3221,3228
3223,3224
3223,3227
3224,3225
3225,3226
3228,3229
3231,3232
3231,3245
3232,3233
3232,3234
3232,3239
3234,3235
3234,3238
3235,3236
3236,3237
3239,3240
3239,3241
3239,3243
3241,3242
3243,3244
3246,3247
3246,3257
3247,3248
3247,3249
3247,3254
3249,3250
3249,3253
3250,3251
3251,3252
3254,3255
3254,3256
3258,3259
3258,3268
3258,3271
3258,3273
3258,3327
3258,3329
3258,3331
3258,3332
3259,3260
3259,3264
3259,3266
3260,3261
3260,3262
3260,3263
3264,3265
3266,3267
3268,3269
3269,3270
3271,3272
3273,3274
3273,3275
3273,3291
3275,3276
3276,3277
3276,3281
3277,3278
3277,3279
3279,3280
3281,3282
3281,3284
3282,3283
3284,3285
3284,3288
3285,3286
3285,3287
3288,3289
3288,3290
3291,3292
3291,3293
3291,3312
3293,3294
3293,3297
3293,3299
3293,3310
3293,3311
3294,3295
3295,3296
3297,3298
3299,3300
3299,3308
3300,3301
3300,3304
3301,3302
3301,3303
3304,3305
3305,3306
3306,3307
3308,3309
3312,3313
3312,3314
3314,3315
3314,3318
3314,3320
3314,3325
3314,3326
3315,3316
3316,3317
3318,3319
3320,3321
3320,3324
3321,3322
3321,3323
3327,3328
3329,3330
3332,3333
3332,3378
3332,3393
3332,3408
3332,3426
3332,3434
3332,3442
3332,3452
3332,3496
3332,3499
3332,3502
3333,3334
3333,3377
3334,3335
3334,3350
3334,3358
3334,3366
3334,3370
3335,3336
3335,3349
3336,3337
3336,3338
3336,3341
3338,3339
3339,3340
3341,3342
3341,3343
3341,3346
3343,3344
3344,3345
3346,3347
3347,3348
3350,3351
3350,3357
3351,3352
3351,3354
3352,3353
3354,3355
3354,3356
3358,3359
3358,3365
3359,3360
3359,3362
3360,3361
3362,3363
3362,3364
3366,3367
3366,3369
3367,3368
3370,3371
3370,3376
3371,3372
3372,3373
3373,3374
3374,3375
3378,3379
3378,3392
3379,3380
3379,3381
3379,3384
3381,3382
3382,3383
3384,3385
3384,3386
3384,3389
3386,3387
3387,3388
3389,3390
3390,3391
3393,3394
3393,3407
3394,3395
3394,3396
3394,3399
3396,3397
3397,3398
3399,3400
3399,3401
3399,3404
3401,3402
3402,3403
3404,3405
3405,3406
3408,3409
3408,3425
3409,3410
3409,3411
3409,3415
3411,3412
3411,3414
3412,3413
3415,3416
3415,3417
3415,3421
3417,3418
3417,3420
3418,3419
3421,3422
3421,3424
3422,3423
3426,3427
3426,3433
3427,3428
3427,3430
3428,3429
3430,3431
3430,3432
3434,3435
3434,3441
3435,3436
3435,3438
3436,3437
3438,3439
3438,3440
3442,3443
3442,3444
3442,3450
3442,3451
3444,3445
3444,3447
3445,3446
3447,3448
3447,3449
3452,3453
3452,3495
3453,3454
3453,3455
3453,3457
3455,3456
3457,3458
3458,3459
3458,3460
3458,3463
3458,3474
3458,3488
3460,3461
3460,3462
3463,3464
3463,3473
3464,3465
3464,3468
3465,3466
3465,3467
3468,3469
3468,3472
3469,3470
3470,3471
3474,3475
3474,3487
3475,3476
3475,3479
3475,3482
3476,3477
3476,3478
3479,3480
3479,3481
3482,3483
3482,3486
3483,3484
3484,3485
3488,3489
3488,3494
3489,3490
3490,3491
3491,3492
3492,3493
3496,3497
3496,3498
3499,3500
3499,3501
3502,3503
3503,3504
3504,3505
3505,3506
3506,3507
3508,3509
3508,3510
3508,3511
3508,3516
3508,3518
3508,3519
3511,3512
3511,3514
3512,3513
3514,3515
3516,3517
3519,3520
3521,3522
3521,3523
3521,3524
3521,3541
3524,3525
3524,3528
3524,3535
3525,3526
3526,3527
3528,3529
3528,3530
3528,3532
3530,3531
3532,3533
3533,3534
3535,3536
3535,3537
3535,3539
3537,3538
3539,3540
3542,3543
3542,3544
3542,3546
3542,3552
3542,3554
3542,3575
3542,3590
3544,3545
3546,3547
3546,3550
3547,3548
3547,3549
3550,3551
3552,3553
3554,3555
3554,3556
3556,3557
3556,3574
3557,3558
3557,3561
3558,3559
3558,3560
3561,3562
3561,3564
3562,3563
3564,3565
3564,3572
3565,3566
3565,3571
3566,3567
3566,3570
3567,3568
3567,3569
3572,3573
3575,3576
3575,3577
3577,3578
3577,3589
3578,3579
3578,3582
3579,3580
3579,3581
3582,3583
3582,3585
3583,3584
3585,3586
3585,3587
3587,3588
3591,3592
3591,3593
3591,3594
3591,3599
3591,3601
3594,3595
3594,3597
3595,3596
3597,3598
3599,3600
3601,3602
3603,3604
3603,3605
3603,3606
3603,3611
3603,3613
3606,3607
3606,3609
3607,3608
3609,3610
3611,3612
3613,3614
3614,3615
3615,3616
3617,3618
3617,3619
3617,3620
3617,3625
3617,3627
3620,3621
3620,3623
3621,3622
3623,3624
3625,3626
3627,3628
3628,3629
3630,3631
3630,3632
3630,3637
3630,3638
3630,3751
3630,3752
3632,3633
3632,3634
3634,3635
3635,3636
3638,3639
3638,3640
3638,3711
3638,3716
3638,3725
3638,3734
3640,3641
3640,3643
3640,3710
3641,3642
3643,3644
3643,3645
3643,3649
3643,3653
3643,3657
3643,3661
3643,3665
3643,3669
3643,3673
3643,3677
3643,3684
3643,3691
3643,3695
3643,3699
3643,3703
3643,3707
3645,3646
3645,3648
3646,3647
3649,3650
3649,3652
3650,3651
3653,3654
3653,3656
3654,3655
3657,3658
3657,3660
3658,3659
3661,3662
3661,3664
3662,3663
3665,3666
3665,3668
3666,3667
3669,3670
3669,3672
3670,3671
3673,3674
3673,3676
3674,3675
3677,3678
3677,3680
3677,3683
3678,3679
3680,3681
3681,3682
3684,3685
3684,3687
3684,3690
3685,3686
3687,3688
3688,3689
3691,3692
3691,3694
3692,3693
3695,3696
3695,3698
3696,3697
3699,3700
3699,3702
3700,3701
3703,3704
3703,3706
3704,3705
3707,3708
3708,3709
3711,3712
3711,3715
3712,3713
3713,3714
3716,3717
3716,3719
3716,3722
3716,3724
3717,3718
3719,3720
3720,3721
3722,3723
3725,3726
3725,3728
3725,3731
3725,3733
3726,3727
3728,3729
3729,3730
3731,3732
3734,3735
3734,3737
3734,3741
3734,3748
3734,3750
3735,3736
3737,3738
3738,3739
3739,3740
3741,3742
3741,3745
3742,3743
3742,3744
3745,3746
3746,3747
3748,3749
3753,3754
3753,3755
3753,3756
3753,3761
3753,3763
3756,3757
3756,3759
3757,3758
3759,3760
3761,3762
3763,3764
3765,3766
3765,3767
3765,3770
3765,3771
3765,3773
3765,3775
3765,3777
3765,3779
3767,3768
3768,3769
3771,3772
3773,3774
3775,3776
3777,3778
3779,3780
3781,3782
3781,3783
3781,3784
3781,3786
3781,3787
3781,3789
3781,3794
3781,3796
3781,3798
3784,3785
3787,3788
3789,3790
3790,3791
3791,3792
3791,3793
3794,3795
3796,3797
3798,3799
3800,3801
3800,3802
3800,3803
3800,3808
3800,3810
3803,3804
3803,3806
3804,3805
3806,3807
3808,3809
3810,3811
3812,3813
3812,3814
3812,3815
3812,3816
3812,3817
3812,3818
3812,3821
3812,3827
3812,3832
3812,3833
3812,3835
3812,3837
3812,3838
3812,3839
3812,3892
3812,3893
3812,3895
3818,3819
3819,3820
3821,3822
3821,3824
3822,3823
3824,3825
3825,3826
3827,3828
3827,3831
3828,3829
3829,3830
3833,3834
3835,3836
3839,3840
3839,3843
3840,3841
3841,3842
3843,3844
3843,3847
3843,3849
3843,3851
3843,3858
3844,3845
3844,3846
3847,3848
3849,3850
3851,3852
3851,3853
3853,3854
3853,3856
3854,3855
3856,3857
3858,3859
3858,3882
3858,3889
3859,3860
3860,3861
3860,3881
3861,3862
3861,3863
3863,3864
3863,3865
3863,3866
3863,3880
3866,3867
3866,3870
3867,3868
3868,3869
3870,3871
3870,3872
3870,3879
3872,3873
3872,3874
3872,3877
3874,3875
3875,3876
3877,3878
3882,3883
3883,3884
3883,3888
3884,3885
3884,3886
3886,3887
3889,3890
3890,3891
3893,3894
3895,3896
3897,3898
3897,3899
3899,3900
3899,3903
3900,3901
3901,3902
3903,3904
3904,3905
3904,3906
3904,3921
3906,3907
3907,3908
3907,3910
3908,3909
3910,3911
3910,3912
3910,3914
3912,3913
3914,3915
3914,3916
3916,3917
3916,3919
3916,3920
3917,3918
3921,3922
3921,3923
3921,3943
3923,3924
3923,3926
3924,3925
3926,3927
3926,3930
3927,3928
3927,3929
3930,3931
3931,3932
3931,3934
3932,3933
3934,3935
3934,3937
3934,3940
3934,3941
3934,3942
3935,3936
3937,3938
3938,3939
3943,3944
3944,3945
3946,3947
3946,3948
3946,3949
3946,3954
3946,3956
3949,3950
3949,3952
3950,3951
3952,3953
3954,3955
3956,3957
3957,3958
3959,3960
3959,3961
3959,3963
3961,3962
3963,3964
3965,3966
3965,3967
3965,3968
3965,3973
3965,3975
3968,3969
3968,3971
3969,3970
3971,3972
3973,3974
3975,3976
3976,3977
3977,3978
