1.273, 12.097, 2.165
0.544, 1.196, 0.445
0.454, 0.572, 0.237
1.174, 3.224, 1.47
1.305, 6.762, 2.113
0.422, 0.488, 0.189
1.763, 11.013, 3.418
0.469, 0.693, 0.265
1.499, 8.924, 2.727
0.437, 0.814, 0.318
1.061, 2.726, 1.256
0.704, 2.492, 0.859
0.624, 2.484, 0.888
0.175, 0.176, 0.1
1.485, 7.106, 2.211
0.935, 7.066, 1.813
1.124, 7.045, 2.019
0.747, 1.138, 0.494
0.265, 0.125, 0.068
1.522, 12.0, 3.374
0.433, 0.893, 0.372
0.933, 3.397, 1.237
1.001, 3.397, 1.392
0.255, 0.317, 0.159
1.333, 9.795, 2.29
3.004, 8.553, 4.856
1.722, 9.795, 2.734
2.211, 3.351, 1.803
2.049, 9.795, 3.566
1.398, 2.33, 1.206
0.956, 2.165, 0.961
0.3, 0.389, 0.206
1.704, 7.799, 3.058
0.324, 0.526, 0.28
1.774, 8.714, 3.461
0.284, 0.384, 0.197
1.733, 8.714, 3.48
0.205, 0.138, 0.077
3.09, 6.425, 3.259
0.403, 0.666, 0.241
0.584, 1.052, 0.448
0.393, 0.954, 0.32
0.976, 4.396, 1.571
1.521, 16.845, 3.032
0.337, 0.607, 0.304
0.263, 0.149, 0.074
0.725, 2.72, 0.764
0.843, 1.15, 0.517
0.775, 2.697, 0.962
0.931, 2.697, 1.085
1.191, 2.697, 1.285
3.554, 13.616, 5.133
1.772, 14.068, 3.195
2.471, 13.576, 4.713
4.578, 13.549, 6.318
1.701, 14.068, 3.028
2.433, 12.474, 4.007
0.373, 0.185, 0.106
1.989, 14.048, 4.578
0.303, 0.322, 0.142
0.875, 2.77, 0.977
0.381, 0.277, 0.139
1.333, 6.113, 1.824
1.554, 5.382, 2.147
0.934, 4.277, 1.17
0.539, 0.896, 0.51
1.314, 4.189, 1.496
1.448, 4.125, 1.719
2.49, 11.322, 4.071
0.553, 1.305, 0.597
2.541, 13.387, 4.592
0.318, 0.327, 0.186
0.682, 2.13, 0.612
0.666, 2.13, 0.64
0.578, 0.807, 0.352
0.543, 0.685, 0.382
1.939, 14.834, 3.877
2.542, 14.834, 4.697
2.881, 14.829, 5.278
3.525, 14.249, 6.155
3.235, 14.829, 6.547
2.737, 12.362, 4.822
1.207, 9.172, 2.365
1.317, 9.172, 2.553
0.608, 1.464, 0.499
0.797, 1.464, 0.631
0.883, 6.679, 1.287
2.09, 6.607, 3.113
0.671, 3.091, 0.685
0.697, 3.091, 0.743
0.748, 3.091, 0.765
0.617, 0.809, 0.371
0.985, 1.886, 0.821
0.554, 1.196, 0.42
0.695, 1.173, 0.589
0.446, 1.329, 0.389
0.325, 0.504, 0.198
0.371, 0.493, 0.221
1.599, 4.571, 1.926
1.313, 4.188, 1.648
1.411, 4.134, 1.972
0.995, 19.336, 2.031
0.399, 0.686, 0.349
0.501, 1.289, 0.483
0.499, 1.289, 0.567
0.256, 0.55, 0.305
0.658, 2.963, 0.885
0.811, 2.934, 1.453
0.522, 1.402, 0.648
0.633, 2.495, 0.857
0.699, 2.466, 1.216
0.659, 1.968, 0.922
0.991, 3.954, 1.307
0.441, 1.115, 0.495
0.49, 1.05, 0.587
0.65, 2.81, 0.817
0.839, 2.808, 1.075
1.399, 2.773, 1.155
0.366, 0.802, 0.371
0.47, 1.262, 0.424
0.409, 1.064, 0.425
0.984, 3.947, 1.313
1.1, 3.947, 1.933
1.267, 2.655, 1.383
1.189, 3.558, 1.406
0.903, 4.235, 1.155
1.382, 4.214, 1.757
0.717, 1.945, 0.901
1.132, 14.796, 2.378
1.058, 14.793, 2.323
0.817, 1.62, 0.823
1.048, 14.793, 2.462
1.015, 14.793, 2.53
1.086, 14.793, 2.743
1.169, 14.793, 2.954
1.33, 14.782, 3.314
1.553, 14.781, 3.718
1.919, 14.746, 4.559
2.892, 14.665, 5.866
1.103, 5.915, 1.409
1.076, 5.911, 1.534
1.023, 2.315, 1.192
0.986, 5.885, 1.797
1.265, 5.854, 2.3
1.848, 20.354, 3.385
0.297, 0.333, 0.158
0.439, 0.775, 0.282
0.281, 0.4, 0.151
2.306, 10.897, 3.544
0.75, 0.628, 0.354
1.594, 17.386, 3.173
2.732, 17.375, 6.007
4.162, 17.375, 7.505
1.416, 13.909, 2.691
1.432, 13.909, 2.731
2.05, 13.837, 4.483
0.265, 0.338, 0.139
1.34, 13.909, 2.375
1.292, 5.808, 2.036
0.272, 0.427, 0.158
1.335, 13.909, 2.552
2.24, 6.145, 3.472
0.708, 1.254, 0.581
0.583, 1.629, 0.563
0.6, 1.629, 0.615
0.377, 0.694, 0.387
1.045, 4.782, 1.303
1.076, 4.782, 1.398
0.614, 1.553, 0.893
0.924, 2.245, 1.28
3.529, 11.602, 3.468
2.276, 5.627, 2.317
2.295, 7.371, 2.339
1.997, 4.981, 1.939
1.597, 12.222, 2.683
1.872, 12.222, 3.271
3.306, 12.213, 5.141
0.865, 2.745, 1.132
0.95, 1.811, 0.783
1.182, 1.811, 0.956
2.155, 15.565, 4.817
0.491, 0.732, 0.302
1.972, 3.905, 1.998
0.954, 22.13, 2.061
0.248, 0.357, 0.182
0.303, 0.617, 0.224
0.322, 0.573, 0.26
0.272, 0.454, 0.238
0.664, 5.357, 1.022
0.468, 1.721, 0.497
0.331, 0.868, 0.301
0.382, 0.868, 0.341
0.218, 0.376, 0.192
0.48, 0.761, 0.288
0.482, 1.654, 0.68
0.594, 4.481, 1.064
0.414, 2.738, 0.888
0.542, 2.732, 1.092
1.013, 2.732, 1.521
0.485, 1.862, 0.707
0.619, 1.841, 0.822
0.957, 1.841, 0.993
0.581, 3.688, 1.094
0.758, 3.679, 1.256
1.095, 3.662, 1.768
0.585, 3.726, 1.093
0.735, 3.716, 1.266
1.104, 3.699, 1.787
0.587, 3.762, 1.104
0.738, 3.753, 1.278
1.113, 3.735, 1.805
0.59, 3.797, 1.114
0.742, 3.788, 1.29
1.122, 3.771, 1.822
0.37, 0.954, 0.291
0.384, 0.907, 0.341
0.147, 0.133, 0.069
1.104, 10.842, 2.214
0.673, 3.434, 0.81
0.64, 3.434, 0.864
0.461, 1.721, 0.543
0.215, 0.346, 0.125
1.456, 3.225, 1.75
1.07, 7.728, 1.768
0.659, 4.704, 0.973
0.754, 4.683, 1.343
0.928, 4.683, 1.564
0.222, 0.388, 0.199
0.511, 0.761, 0.287
0.482, 1.653, 0.68
0.621, 4.335, 0.922
0.375, 2.642, 0.862
0.526, 2.636, 1.051
0.959, 2.636, 1.483
0.485, 1.866, 0.708
0.619, 1.844, 0.823
0.958, 1.844, 0.994
0.552, 2.034, 0.652
0.725, 2.032, 0.692
0.918, 2.028, 0.877
0.548, 1.992, 0.622
0.692, 1.991, 0.673
0.908, 1.986, 0.859
1.16, 7.778, 2.353
1.655, 7.604, 3.025
0.34, 0.355, 0.201
1.642, 10.686, 3.111
0.553, 0.69, 0.276
3.704, 16.3, 7.135
0.659, 4.241, 1.054
0.728, 4.241, 1.236
0.66, 4.241, 1.385
0.771, 5.305, 1.25
0.485, 1.932, 0.525
0.52, 1.856, 0.602
0.955, 6.241, 1.687
0.782, 6.241, 1.413
0.838, 6.241, 1.54
0.597, 1.675, 0.669
0.214, 0.346, 0.124
2.399, 6.011, 3.358
0.956, 6.959, 1.656
0.543, 1.401, 0.433
0.247, 0.041, 0.02
2.289, 9.396, 3.792
0.447, 0.538, 0.254
0.412, 0.938, 0.37
0.504, 0.71, 0.359
3.903, 12.834, 6.109
0.758, 5.117, 1.213
0.662, 5.117, 1.047
0.768, 5.096, 1.472
0.955, 5.096, 1.716
0.224, 0.397, 0.204
0.51, 0.761, 0.287
0.481, 1.653, 0.68
0.559, 4.184, 0.885
0.277, 1.881, 0.613
0.384, 1.879, 0.748
0.694, 1.879, 1.053
0.488, 1.857, 0.705
0.617, 1.835, 0.82
0.955, 1.835, 0.991
0.545, 1.954, 0.633
0.715, 1.952, 0.671
0.898, 1.948, 0.842
1.126, 8.043, 1.788
0.854, 8.043, 1.714
0.601, 3.84, 1.115
0.753, 3.84, 1.295
0.224, 0.394, 0.202
0.479, 0.761, 0.288
0.481, 1.652, 0.68
0.771, 8.433, 1.771
0.204, 1.114, 0.357
0.272, 1.112, 0.432
0.47, 1.112, 0.59
0.486, 1.842, 0.702
0.614, 1.82, 0.816
0.951, 1.82, 0.986
1.459, 4.163, 1.473
1.131, 3.281, 1.519
0.67, 6.154, 1.188
0.195, 1.086, 0.35
0.263, 1.084, 0.423
0.461, 1.084, 0.575
0.483, 1.822, 0.697
0.611, 1.8, 0.811
0.946, 1.8, 0.98
0.546, 1.918, 0.626
0.713, 1.917, 0.663
0.889, 1.912, 0.826
1.793, 4.831, 2.784
4.821, 13.998, 6.459
0.89, 6.883, 1.561
0.708, 4.792, 1.123
0.568, 3.263, 0.942
0.698, 3.263, 1.092
0.223, 0.392, 0.201
0.479, 0.761, 0.288
0.481, 1.651, 0.679
1.162, 13.539, 2.508
0.263, 1.745, 0.567
0.361, 1.743, 0.692
0.649, 1.743, 0.975
0.481, 1.809, 0.695
0.609, 1.787, 0.808
0.942, 1.787, 0.976
1.749, 13.533, 3.572
2.194, 13.496, 3.945
3.1, 13.482, 4.81
4.434, 13.482, 6.344
1.528, 12.873, 2.168
0.324, 0.314, 0.149
1.426, 2.727, 1.353
2.154, 6.253, 2.851
1.065, 3.293, 1.242
0.506, 1.082, 0.507
0.956, 2.285, 0.756
0.757, 1.627, 0.612
1.358, 7.646, 2.335
1.917, 7.646, 3.289
2.029, 10.133, 3.035
0.89, 1.165, 0.542
1.575, 12.873, 2.245
1.301, 5.768, 2.005
1.73, 5.768, 2.491
1.632, 12.855, 2.36
1.14, 3.429, 1.174
1.005, 3.429, 1.411
1.898, 12.853, 2.686
1.72, 7.695, 2.047
1.643, 4.545, 1.808
1.734, 7.695, 2.573
1.302, 2.5, 1.253
2.287, 12.827, 3.829
2.604, 12.827, 4.275
0.475, 1.008, 0.574
2.466, 8.206, 2.582
2.225, 8.206, 2.686
3.431, 8.206, 3.912
1.037, 7.983, 1.523
1.744, 7.983, 2.758
2.238, 7.983, 3.411
0.888, 5.281, 1.087
0.899, 2.744, 0.888
0.622, 2.289, 0.748
0.723, 2.289, 0.996
0.931, 5.246, 1.307
0.458, 1.046, 0.355
4.149, 10.528, 5.701
2.159, 11.069, 3.542
0.69, 1.344, 0.621
4.063, 27.337, 5.163
0.328, 0.499, 0.223
11.083, 20.222, 9.718
7.158, 9.882, 3.908
7.551, 9.882, 5.317
6.431, 11.562, 4.397
5.867, 11.562, 4.851
7.717, 10.467, 5.418
6.122, 11.277, 5.843
2.317, 22.097, 5.297
0.435, 1.328, 0.379
0.496, 1.303, 0.456
0.78, 4.509, 1.124
0.465, 2.192, 0.611
0.567, 2.152, 0.758
7.653, 27.026, 6.914
7.216, 27.026, 7.348
7.33, 27.026, 7.725
4.583, 10.361, 4.704
3.285, 15.129, 4.108
1.736, 7.442, 2.591
1.671, 5.806, 2.488
2.143, 7.439, 3.109
2.052, 5.695, 3.204
3.88, 15.125, 4.531
2.204, 12.66, 3.83
0.452, 0.552, 0.248
4.849, 15.062, 4.761
5.376, 15.062, 5.956
4.491, 12.048, 4.237
3.544, 12.048, 4.23
1.769, 4.061, 1.606
3.833, 16.977, 4.686
3.904, 16.977, 5.109
3.932, 16.977, 5.722
2.883, 16.977, 6.275
0.325, 0.579, 0.292
1.406, 14.965, 2.62
0.58, 1.352, 0.502
0.929, 1.078, 0.45
0.704, 1.181, 0.498
0.769, 2.683, 0.809
0.611, 0.858, 0.349
1.599, 14.902, 3.455
0.71, 2.024, 0.865
2.222, 14.862, 4.345
2.612, 14.862, 4.759
1.057, 2.942, 1.231
2.751, 10.992, 4.262
1.432, 10.918, 3.08
0.424, 0.495, 0.192
1.948, 9.985, 3.987
0.492, 0.962, 0.372
1.111, 6.95, 1.942
0.446, 0.51, 0.205
1.843, 8.576, 2.822
2.337, 8.562, 3.137
3.183, 8.553, 3.993
0.752, 19.336, 2.17
0.266, 0.315, 0.161
0.36, 1.557, 0.382
0.36, 1.557, 0.438
0.431, 1.557, 0.541
0.234, 0.491, 0.264
0.283, 1.135, 0.314
0.343, 1.135, 0.411
0.248, 0.524, 0.289
0.702, 4.355, 1.078
0.876, 4.33, 1.486
1.347, 4.284, 1.768
0.436, 0.878, 0.435
0.643, 2.629, 0.851
0.733, 2.6, 1.282
0.491, 1.301, 0.6
1.202, 3.102, 1.493
0.436, 1.782, 0.506
0.666, 1.778, 0.756
0.343, 0.86, 0.397
1.539, 22.122, 3.565
0.444, 0.298, 0.156
0.868, 3.645, 1.471
0.774, 2.918, 0.845
0.867, 1.299, 0.653
0.531, 0.809, 0.36
1.227, 2.867, 1.091
1.287, 2.334, 1.231
1.785, 11.012, 3.177
3.422, 11.012, 5.141
1.503, 4.473, 2.085
0.917, 11.537, 1.918
0.358, 1.066, 0.337
0.325, 0.973, 0.316
0.173, 0.356, 0.144
0.345, 0.741, 0.322
0.536, 2.001, 0.596
0.581, 2.001, 0.726
0.935, 1.977, 0.933
0.966, 2.31, 0.949
0.715, 1.803, 0.808
1.324, 3.004, 1.233
0.995, 2.994, 1.405
1.478, 10.186, 1.938
0.552, 0.977, 0.443
0.468, 0.573, 0.324
1.54, 10.186, 2.013
1.501, 10.186, 2.013
1.55, 7.691, 2.578
1.069, 3.361, 1.614
1.395, 7.081, 1.782
1.508, 7.081, 2.084
1.111, 3.124, 1.139
0.745, 1.673, 0.887
0.485, 1.302, 0.443
0.35, 0.291, 0.153
0.481, 0.007, 0.005
1.492, 10.186, 2.034
2.301, 10.186, 3.122
3.829, 10.186, 4.424
0.963, 2.636, 0.821
1.127, 2.636, 0.907
1.084, 2.636, 1.054
1.057, 2.631, 1.473
0.626, 0.279, 0.198
2.031, 5.761, 2.348
2.48, 5.715, 2.705
1.526, 5.426, 1.992
1.141, 3.538, 1.678
3.518, 3.954, 2.796
2.262, 12.599, 3.365
1.462, 4.359, 1.529
1.61, 4.359, 1.748
0.504, 0.825, 0.458
1.676, 10.352, 2.378
1.152, 1.548, 0.629
2.188, 10.214, 3.09
0.69, 1.718, 0.822
1.71, 7.929, 2.32
2.365, 7.929, 3.047
2.717, 7.837, 3.566
1.383, 7.873, 2.087
1.609, 7.854, 2.28
0.945, 2.932, 1.207
0.261, 0.264, 0.134
1.145, 5.178, 1.566
1.421, 5.165, 1.77
1.251, 5.165, 2.25
1.288, 10.306, 2.181
1.194, 2.574, 1.103
1.24, 10.306, 2.274
2.435, 7.581, 3.076
1.603, 5.779, 2.846
0.391, 0.99, 0.28
0.369, 0.722, 0.235
0.353, 0.722, 0.261
0.382, 0.71, 0.265
1.561, 10.273, 2.888
0.456, 0.929, 0.5
0.268, 0.351, 0.145
2.612, 6.837, 2.636
2.819, 6.837, 3.105
1.413, 7.229, 2.234
1.165, 7.151, 2.175
2.15, 7.149, 3.087
1.48, 6.401, 2.124
1.791, 6.401, 2.419
1.343, 14.687, 2.767
0.514, 0.803, 0.332
0.341, 0.347, 0.15
0.966, 2.118, 0.926
0.859, 2.732, 0.799
0.767, 0.814, 0.321
1.424, 12.633, 2.811
0.916, 2.054, 1.003
1.53, 12.633, 3.005
2.906, 12.489, 4.875
1.39, 10.918, 3.083
0.4, 0.443, 0.177
1.968, 10.001, 3.98
0.571, 1.073, 0.463
1.26, 8.125, 2.35
1.539, 8.097, 2.736
2.384, 8.097, 3.892
1.57, 10.621, 2.437
0.44, 0.715, 0.278
1.386, 10.618, 2.443
1.205, 9.591, 2.016
0.825, 1.379, 0.727
1.358, 4.222, 1.666
2.282, 4.146, 1.698
0.604, 2.315, 0.845
0.983, 2.315, 0.99
2.33, 9.509, 3.77
2.171, 8.322, 2.572
1.047, 2.297, 1.271
1.308, 10.302, 2.175
2.872, 8.761, 4.129
1.073, 10.302, 1.853
1.01, 10.302, 1.843
0.773, 3.504, 1.003
0.904, 3.504, 1.135
1.011, 3.504, 1.395
1.122, 10.282, 2.38
1.277, 10.235, 2.592
0.495, 1.514, 0.469
0.288, 0.265, 0.138
0.498, 0.971, 0.546
2.945, 6.349, 3.278
1.212, 5.845, 1.569
0.27, 0.495, 0.248
1.069, 3.261, 1.541
1.123, 2.439, 1.039
0.994, 1.963, 0.932
1.344, 18.156, 2.424
1.29, 15.016, 2.215
0.389, 1.069, 0.359
0.494, 1.069, 0.507
0.292, 0.125, 0.069
1.326, 15.016, 2.256
1.33, 15.016, 2.264
1.189, 8.539, 2.138
0.371, 0.792, 0.227
0.406, 0.73, 0.244
0.377, 0.396, 0.21
1.254, 15.007, 2.93
2.365, 15.007, 5.156
3.268, 15.007, 6.588
0.651, 1.794, 0.57
0.598, 1.542, 0.473
0.565, 1.542, 0.533
0.564, 1.493, 0.508
0.828, 1.461, 0.742
0.94, 5.823, 1.521
0.231, 0.472, 0.149
0.205, 0.335, 0.103
0.204, 0.171, 0.086
1.337, 14.343, 2.119
0.714, 2.707, 1.008
0.5, 1.825, 0.764
1.381, 14.336, 2.172
0.408, 1.004, 0.314
0.342, 0.874, 0.282
0.363, 0.858, 0.308
0.512, 0.842, 0.421
2.119, 5.897, 2.436
0.717, 3.488, 0.806
0.777, 3.488, 0.88
0.752, 3.488, 1.065
0.514, 0.958, 0.491
1.4, 3.464, 1.901
0.84, 1.793, 0.668
1.157, 1.773, 0.925
0.99, 2.615, 1.194
0.91, 5.314, 1.334
0.523, 1.594, 0.497
0.574, 1.594, 0.56
0.935, 1.5, 0.758
1.841, 14.336, 2.644
1.842, 8.938, 2.243
2.107, 8.917, 2.523
2.399, 8.917, 2.864
2.622, 4.774, 2.403
0.94, 2.306, 1.281
1.768, 7.851, 2.211
1.412, 4.696, 1.495
1.188, 4.696, 1.456
0.993, 1.773, 0.888
0.58, 1.334, 0.711
1.77, 14.336, 2.734
1.705, 14.317, 2.713
1.83, 14.317, 2.828
1.964, 14.302, 3.308
2.246, 14.302, 3.579
1.776, 8.105, 2.256
2.273, 8.105, 2.467
2.656, 8.105, 2.946
2.393, 4.02, 2.065
1.755, 4.645, 1.955
2.346, 4.424, 2.214
0.492, 1.068, 0.561
3.007, 10.669, 4.609
1.679, 12.226, 2.957
3.229, 12.183, 6.031
1.396, 9.861, 2.309
1.445, 9.861, 2.573
1.606, 9.806, 3.212
2.649, 9.74, 4.19
1.908, 4.426, 1.998
0.789, 4.462, 0.942
0.31, 0.49, 0.225
0.647, 2.027, 0.978
0.982, 2.526, 1.177
0.518, 0.683, 0.351
0.455, 0.907, 0.35
0.72, 1.183, 0.526
1.423, 4.342, 2.091
1.581, 13.418, 2.4
0.787, 2.452, 0.852
1.073, 2.452, 1.143
1.724, 2.452, 1.385
1.707, 13.418, 2.541
1.88, 9.538, 2.694
1.502, 5.688, 1.945
0.744, 1.591, 0.845
1.91, 13.403, 3.636
0.543, 1.506, 0.532
0.451, 0.853, 0.353
0.895, 3.247, 1.056
0.596, 0.86, 0.355
1.3, 8.486, 2.135
1.164, 3.058, 1.27
1.59, 8.428, 2.719
1.932, 8.428, 3.04
2.529, 8.428, 3.504
1.843, 11.525, 2.547
3.374, 8.349, 4.003
1.469, 7.245, 2.131
2.443, 7.245, 3.315
1.265, 6.747, 1.877
1.261, 6.736, 2.475
0.206, 0.165, 0.093
1.722, 11.509, 2.399
1.401, 3.747, 1.097
1.533, 2.805, 1.191
1.075, 2.633, 0.86
1.313, 2.633, 1.245
2.149, 11.486, 3.207
2.277, 11.486, 3.386
2.416, 11.486, 3.603
1.642, 7.393, 2.648
0.275, 0.326, 0.118
5.509, 8.798, 4.724
1.196, 14.344, 2.073
0.391, 0.705, 0.296
0.999, 2.159, 0.755
2.057, 4.243, 1.676
2.984, 5.295, 2.648
0.911, 7.863, 1.535
0.471, 0.542, 0.306
0.405, 0.22, 0.114
0.334, 0.309, 0.171
1.876, 7.734, 2.868
3.051, 7.734, 3.543
0.616, 0.829, 0.417
0.537, 1.954, 0.586
0.632, 1.511, 0.626
0.329, 0.859, 0.297
0.194, 0.306, 0.127
1.096, 6.718, 1.595
1.817, 6.695, 2.828
0.739, 3.616, 0.981
0.554, 1.352, 0.487
0.35, 0.578, 0.25
1.553, 2.799, 1.4
1.08, 15.885, 2.766
1.917, 4.294, 2.009
0.671, 1.804, 0.859
0.52, 2.294, 0.727
0.402, 1.141, 0.479
0.84, 14.862, 2.329
1.427, 14.86, 3.554
0.733, 1.884, 0.889
2.106, 14.849, 4.861
0.185, 0.17, 0.079
0.431, 1.601, 0.485
0.396, 1.392, 0.456
0.405, 1.392, 0.594
0.481, 1.599, 0.565
0.326, 1.12, 0.482
0.768, 1.57, 0.761
0.823, 14.23, 1.853
0.407, 0.666, 0.266
1.842, 4.836, 1.941
1.051, 1.535, 0.804
0.45, 6.216, 0.852
0.217, 0.244, 0.14
0.228, 0.127, 0.071
0.174, 0.156, 0.085
1.121, 6.168, 2.117
1.995, 6.1, 2.9
0.513, 0.704, 0.355
0.321, 0.98, 0.31
0.273, 0.557, 0.235
0.286, 0.858, 0.284
0.206, 0.357, 0.15
0.409, 1.437, 0.397
0.42, 1.022, 0.427
0.359, 1.437, 0.414
0.294, 0.751, 0.274
0.181, 0.284, 0.123
0.75, 1.219, 0.615
3.503, 27.453, 5.494
2.342, 3.133, 1.494
0.275, 0.255, 0.12
1.463, 3.097, 1.384
0.485, 0.88, 0.41
0.483, 0.88, 0.41
4.46, 14.186, 4.242
6.178, 13.862, 5.847
0.867, 3.807, 1.072
0.317, 0.613, 0.209
0.357, 0.613, 0.24
4.471, 23.537, 6.338
4.651, 23.537, 6.449
3.112, 23.535, 5.938
3.78, 23.535, 6.489
0.675, 1.672, 0.762
0.28, 0.306, 0.17
0.767, 1.122, 0.615
9.352, 23.391, 9.045
6.457, 23.182, 6.906
5.724, 13.711, 5.006
5.387, 13.711, 4.941
8.529, 13.469, 7.016
7.284, 17.891, 6.729
8.679, 14.132, 5.67
2.019, 13.681, 3.518
2.021, 13.651, 3.781
2.483, 13.651, 4.119
2.884, 13.651, 4.655
4.078, 13.617, 5.385
7.13, 12.599, 6.412
9.653, 12.324, 6.191
1.407, 13.964, 2.162
0.565, 1.967, 0.578
0.376, 0.424, 0.207
0.49, 1.424, 0.432
1.908, 13.109, 4.297
1.514, 13.787, 3.935
2.69, 13.787, 5.543
2.163, 11.577, 3.443
0.427, 0.465, 0.206
2.155, 12.075, 3.498
0.413, 0.423, 0.187
1.824, 12.841, 2.893
2.087, 8.248, 2.714
2.271, 8.248, 3.533
2.818, 4.065, 2.197
1.767, 12.821, 3.001
1.811, 12.821, 3.05
1.905, 8.072, 2.746
2.678, 8.053, 3.63
0.36, 0.526, 0.259
1.562, 5.829, 2.249
2.171, 12.231, 4.486
2.774, 12.231, 5.347
1.628, 12.821, 2.997
1.455, 7.304, 2.332
2.481, 7.296, 3.134
0.252, 0.381, 0.165
0.55, 1.759, 0.677
2.115, 12.794, 4.748
2.787, 12.794, 5.642
2.35, 12.817, 3.413
3.411, 12.731, 5.362
1.823, 10.432, 2.889
2.023, 10.393, 3.204
2.647, 10.358, 3.643
3.56, 10.331, 4.563
1.774, 13.003, 2.975
3.305, 12.934, 5.488
1.206, 8.667, 2.043
1.278, 8.637, 2.261
1.662, 8.617, 2.605
2.237, 8.592, 3.317
1.192, 13.57, 1.805
1.285, 5.785, 1.814
1.494, 5.785, 2.447
1.369, 2.883, 1.514
1.166, 13.548, 1.783
1.165, 13.548, 1.787
1.019, 5.017, 1.462
1.38, 5.017, 2.111
0.945, 1.551, 0.753
1.173, 13.548, 1.807
2.333, 13.437, 4.592
4.173, 13.437, 6.335
0.659, 1.488, 0.524
0.776, 1.488, 0.687
0.646, 1.773, 0.59
0.794, 1.773, 0.797
0.579, 3.225, 0.739
0.643, 3.225, 0.837
0.675, 3.225, 0.908
0.417, 0.817, 0.323
0.465, 0.779, 0.394
0.463, 1.138, 0.349
0.65, 1.138, 0.513
1.241, 9.3, 1.943
1.389, 9.3, 2.123
1.763, 9.3, 2.631
3.023, 9.3, 4.282
0.668, 1.213, 0.588
1.104, 1.954, 0.92
0.685, 2.481, 0.712
0.874, 1.999, 0.787
0.613, 2.481, 0.764
0.219, 0.185, 0.077
1.519, 7.825, 1.983
1.53, 7.513, 1.78
3.053, 7.507, 2.975
1.005, 2.712, 0.902
1.275, 2.712, 1.225
1.015, 2.055, 0.88
1.342, 7.825, 2.519
0.194, 0.201, 0.078
1.059, 8.656, 1.633
0.927, 2.986, 0.904
1.072, 1.742, 0.714
0.958, 2.986, 1.082
1.02, 2.986, 1.385
0.988, 2.717, 1.108
1.326, 8.656, 2.794
0.192, 0.201, 0.079
1.377, 13.446, 1.966
1.347, 13.446, 1.95
1.562, 13.435, 2.33
1.909, 13.411, 3.044
3.464, 13.411, 5.741
1.264, 4.407, 1.467
1.791, 4.407, 1.968
1.154, 3.735, 1.566
1.299, 8.016, 1.823
2.42, 7.993, 3.282
0.964, 5.609, 1.357
2.062, 5.594, 2.327
0.613, 2.052, 0.692
0.812, 2.052, 0.929
0.628, 1.776, 0.725
0.899, 2.393, 0.85
1.238, 2.167, 1.0
0.714, 2.393, 0.743
0.968, 2.367, 0.911
0.685, 2.202, 0.77
0.854, 2.202, 0.998
0.666, 1.973, 0.809
2.249, 8.785, 3.066
2.707, 8.785, 3.581
0.764, 1.552, 0.628
0.756, 1.552, 0.614
0.944, 3.611, 0.934
1.929, 3.523, 1.531
0.679, 1.672, 0.558
0.827, 1.409, 0.561
0.624, 1.672, 0.671
2.256, 9.949, 3.161
1.426, 9.949, 2.453
1.647, 9.935, 2.838
1.77, 9.935, 3.37
0.658, 1.293, 0.578
2.151, 7.03, 2.815
1.678, 5.943, 2.538
1.25, 6.191, 2.067
1.597, 6.191, 2.654
1.249, 6.191, 2.068
1.597, 6.191, 2.654
1.248, 6.191, 2.069
1.596, 6.191, 2.655
1.232, 6.206, 2.082
1.573, 6.206, 2.677
1.231, 6.206, 2.083
1.573, 6.206, 2.677
1.244, 6.192, 2.07
1.596, 6.192, 2.655
1.243, 6.192, 2.07
1.596, 6.192, 2.655
1.228, 6.206, 2.084
1.572, 6.206, 2.677
1.435, 5.543, 1.544
1.459, 5.543, 1.65
1.571, 5.505, 1.747
1.065, 2.868, 1.086
0.862, 2.868, 1.237
1.171, 2.868, 1.637
1.643, 7.162, 1.911
1.496, 7.162, 2.124
1.87, 7.151, 2.516
2.615, 7.102, 3.282
1.036, 3.53, 0.989
0.977, 3.53, 1.063
1.111, 3.511, 1.161
1.085, 3.427, 1.147
0.927, 3.427, 1.481
1.276, 3.427, 1.977
1.464, 8.141, 2.028
1.484, 8.141, 2.28
1.922, 8.116, 2.711
2.599, 8.085, 3.787
2.352, 6.462, 2.673
2.287, 6.462, 2.905
1.515, 6.96, 2.338
1.822, 6.96, 2.98
1.501, 6.96, 2.336
1.822, 6.96, 2.981
1.455, 4.152, 1.345
1.396, 4.152, 1.48
1.581, 4.152, 1.709
1.263, 3.255, 1.139
1.164, 3.255, 1.186
1.241, 3.249, 1.322
0.995, 3.984, 1.072
0.907, 3.984, 1.113
1.041, 3.947, 1.28
0.6, 1.278, 0.572
0.871, 2.658, 0.903
0.791, 2.658, 0.926
0.903, 2.63, 1.04
0.664, 2.251, 0.958
1.69, 6.978, 2.268
1.92, 6.978, 2.926
1.574, 6.969, 2.275
1.898, 6.969, 2.935
1.547, 5.603, 1.921
1.47, 5.603, 2.099
1.279, 5.53, 2.001
0.246, 0.117, 0.061
0.917, 2.811, 0.938
0.849, 2.811, 0.947
0.936, 2.784, 1.027
1.034, 2.753, 1.589
0.673, 2.227, 0.835
1.512, 4.87, 1.622
1.611, 4.87, 1.944
2.95, 4.748, 2.456
1.454, 4.139, 1.365
1.422, 4.139, 1.543
1.635, 4.1, 1.787
0.395, 0.553, 0.249
1.208, 4.158, 1.266
1.177, 4.158, 1.433
1.475, 4.128, 1.707
0.392, 0.584, 0.257
1.51, 5.022, 1.383
1.485, 5.022, 1.519
1.811, 4.997, 1.695
1.294, 3.253, 1.292
0.919, 1.483, 0.754
1.27, 5.554, 1.603
1.261, 5.554, 1.869
1.949, 5.534, 2.546
1.737, 16.478, 3.462
0.603, 1.296, 0.616
0.572, 0.86, 0.341
0.542, 0.58, 0.318
1.669, 16.478, 3.661
2.439, 15.356, 5.087
3.506, 15.356, 6.712
2.438, 13.144, 5.307
1.334, 16.478, 2.96
1.356, 16.478, 3.064
2.507, 16.478, 5.682
3.786, 16.478, 7.144
0.815, 2.678, 0.786
0.864, 2.678, 0.815
0.794, 2.503, 0.753
0.71, 2.503, 0.809
0.312, 0.693, 0.269
0.517, 0.52, 0.368
4.113, 9.529, 4.94
1.607, 9.659, 2.367
1.352, 3.329, 1.522
0.705, 1.802, 0.567
0.997, 1.802, 0.751
1.903, 9.659, 3.082
2.199, 9.659, 3.494
3.548, 9.651, 4.325
0.875, 5.589, 1.221
0.548, 1.032, 0.516
0.193, 0.26, 0.121
0.652, 2.037, 0.981
0.982, 2.525, 1.177
0.524, 0.68, 0.351
0.459, 0.894, 0.347
0.724, 1.179, 0.525
1.416, 4.31, 2.075
1.187, 3.265, 1.331
0.954, 22.13, 2.061
0.248, 0.357, 0.182
0.303, 0.617, 0.224
0.322, 0.573, 0.26
0.272, 0.454, 0.238
0.664, 5.357, 1.022
0.468, 1.721, 0.497
0.331, 0.868, 0.301
0.382, 0.868, 0.341
0.218, 0.376, 0.192
0.48, 0.761, 0.288
0.482, 1.654, 0.68
0.594, 4.481, 1.064
0.414, 2.738, 0.888
0.542, 2.732, 1.092
1.013, 2.732, 1.521
0.485, 1.862, 0.707
0.619, 1.841, 0.822
0.957, 1.841, 0.993
0.581, 3.688, 1.094
0.758, 3.679, 1.256
1.095, 3.662, 1.768
0.585, 3.726, 1.093
0.735, 3.716, 1.266
1.104, 3.699, 1.787
0.587, 3.762, 1.104
0.738, 3.753, 1.278
1.113, 3.735, 1.805
0.59, 3.797, 1.114
0.742, 3.788, 1.29
1.122, 3.771, 1.822
0.37, 0.954, 0.291
0.384, 0.907, 0.341
0.147, 0.133, 0.069
1.104, 10.842, 2.214
0.673, 3.434, 0.81
0.64, 3.434, 0.864
0.461, 1.721, 0.543
0.215, 0.346, 0.125
1.456, 3.225, 1.75
1.07, 7.728, 1.768
0.659, 4.704, 0.973
0.754, 4.683, 1.343
0.928, 4.683, 1.564
0.222, 0.388, 0.199
0.511, 0.761, 0.287
0.482, 1.653, 0.68
0.621, 4.335, 0.922
0.375, 2.642, 0.862
0.526, 2.636, 1.051
0.959, 2.636, 1.483
0.485, 1.866, 0.708
0.619, 1.844, 0.823
0.958, 1.844, 0.994
0.552, 2.034, 0.652
0.725, 2.032, 0.692
0.918, 2.028, 0.877
0.548, 1.992, 0.622
0.692, 1.991, 0.673
0.908, 1.986, 0.859
1.16, 7.778, 2.353
1.655, 7.604, 3.025
0.34, 0.355, 0.201
1.642, 10.686, 3.111
0.553, 0.69, 0.276
3.704, 16.3, 7.135
0.659, 4.241, 1.054
0.728, 4.241, 1.236
0.66, 4.241, 1.385
0.771, 5.305, 1.25
0.485, 1.932, 0.525
0.52, 1.856, 0.602
0.955, 6.241, 1.687
0.782, 6.241, 1.413
0.838, 6.241, 1.54
0.597, 1.675, 0.669
0.214, 0.346, 0.124
2.399, 6.011, 3.358
0.956, 6.959, 1.656
0.543, 1.401, 0.433
0.247, 0.041, 0.02
2.289, 9.396, 3.792
0.447, 0.538, 0.254
0.412, 0.938, 0.37
0.504, 0.71, 0.359
3.903, 12.834, 6.109
0.758, 5.117, 1.213
0.662, 5.117, 1.047
0.768, 5.096, 1.472
0.955, 5.096, 1.716
0.224, 0.397, 0.204
0.51, 0.761, 0.287
0.481, 1.653, 0.68
0.559, 4.184, 0.885
0.277, 1.881, 0.613
0.384, 1.879, 0.748
0.694, 1.879, 1.053
0.488, 1.857, 0.705
0.617, 1.835, 0.82
0.955, 1.835, 0.991
0.545, 1.954, 0.633
0.715, 1.952, 0.671
0.898, 1.948, 0.842
1.126, 8.043, 1.788
0.854, 8.043, 1.714
0.601, 3.84, 1.115
0.753, 3.84, 1.295
0.224, 0.394, 0.202
0.479, 0.761, 0.288
0.481, 1.652, 0.68
0.771, 8.433, 1.771
0.204, 1.114, 0.357
0.272, 1.112, 0.432
0.47, 1.112, 0.59
0.486, 1.842, 0.702
0.614, 1.82, 0.816
0.951, 1.82, 0.986
1.459, 4.163, 1.473
1.131, 3.281, 1.519
0.67, 6.154, 1.188
0.195, 1.086, 0.35
0.263, 1.084, 0.423
0.461, 1.084, 0.575
0.483, 1.822, 0.697
0.611, 1.8, 0.811
0.946, 1.8, 0.98
0.546, 1.918, 0.626
0.713, 1.917, 0.663
0.889, 1.912, 0.826
1.793, 4.831, 2.784
4.821, 13.998, 6.459
0.89, 6.883, 1.561
0.708, 4.792, 1.123
0.568, 3.263, 0.942
0.698, 3.263, 1.092
0.223, 0.392, 0.201
0.479, 0.761, 0.288
0.481, 1.651, 0.679
1.162, 13.539, 2.508
0.263, 1.745, 0.567
0.361, 1.743, 0.692
0.649, 1.743, 0.975
0.481, 1.809, 0.695
0.609, 1.787, 0.808
0.942, 1.787, 0.976
1.749, 13.533, 3.572
2.194, 13.496, 3.945
3.1, 13.482, 4.81
4.434, 13.482, 6.344
1.432, 10.112, 2.08
0.491, 0.636, 0.268
1.454, 3.316, 1.422
1.015, 2.665, 0.933
0.966, 1.593, 0.803
1.51, 10.112, 2.245
1.889, 10.112, 3.478
2.689, 10.112, 4.339
1.487, 10.001, 2.024
1.736, 5.844, 1.728
1.607, 5.819, 2.271
1.446, 6.106, 2.381
1.015, 3.713, 1.083
1.101, 3.713, 1.272
0.56, 1.396, 0.529
2.532, 9.874, 3.753
0.997, 16.111, 1.82
0.296, 0.338, 0.159
0.445, 0.856, 0.412
0.446, 0.858, 0.412
0.666, 0.931, 0.475
1.444, 14.424, 2.977
1.708, 14.379, 3.91
0.837, 2.603, 1.086
3.124, 14.379, 6.368
1.098, 2.579, 1.03
1.213, 2.579, 1.176
1.102, 2.278, 1.093
1.709, 16.052, 4.046
3.52, 16.007, 7.06
0.711, 1.535, 0.603
0.786, 1.535, 0.692
0.864, 1.535, 0.797
1.584, 9.021, 2.368
3.313, 8.977, 3.569
0.647, 2.071, 0.676
0.695, 2.071, 0.788
0.868, 2.071, 0.946
1.434, 11.243, 2.794
1.024, 9.553, 2.098
0.617, 0.865, 0.352
0.842, 2.38, 0.965
2.327, 9.479, 4.102
0.712, 2.22, 0.721
0.67, 2.22, 0.912
0.834, 1.715, 0.704
1.021, 1.715, 0.726
0.362, 0.959, 0.328
0.204, 0.219, 0.124
0.754, 1.408, 0.508
1.314, 5.587, 1.473
1.056, 5.587, 1.684
1.558, 5.555, 2.074
0.466, 0.902, 0.475
0.509, 1.135, 0.389
0.35, 0.404, 0.186
0.344, 0.631, 0.226
0.25, 0.254, 0.136
0.504, 1.392, 0.433
0.424, 1.378, 0.401
0.412, 1.378, 0.413
0.217, 0.314, 0.157
0.418, 0.624, 0.34
0.242, 0.236, 0.119
0.519, 1.442, 0.491
0.588, 1.442, 0.529
0.465, 1.064, 0.485
0.517, 1.298, 0.511
0.62, 1.298, 0.554
0.71, 1.298, 0.657
0.711, 2.855, 0.76
0.745, 1.896, 0.767
0.984, 1.896, 1.007
0.654, 2.847, 0.748
0.716, 2.847, 0.788
0.755, 2.847, 0.841
0.78, 2.847, 0.933
0.958, 2.847, 1.323
1.829, 11.082, 2.608
1.399, 8.386, 1.953
0.583, 0.858, 0.357
1.722, 8.384, 2.346
1.778, 8.384, 2.505
0.632, 1.176, 0.481
0.841, 1.652, 0.826
0.779, 1.481, 0.613
1.043, 3.408, 1.146
0.916, 3.408, 1.166
0.939, 3.408, 1.468
0.419, 1.162, 0.375
0.335, 1.093, 0.334
0.331, 1.093, 0.387
0.468, 1.093, 0.484
0.925, 2.277, 0.724
0.704, 2.521, 0.804
0.63, 2.507, 1.092
1.478, 3.183, 1.179
1.002, 2.354, 0.961
0.679, 3.772, 0.843
0.481, 1.378, 0.431
0.422, 1.378, 0.413
0.214, 0.314, 0.158
0.418, 0.621, 0.339
0.241, 0.236, 0.119
0.692, 3.083, 0.795
0.874, 3.083, 1.029
1.182, 3.083, 1.439
0.513, 1.285, 0.509
0.617, 1.285, 0.551
0.705, 1.285, 0.654
0.677, 2.583, 0.701
0.697, 1.688, 0.707
0.912, 1.688, 0.922
0.632, 2.576, 0.69
0.691, 2.576, 0.726
0.726, 2.576, 0.773
0.74, 2.576, 0.845
0.887, 2.576, 1.191
1.21, 4.673, 1.306
1.049, 4.673, 1.363
0.347, 0.512, 0.218
0.837, 1.647, 0.824
1.108, 17.404, 2.744
0.395, 0.585, 0.267
0.473, 0.871, 0.407
2.346, 8.403, 3.523
0.353, 0.386, 0.203
0.443, 1.344, 0.402
0.524, 1.344, 0.57
0.666, 1.805, 0.576
0.402, 0.845, 0.27
0.284, 0.289, 0.145
1.528, 11.474, 3.361
0.338, 0.52, 0.203
2.869, 12.168, 5.297
0.422, 1.736, 0.377
0.413, 1.736, 0.412
0.305, 0.583, 0.172
0.33, 0.51, 0.223
1.376, 17.404, 3.709
0.406, 1.848, 0.477
0.425, 1.824, 0.571
0.252, 0.237, 0.088
0.293, 0.413, 0.292
1.616, 17.399, 4.614
0.481, 2.791, 0.89
0.169, 0.229, 0.086
0.217, 0.261, 0.184
1.624, 17.404, 4.613
0.478, 2.791, 0.892
0.165, 0.22, 0.083
0.293, 0.412, 0.291
2.91, 10.936, 4.473
4.255, 10.895, 5.108
0.592, 1.559, 0.574
0.536, 0.646, 0.334
1.128, 10.875, 1.726
0.209, 0.333, 0.161
0.201, 0.371, 0.171
1.263, 5.767, 1.686
0.59, 1.124, 0.488
1.718, 8.752, 2.689
1.948, 8.746, 3.863
1.765, 8.664, 2.536
2.226, 8.664, 2.798
3.619, 8.657, 3.7
0.638, 1.064, 0.478
0.303, 0.078, 0.055
1.151, 4.472, 1.312
2.119, 4.414, 1.819
0.641, 1.624, 0.608
0.567, 1.504, 0.584
1.327, 0.655, 0.463
1.122, 7.615, 1.634
0.642, 1.629, 0.56
0.614, 1.551, 0.541
0.612, 1.551, 0.559
0.625, 1.551, 0.617
0.626, 1.532, 0.834
1.211, 4.912, 1.381
0.682, 1.677, 0.638
0.713, 1.114, 0.557
0.504, 1.66, 0.559
0.174, 0.14, 0.075
2.187, 7.587, 2.922
1.161, 5.357, 1.533
0.818, 2.655, 0.902
1.114, 2.655, 1.06
0.954, 10.59, 1.386
0.812, 3.881, 1.005
0.604, 1.629, 0.61
0.728, 1.168, 0.604
0.19, 0.315, 0.159
1.122, 10.57, 1.996
1.959, 10.559, 2.846
3.756, 10.559, 4.689
1.192, 2.017, 0.89
0.742, 7.848, 1.476
1.466, 7.744, 2.44
0.676, 2.611, 1.029
0.377, 1.035, 0.336
0.356, 0.98, 0.304
0.384, 0.575, 0.247
0.348, 0.631, 0.277
0.866, 3.223, 0.754
0.594, 1.845, 0.605
0.781, 1.845, 0.816
0.804, 1.962, 0.623
1.158, 1.962, 0.739
0.669, 1.937, 0.595
0.746, 1.937, 0.687
0.91, 1.92, 0.747
0.745, 1.437, 0.636
1.392, 3.211, 1.139
1.313, 3.211, 1.206
0.757, 2.248, 0.776
0.801, 1.572, 0.85
0.381, 1.111, 0.434
8.487, 14.242, 6.154
9.621, 8.672, 6.132
1.833, 20.599, 3.083
1.253, 2.785, 1.461
0.672, 2.007, 0.781
2.37, 11.451, 3.306
1.711, 3.572, 1.453
1.126, 3.878, 1.176
0.672, 1.362, 0.577
1.185, 5.594, 1.73
0.436, 1.043, 0.453
2.322, 10.959, 3.144
1.557, 5.812, 2.257
1.772, 10.026, 3.712
1.31, 3.482, 1.259
0.781, 1.541, 0.568
1.421, 3.4, 1.361
0.647, 1.148, 0.441
2.067, 9.569, 3.024
2.214, 9.567, 4.151
0.997, 16.111, 1.82
0.296, 0.338, 0.159
0.445, 0.856, 0.412
0.446, 0.858, 0.412
0.666, 0.931, 0.475
1.444, 14.424, 2.977
1.708, 14.379, 3.91
0.837, 2.603, 1.086
3.124, 14.379, 6.368
1.098, 2.579, 1.03
1.213, 2.579, 1.176
1.102, 2.278, 1.093
1.709, 16.052, 4.046
3.52, 16.007, 7.06
0.711, 1.535, 0.603
0.786, 1.535, 0.692
0.864, 1.535, 0.797
1.584, 9.021, 2.368
3.313, 8.977, 3.569
0.647, 2.071, 0.676
0.695, 2.071, 0.788
0.868, 2.071, 0.946
1.434, 11.243, 2.794
1.024, 9.553, 2.098
0.617, 0.865, 0.352
0.842, 2.38, 0.965
2.327, 9.479, 4.102
0.712, 2.22, 0.721
0.67, 2.22, 0.912
0.834, 1.715, 0.704
1.021, 1.715, 0.726
0.362, 0.959, 0.328
0.204, 0.219, 0.124
0.754, 1.408, 0.508
1.314, 5.587, 1.473
1.056, 5.587, 1.684
1.558, 5.555, 2.074
0.466, 0.902, 0.475
0.509, 1.135, 0.389
0.35, 0.404, 0.186
0.344, 0.631, 0.226
0.25, 0.254, 0.136
0.504, 1.392, 0.433
0.424, 1.378, 0.401
0.412, 1.378, 0.413
0.217, 0.314, 0.157
0.418, 0.624, 0.34
0.242, 0.236, 0.119
0.519, 1.442, 0.491
0.588, 1.442, 0.529
0.465, 1.064, 0.485
0.517, 1.298, 0.511
0.62, 1.298, 0.554
0.71, 1.298, 0.657
0.711, 2.855, 0.76
0.745, 1.896, 0.767
0.984, 1.896, 1.007
0.654, 2.847, 0.748
0.716, 2.847, 0.788
0.755, 2.847, 0.841
0.78, 2.847, 0.933
0.958, 2.847, 1.323
1.829, 11.082, 2.608
1.399, 8.386, 1.953
0.583, 0.858, 0.357
1.722, 8.384, 2.346
1.778, 8.384, 2.505
0.632, 1.176, 0.481
0.841, 1.652, 0.826
0.779, 1.481, 0.613
1.043, 3.408, 1.146
0.916, 3.408, 1.166
0.939, 3.408, 1.468
0.419, 1.162, 0.375
0.335, 1.093, 0.334
0.331, 1.093, 0.387
0.468, 1.093, 0.484
0.925, 2.277, 0.724
0.704, 2.521, 0.804
0.63, 2.507, 1.092
1.478, 3.183, 1.179
1.002, 2.354, 0.961
0.679, 3.772, 0.843
0.481, 1.378, 0.431
0.422, 1.378, 0.413
0.214, 0.314, 0.158
0.418, 0.621, 0.339
0.241, 0.236, 0.119
0.692, 3.083, 0.795
0.874, 3.083, 1.029
1.182, 3.083, 1.439
0.513, 1.285, 0.509
0.617, 1.285, 0.551
0.705, 1.285, 0.654
0.677, 2.583, 0.701
0.697, 1.688, 0.707
0.912, 1.688, 0.922
0.632, 2.576, 0.69
0.691, 2.576, 0.726
0.726, 2.576, 0.773
0.74, 2.576, 0.845
0.887, 2.576, 1.191
1.21, 4.673, 1.306
1.049, 4.673, 1.363
0.347, 0.512, 0.218
0.837, 1.647, 0.824
1.643, 13.714, 2.499
0.293, 0.245, 0.108
0.457, 0.609, 0.267
1.844, 12.99, 2.752
1.153, 3.582, 1.215
1.402, 3.392, 1.44
1.177, 3.501, 1.516
2.334, 12.949, 3.439
2.041, 9.499, 2.644
0.983, 2.53, 0.954
0.921, 2.53, 1.139
4.212, 12.8, 5.969
1.731, 9.392, 2.025
1.923, 5.239, 1.974
1.773, 9.383, 2.145
1.817, 9.383, 2.233
2.074, 4.602, 1.976
1.744, 9.383, 2.47
1.892, 9.383, 2.649
2.029, 9.383, 3.087
3.374, 9.383, 4.139
1.735, 6.033, 1.976
0.79, 1.635, 0.613
0.901, 1.635, 0.682
3.083, 12.463, 5.383
0.713, 1.884, 0.566
0.765, 1.884, 0.827
1.734, 5.346, 2.117
1.039, 3.144, 1.347
1.212, 4.09, 1.429
0.67, 1.572, 0.865
0.3, 0.334, 0.133
1.342, 12.03, 1.92
0.225, 0.075, 0.035
0.781, 0.825, 0.396
0.965, 5.291, 1.21
1.11, 5.291, 1.389
1.074, 1.512, 0.625
1.637, 5.252, 2.502
1.948, 9.7, 2.734
1.088, 2.815, 1.102
2.77, 9.677, 3.536
3.538, 9.677, 3.831
0.766, 2.489, 0.861
0.318, 0.336, 0.189
1.403, 2.978, 1.054
1.911, 9.05, 2.567
1.558, 8.558, 2.135
1.038, 2.721, 1.088
1.442, 2.721, 1.248
2.778, 8.558, 3.962
1.601, 12.023, 3.023
0.895, 4.833, 1.387
1.04, 4.833, 1.741
1.618, 4.833, 2.235
1.051, 4.211, 1.331
1.083, 4.205, 1.813
1.009, 1.751, 0.672
0.773, 1.017, 0.459
0.747, 1.434, 0.53
0.518, 0.528, 0.287
1.132, 3.423, 1.017
0.952, 3.423, 0.98
0.914, 3.423, 1.01
0.464, 0.697, 0.349
0.833, 1.343, 0.7
0.52, 0.549, 0.275
0.76, 2.261, 0.734
0.907, 2.261, 0.834
0.745, 1.859, 0.84
0.71, 1.688, 0.698
0.844, 1.688, 0.76
0.932, 1.688, 0.878
1.115, 4.714, 1.234
1.28, 4.714, 1.577
1.921, 4.714, 2.233
0.953, 3.23, 0.947
1.037, 3.23, 0.994
1.069, 3.23, 1.048
1.069, 3.23, 1.144
1.362, 3.23, 1.489
2.765, 11.369, 3.559
2.822, 11.369, 3.893
0.76, 1.192, 0.507
2.309, 5.477, 2.858
4.741, 28.541, 6.28
1.81, 5.192, 2.401
2.706, 6.69, 2.508
5.313, 25.502, 7.563
2.644, 20.144, 5.573
0.579, 1.268, 0.506
0.303, 0.502, 0.262
6.198, 27.879, 7.049
5.522, 12.495, 4.539
6.867, 12.34, 6.404
3.762, 28.541, 5.868
2.653, 11.569, 3.454
6.635, 9.048, 4.593
1.741, 6.755, 2.219
2.356, 6.746, 2.683
0.724, 2.537, 0.928
1.168, 2.537, 1.052
6.428, 22.89, 6.804
7.088, 16.431, 7.674
7.133, 22.391, 7.27
8.224, 22.391, 8.01
9.646, 22.391, 9.241
1.455, 2.46, 1.249
1.157, 11.718, 1.967
0.411, 0.601, 0.287
0.816, 3.458, 0.978
0.746, 3.094, 0.946
0.692, 3.082, 0.861
0.403, 0.66, 0.226
1.39, 4.069, 1.691
1.007, 4.069, 1.541
1.16, 3.913, 1.904
0.554, 0.636, 0.319
1.72, 14.041, 2.845
1.227, 5.031, 1.655
0.276, 0.213, 0.082
1.341, 8.78, 2.564
0.508, 1.324, 0.542
1.388, 9.495, 2.687
0.758, 2.51, 0.995
1.61, 14.041, 2.713
1.473, 14.041, 2.506
1.113, 5.36, 1.253
1.103, 5.345, 1.233
1.255, 5.245, 1.457
0.843, 1.389, 0.692
1.753, 5.245, 1.94
0.733, 1.988, 0.621
0.578, 1.072, 0.498
0.907, 1.958, 0.788
6.196, 12.189, 6.594
2.984, 28.564, 4.082
2.131, 6.014, 2.673
3.5, 9.196, 4.225
3.197, 10.092, 4.075
1.222, 2.764, 1.005
0.987, 1.9, 0.883
1.807, 11.077, 2.754
1.683, 11.077, 2.767
0.782, 3.249, 1.075
1.176, 3.21, 1.468
3.859, 11.047, 5.118
0.628, 0.803, 0.359
5.223, 28.552, 7.741
3.863, 11.664, 4.605
4.115, 11.194, 6.294
3.886, 19.825, 4.443
2.408, 11.094, 3.485
2.647, 11.094, 4.788
3.13, 5.181, 2.518
4.114, 19.824, 4.582
4.195, 19.824, 4.611
5.14, 19.809, 6.413
2.934, 10.412, 4.327
9.217, 19.321, 8.368
4.065, 16.773, 4.253
6.21, 16.508, 6.564
3.927, 15.435, 3.998
4.572, 13.406, 4.519
5.06, 13.406, 6.02
5.574, 11.468, 4.719
4.366, 15.435, 4.844
4.645, 15.435, 5.017
5.334, 15.435, 5.479
5.619, 14.886, 6.314
6.563, 14.885, 7.941
2.996, 9.75, 2.791
3.431, 9.75, 3.181
2.706, 6.346, 2.686
5.51, 9.57, 4.061
2.618, 7.21, 2.602
2.594, 7.21, 2.863
1.855, 10.259, 2.589
2.116, 10.248, 3.261
2.866, 10.248, 4.258
1.664, 7.899, 2.257
1.743, 7.899, 2.481
1.699, 7.899, 2.65
2.011, 7.899, 3.365
1.751, 11.551, 2.477
1.458, 6.731, 2.154
2.218, 6.731, 2.736
1.86, 11.54, 2.677
1.962, 11.54, 2.776
2.041, 11.54, 2.898
2.211, 11.54, 3.111
1.502, 7.415, 2.341
2.066, 7.415, 3.094
3.439, 11.54, 4.719
0.833, 22.129, 2.225
0.257, 0.297, 0.152
0.343, 0.655, 0.252
0.731, 1.82, 0.661
0.753, 1.688, 0.692
0.423, 0.954, 0.312
0.312, 0.607, 0.254
0.657, 2.152, 0.666
0.308, 0.596, 0.249
0.829, 2.374, 0.712
0.528, 0.934, 0.366
0.446, 1.817, 0.655
0.525, 1.786, 0.474
0.372, 0.594, 0.216
0.606, 1.765, 0.592
0.297, 0.466, 0.185
0.768, 2.221, 0.761
0.518, 1.678, 0.686
0.776, 1.941, 0.715
0.515, 1.669, 0.682
1.218, 18.78, 2.122
0.262, 0.437, 0.232
0.541, 1.56, 0.484
0.327, 0.589, 0.249
0.276, 0.398, 0.2
0.947, 2.438, 0.985
0.331, 0.49, 0.222
0.842, 1.834, 0.617
0.706, 1.834, 0.721
0.465, 0.747, 0.378
0.567, 1.243, 0.517
0.407, 1.067, 0.502
0.916, 3.553, 0.983
0.641, 1.677, 0.566
0.789, 1.677, 0.652
2.484, 9.337, 3.954
0.75, 2.716, 0.848
0.642, 2.716, 0.913
0.846, 2.716, 1.145
2.0, 6.58, 2.774
0.921, 2.774, 0.856
0.596, 1.28, 0.446
0.634, 1.28, 0.472
1.053, 7.395, 1.546
0.986, 7.395, 1.597
0.776, 4.42, 1.3
0.964, 4.42, 1.504
0.255, 0.479, 0.249
0.522, 0.763, 0.292
0.486, 1.658, 0.681
1.912, 7.312, 2.575
1.574, 3.996, 1.75
1.003, 3.182, 0.981
0.935, 2.008, 0.811
1.054, 1.974, 0.927
1.085, 7.827, 2.137
0.398, 2.893, 0.947
0.561, 2.887, 1.157
1.036, 2.887, 1.633
0.533, 2.342, 0.787
0.681, 2.29, 0.916
1.042, 2.29, 1.125
1.085, 6.623, 1.981
1.49, 6.517, 2.547
0.387, 0.645, 0.354
1.148, 6.616, 1.861
0.379, 1.285, 0.412
0.481, 1.285, 0.482
0.929, 3.499, 1.49
0.477, 1.836, 0.588
0.413, 1.836, 0.62
0.557, 1.836, 0.775
0.468, 1.646, 0.696
1.652, 13.814, 2.552
2.092, 10.408, 3.374
2.957, 10.408, 4.513
1.86, 5.793, 2.747
1.584, 13.814, 2.458
1.603, 13.814, 2.487
1.248, 13.77, 2.657
1.675, 13.742, 3.868
0.297, 0.346, 0.15
0.617, 2.184, 0.79
0.272, 0.303, 0.143
2.026, 8.443, 2.605
2.051, 8.443, 2.757
1.518, 8.443, 2.34
2.078, 8.443, 2.734
3.197, 8.443, 3.694
1.793, 10.048, 2.308
1.155, 4.368, 1.309
0.852, 3.029, 0.88
1.099, 3.029, 0.978
1.526, 3.029, 1.245
4.081, 10.031, 4.352
1.48, 7.52, 2.36
0.641, 2.835, 0.932
0.833, 2.835, 1.121
0.749, 1.94, 0.827
1.653, 28.543, 5.069
0.246, 0.299, 0.15
0.9, 6.701, 1.611
0.37, 1.238, 0.399
0.486, 1.238, 0.573
0.162, 0.108, 0.044
0.914, 1.971, 0.741
1.135, 1.924, 0.867
1.764, 10.45, 2.47
0.345, 0.544, 0.275
2.304, 7.614, 2.884
1.642, 10.428, 2.448
1.484, 7.671, 2.456
0.498, 0.895, 0.464
1.624, 10.428, 2.489
0.587, 1.482, 0.452
0.545, 0.409, 0.211
1.955, 10.428, 2.831
1.853, 4.761, 2.187
2.062, 10.428, 3.073
2.086, 10.428, 3.183
3.248, 7.403, 3.868
2.194, 9.496, 3.501
3.689, 9.43, 4.188
2.327, 10.398, 3.769
3.921, 10.275, 4.528
4.952, 28.181, 6.311
1.163, 1.929, 0.965
2.352, 8.731, 4.292
4.826, 22.665, 7.405
5.546, 6.756, 3.496
5.903, 28.135, 6.909
6.92, 12.627, 6.321
2.191, 2.86, 1.586
4.737, 25.678, 5.703
5.356, 25.678, 5.902
5.156, 25.678, 6.198
6.119, 25.678, 7.957
2.51, 7.097, 3.181
3.516, 5.095, 2.343
10.897, 27.943, 11.093
17.419, 24.473, 10.388
2.308, 4.986, 2.572
1.159, 9.121, 1.866
0.337, 0.471, 0.206
1.278, 6.221, 1.791
0.971, 1.058, 0.529
1.806, 7.433, 2.851
0.247, 0.222, 0.112
0.844, 3.162, 1.034
0.24, 0.161, 0.06
0.757, 2.716, 0.895
0.677, 2.716, 0.901
0.998, 5.037, 1.453
1.106, 5.037, 1.602
1.428, 5.037, 1.924
2.203, 27.563, 4.214
1.822, 6.997, 2.473
1.273, 2.062, 1.034
2.401, 4.188, 1.814
0.483, 0.86, 0.405
0.475, 0.861, 0.406
1.056, 4.991, 1.584
0.231, 0.233, 0.124
0.866, 3.405, 0.921
0.68, 1.048, 0.468
1.212, 3.131, 1.486
3.035, 16.684, 4.592
0.744, 1.679, 0.727
6.323, 16.114, 7.532
3.109, 16.717, 4.653
0.768, 1.612, 0.713
6.308, 16.147, 7.544
2.777, 16.749, 4.64
0.696, 1.555, 0.67
6.296, 16.18, 7.557
1.42, 5.357, 2.135
0.734, 2.354, 1.106
1.46, 8.275, 1.812
1.317, 1.857, 0.778
1.089, 4.471, 1.33
0.971, 4.471, 1.322
0.527, 1.287, 0.375
0.618, 1.287, 0.512
0.447, 0.748, 0.318
3.733, 23.536, 4.623
0.589, 1.249, 0.641
3.837, 6.551, 2.76
2.027, 4.856, 2.07
1.716, 5.157, 1.768
1.091, 2.018, 0.836
2.409, 5.059, 1.891
6.947, 8.99, 2.893
8.062, 5.864, 2.28
1.188, 3.003, 1.114
0.969, 2.992, 1.42
1.793, 24.493, 3.886
0.337, 0.471, 0.206
1.278, 6.221, 1.791
0.971, 1.058, 0.529
1.806, 7.433, 2.851
0.247, 0.222, 0.112
0.844, 3.162, 1.034
0.24, 0.161, 0.06
0.757, 2.716, 0.895
0.677, 2.716, 0.901
4.903, 24.333, 8.207
5.743, 24.333, 8.93
4.267, 17.054, 6.638
1.696, 13.964, 2.673
0.549, 1.146, 0.509
0.495, 0.869, 0.385
3.203, 10.12, 4.085
1.218, 2.765, 0.999
0.987, 1.9, 0.883
1.807, 11.078, 2.754
1.683, 11.078, 2.767
0.782, 3.249, 1.075
1.176, 3.21, 1.468
3.859, 11.048, 5.118
0.628, 0.803, 0.359
1.298, 8.986, 2.626
0.353, 0.719, 0.273
1.501, 10.296, 2.735
1.899, 10.219, 4.15
1.463, 9.608, 2.351
1.593, 9.608, 2.496
1.626, 9.608, 2.667
1.627, 9.608, 3.072
2.477, 9.581, 4.075
2.481, 10.668, 3.383
1.301, 3.601, 2.072
1.163, 8.772, 2.372
0.23, 0.09, 0.047
2.77, 8.772, 4.143
1.442, 4.7, 1.968
0.909, 2.549, 0.962
1.957, 13.947, 3.221
3.235, 13.841, 6.048
2.39, 11.474, 3.515
2.86, 11.474, 3.821
1.316, 3.645, 2.091
1.556, 9.874, 2.551
1.708, 9.421, 2.632
0.786, 2.107, 1.201
3.257, 9.39, 3.812
1.436, 9.854, 2.771
0.682, 1.593, 0.868
3.135, 9.852, 4.647
1.702, 12.728, 2.906
1.516, 10.719, 3.151
2.79, 10.719, 4.579
0.457, 0.941, 0.418
1.787, 12.728, 2.95
1.821, 12.728, 3.021
2.74, 12.728, 4.069
2.936, 10.413, 4.327
3.5, 12.672, 5.298
1.315, 10.207, 2.22
2.277, 10.196, 3.949
0.805, 1.927, 0.695
1.02, 2.605, 1.005
1.825, 10.257, 2.495
2.115, 10.245, 3.261
2.869, 10.245, 4.257
1.555, 6.855, 1.966
1.612, 6.855, 2.161
1.544, 6.855, 2.265
1.827, 6.855, 2.893
1.685, 11.537, 2.358
1.417, 6.374, 2.047
2.15, 6.374, 2.588
1.778, 11.535, 2.546
1.873, 11.535, 2.642
1.945, 11.535, 2.758
2.101, 11.535, 2.962
1.264, 5.762, 1.834
1.829, 5.759, 2.363
3.436, 11.525, 4.713
1.608, 7.229, 2.533
1.003, 7.227, 2.113
1.735, 7.227, 3.139
2.289, 6.953, 2.944
2.827, 6.953, 3.277
1.102, 4.099, 1.36
0.27, 0.495, 0.248
1.048, 3.26, 1.552
0.885, 2.638, 0.962
0.941, 2.638, 1.109
6.371, 26.504, 6.666
2.601, 7.523, 2.986
6.722, 11.674, 4.988
2.536, 6.151, 2.393
0.971, 1.058, 0.529
7.603, 23.903, 8.699
9.205, 23.1, 10.183
8.866, 21.235, 9.754
10.645, 25.053, 8.23
6.227, 13.4, 4.686
8.087, 11.943, 5.293
7.663, 23.338, 8.632
12.359, 21.706, 10.198
5.979, 15.027, 5.478
8.661, 14.923, 6.599
10.041, 25.013, 11.527
5.539, 7.513, 4.173
3.769, 24.44, 4.843
10.21, 22.13, 8.415
2.052, 17.275, 4.193
0.431, 1.332, 0.381
0.492, 1.307, 0.459
0.798, 4.079, 1.038
0.468, 2.193, 0.612
0.569, 2.154, 0.758
5.438, 16.569, 5.363
5.754, 9.686, 4.43
6.373, 15.709, 5.558
8.294, 15.709, 8.174
3.435, 15.248, 4.094
0.908, 2.757, 1.29
3.618, 15.216, 4.264
2.918, 10.256, 3.543
3.085, 10.256, 4.862
3.977, 15.216, 4.543
3.311, 15.216, 4.449
4.154, 15.183, 5.087
5.508, 10.457, 4.522
2.492, 14.316, 4.332
2.811, 7.732, 3.47
7.654, 11.971, 4.388
4.863, 11.407, 6.005
2.168, 22.123, 4.59
0.344, 0.441, 0.228
0.889, 3.641, 1.457
1.974, 13.572, 4.38
3.616, 13.56, 6.662
2.293, 11.834, 3.306
3.689, 11.834, 5.523
1.667, 4.47, 1.985
1.405, 17.59, 2.571
1.185, 3.645, 1.36
1.226, 3.645, 1.674
0.466, 0.966, 0.364
1.267, 6.483, 1.769
0.987, 4.211, 1.191
0.289, 0.406, 0.172
0.763, 1.032, 0.428
1.787, 6.464, 1.953
1.637, 6.464, 2.105
0.941, 1.607, 0.807
0.971, 1.574, 0.61
0.93, 1.178, 0.482
1.101, 4.497, 1.392
0.986, 4.497, 1.233
0.569, 0.855, 0.34
0.576, 0.708, 0.409
1.465, 2.326, 0.922
0.852, 3.263, 0.879
0.825, 3.263, 1.064
1.473, 3.221, 1.664
2.134, 8.622, 3.273
1.724, 7.756, 3.434
2.678, 8.563, 3.781
3.625, 8.563, 4.185
1.962, 9.862, 2.821
1.387, 5.792, 1.873
0.889, 1.493, 0.75
1.247, 6.77, 1.774
0.554, 1.134, 0.419
0.75, 1.094, 0.574
1.13, 7.186, 1.871
0.553, 0.955, 0.359
0.685, 0.915, 0.506
2.306, 14.795, 4.311
0.755, 1.928, 0.79
1.143, 4.477, 1.519
1.004, 2.45, 1.121
0.807, 2.675, 0.747
0.768, 2.675, 0.856
1.288, 2.632, 1.336
1.205, 7.186, 1.858
0.586, 0.965, 0.366
0.71, 0.924, 0.526
1.114, 7.187, 1.873
0.543, 0.921, 0.354
0.677, 0.88, 0.498
1.529, 7.495, 2.122
1.094, 4.082, 1.365
1.775, 3.995, 2.117
1.276, 7.186, 1.908
0.803, 2.55, 0.813
0.674, 0.865, 0.496
1.097, 7.187, 1.878
0.54, 0.883, 0.357
0.653, 0.842, 0.478
1.097, 7.45, 2.307
0.395, 0.446, 0.187
0.493, 1.986, 0.438
0.502, 1.986, 0.447
0.671, 0.691, 0.313
0.701, 1.86, 0.915
0.786, 1.598, 0.657
0.786, 1.57, 0.671
0.463, 0.426, 0.233
0.322, 0.302, 0.141
0.342, 0.302, 0.136
0.321, 0.303, 0.142
0.321, 0.304, 0.142
0.342, 0.305, 0.137
0.286, 0.422, 0.217
0.719, 1.995, 0.828
0.569, 0.873, 0.312
0.589, 0.873, 0.338
0.636, 0.833, 0.465
1.56, 16.259, 3.574
1.795, 8.171, 3.627
1.532, 16.259, 3.863
2.078, 16.259, 5.041
0.26, 0.443, 0.166
0.929, 1.735, 0.757
1.636, 14.685, 3.952
0.491, 0.865, 0.346
0.622, 0.825, 0.454
1.618, 4.691, 1.984
1.816, 13.579, 3.825
1.207, 2.793, 1.184
1.48, 16.303, 3.425
0.989, 4.058, 1.779
1.597, 16.291, 3.99
2.332, 16.248, 5.301
0.553, 0.739, 0.392
0.723, 2.045, 0.831
1.941, 11.758, 3.228
1.184, 4.704, 1.564
1.987, 4.592, 2.462
2.183, 15.084, 3.9
2.572, 15.084, 5.23
4.808, 15.084, 7.097
2.025, 7.937, 2.808
2.541, 7.937, 3.256
1.379, 4.317, 1.56
0.984, 4.01, 1.317
0.493, 0.879, 0.448
0.966, 4.317, 1.201
0.603, 1.6, 0.526
0.482, 0.851, 0.433
1.429, 12.817, 3.192
0.925, 3.943, 1.288
1.685, 3.894, 2.05
2.499, 13.979, 4.333
0.566, 1.604, 0.788
1.88, 17.59, 3.266
1.863, 8.003, 2.53
1.954, 8.003, 2.775
1.897, 17.582, 3.528
1.885, 13.215, 3.272
0.906, 1.636, 0.562
0.759, 1.2, 0.601
2.284, 7.029, 2.665
2.563, 6.118, 2.718
1.843, 17.582, 4.587
0.673, 2.126, 0.901
3.067, 17.536, 6.446
4.116, 17.536, 7.583
3.126, 8.521, 3.463
0.451, 0.371, 0.195
1.501, 17.087, 2.933
0.51, 1.075, 0.547
0.767, 1.789, 0.809
1.95, 4.425, 2.08
0.77, 0.956, 0.458
0.278, 0.429, 0.149
0.264, 0.42, 0.168
1.72, 9.515, 2.648
0.713, 0.6, 0.247
2.097, 9.431, 3.656
1.398, 3.312, 1.295
0.688, 19.336, 1.766
0.257, 0.353, 0.177
0.367, 1.57, 0.386
0.367, 1.57, 0.442
0.435, 1.57, 0.546
0.238, 0.499, 0.268
0.285, 1.136, 0.316
0.346, 1.136, 0.412
0.252, 0.538, 0.297
0.67, 3.12, 0.923
0.85, 3.091, 1.532
0.523, 1.419, 0.656
0.685, 4.297, 1.078
0.876, 4.271, 1.472
1.341, 4.217, 1.752
0.439, 0.889, 0.44
0.714, 2.438, 0.815
0.42, 1.097, 0.471
0.451, 0.936, 0.521
0.631, 2.557, 0.766
0.802, 2.555, 0.995
1.335, 2.52, 1.047
0.36, 0.78, 0.361
0.503, 1.187, 0.422
0.406, 1.057, 0.423
0.671, 3.221, 0.95
0.917, 3.221, 1.571
0.708, 1.505, 0.755
0.636, 1.604, 0.637
0.468, 2.133, 0.59
0.741, 2.129, 0.897
0.363, 0.937, 0.434
1.295, 13.289, 2.086
0.288, 0.59, 0.268
0.203, 0.381, 0.176
1.225, 4.805, 1.508
0.394, 0.609, 0.286
0.923, 2.866, 0.905
0.625, 1.521, 0.664
1.482, 13.289, 2.387
1.376, 4.119, 1.668
0.918, 6.422, 1.32
0.745, 6.422, 1.486
0.341, 1.161, 0.359
0.175, 0.368, 0.15
0.345, 0.802, 0.34
1.064, 2.632, 0.998
1.154, 2.6, 1.103
1.974, 13.289, 3.085
1.906, 12.297, 3.534
3.797, 12.296, 5.787
0.75, 1.52, 0.655
2.145, 13.289, 3.033
1.8, 13.289, 3.193
4.2, 13.197, 6.129
1.033, 2.564, 0.978
0.845, 2.342, 0.915
2.275, 0.638, 0.451
3.684, 7.491, 2.834
2.672, 23.94, 4.084
0.345, 0.544, 0.275
3.304, 7.709, 3.064
2.646, 23.917, 4.417
1.484, 7.671, 2.456
0.498, 0.895, 0.464
2.95, 23.917, 4.855
0.587, 1.482, 0.452
0.545, 0.409, 0.211
3.885, 23.917, 5.539
1.853, 4.761, 2.187
4.611, 23.917, 6.091
4.847, 23.917, 6.346
5.828, 23.917, 6.875
1.538, 2.147, 1.214
0.277, 0.607, 0.348
8.78, 22.74, 8.26
3.898, 27.565, 4.82
3.599, 8.666, 3.957
6.249, 26.747, 8.244
3.742, 3.121, 1.747
4.745, 25.531, 5.488
3.471, 11.827, 3.931
3.35, 7.606, 2.764
5.055, 25.531, 5.773
5.176, 25.531, 5.85
5.989, 25.531, 8.241
4.564, 18.97, 8.155
7.726, 23.934, 10.086
5.022, 23.905, 5.132
5.237, 23.905, 5.19
6.2, 13.047, 5.722
5.435, 23.905, 5.74
5.27, 23.905, 6.216
4.469, 13.498, 4.083
5.631, 12.959, 5.068
6.921, 13.652, 5.588
4.726, 8.77, 4.019
5.72, 8.77, 4.439
2.774, 12.847, 3.444
3.891, 12.2, 3.738
4.323, 11.958, 4.288
6.39, 10.452, 5.061
3.932, 12.029, 3.88
4.067, 7.369, 3.157
3.582, 7.142, 3.574
2.274, 12.847, 3.26
2.334, 12.847, 3.321
1.772, 11.43, 3.193
2.621, 11.43, 4.965
1.458, 2.869, 1.216
2.571, 12.816, 3.479
2.719, 12.816, 3.55
5.537, 12.655, 5.4
2.198, 9.853, 2.967
2.895, 9.827, 3.374
3.834, 9.827, 3.817
4.962, 7.944, 3.578
0.69, 1.596, 0.748
7.9, 9.629, 4.824
1.421, 11.245, 2.21
0.624, 0.999, 0.446
0.613, 2.081, 0.56
0.599, 0.957, 0.363
0.698, 2.059, 0.69
0.809, 2.059, 0.755
0.99, 2.059, 0.84
2.413, 11.225, 3.239
1.661, 3.875, 1.815
1.152, 6.078, 1.669
1.24, 6.078, 1.81
1.029, 2.096, 0.99
1.032, 13.586, 1.659
0.716, 1.668, 0.772
0.201, 0.369, 0.17
0.871, 2.822, 0.894
1.327, 2.764, 1.227
0.6, 1.417, 0.536
0.534, 1.232, 0.515
1.223, 0.449, 0.317
0.703, 1.821, 0.63
0.586, 1.629, 0.557
0.587, 1.537, 0.531
0.605, 1.537, 0.552
0.619, 1.537, 0.612
0.62, 1.518, 0.827
0.608, 1.861, 0.55
0.376, 0.863, 0.3
0.334, 0.436, 0.219
1.449, 9.378, 3.04
0.704, 0.713, 0.391
0.802, 1.637, 0.759
0.572, 1.294, 0.52
0.579, 1.294, 0.561
0.788, 1.294, 0.635
1.103, 12.937, 1.603
2.398, 7.486, 3.026
0.939, 2.733, 0.728
0.821, 1.418, 0.591
0.844, 2.609, 0.721
0.879, 2.609, 0.76
0.99, 2.604, 0.827
1.223, 2.604, 1.166
1.149, 2.721, 0.931
1.064, 12.937, 1.688
2.282, 4.356, 1.792
0.955, 4.6, 0.94
0.939, 2.097, 0.873
0.807, 2.197, 0.646
0.832, 2.197, 0.664
0.927, 2.192, 0.714
1.085, 2.192, 0.986
1.384, 4.6, 1.655
0.998, 12.937, 1.918
0.891, 1.994, 0.851
0.675, 2.129, 0.628
0.762, 2.129, 0.728
0.935, 2.112, 0.801
1.095, 5.526, 1.785
0.657, 2.647, 1.035
1.206, 12.937, 2.719
1.222, 7.683, 2.354
0.584, 1.827, 0.664
0.478, 1.361, 0.387
0.446, 1.279, 0.397
0.387, 0.518, 0.201
0.313, 0.407, 0.169
0.921, 2.612, 1.0
1.162, 7.473, 2.603
0.274, 0.031, 0.017
1.298, 17.081, 3.01
0.414, 1.032, 0.564
0.312, 0.317, 0.148
0.78, 1.716, 0.774
0.701, 0.981, 0.437
0.333, 0.747, 0.225
0.268, 0.422, 0.17
0.717, 1.602, 0.591
0.418, 0.69, 0.301
0.59, 1.899, 0.688
0.994, 2.989, 0.941
0.602, 0.859, 0.342
1.663, 14.116, 3.494
0.707, 2.045, 0.868
1.944, 14.116, 3.869
2.064, 14.116, 4.002
2.124, 14.116, 4.164
1.945, 14.116, 3.928
2.417, 14.116, 4.419
1.789, 9.752, 3.149
2.53, 9.713, 4.139
3.799, 13.138, 6.379
1.189, 3.087, 1.148
0.98, 3.087, 1.465
1.432, 15.975, 2.359
0.306, 0.189, 0.082
1.309, 7.649, 1.702
1.457, 5.153, 1.875
2.05, 5.153, 2.361
1.448, 5.274, 1.8
1.839, 5.274, 1.938
1.615, 5.274, 2.12
1.813, 7.629, 2.883
3.052, 7.551, 3.439
1.192, 2.901, 1.089
1.208, 1.999, 0.842
1.242, 4.86, 1.572
1.356, 4.86, 1.691
2.33, 4.499, 2.25
0.132, 0.172, 0.097
1.485, 4.832, 2.013
1.375, 5.745, 1.796
1.646, 5.726, 2.046
0.363, 0.703, 0.271
1.088, 3.475, 1.32
0.27, 0.495, 0.248
1.059, 3.355, 1.598
0.889, 2.638, 0.957
0.932, 2.638, 1.113
1.445, 16.309, 2.763
0.497, 1.032, 0.523
0.191, 0.257, 0.12
0.651, 2.031, 0.978
0.981, 2.522, 1.177
0.522, 0.67, 0.348
0.458, 0.894, 0.347
0.723, 1.169, 0.522
1.412, 4.293, 2.066
1.014, 5.309, 1.514
0.46, 0.561, 0.225
1.274, 8.029, 2.274
0.766, 2.726, 0.971
0.234, 0.263, 0.132
1.65, 6.469, 2.49
0.956, 2.492, 1.03
1.444, 10.243, 2.611
0.519, 1.657, 0.699
2.081, 10.241, 3.471
2.47, 10.241, 4.001
1.612, 16.26, 3.039
3.543, 16.226, 7.158
1.262, 10.387, 1.973
1.214, 5.188, 1.632
2.068, 5.143, 2.223
1.281, 10.381, 2.209
1.841, 10.319, 3.551
3.322, 10.286, 4.85
0.917, 1.995, 0.684
0.955, 1.995, 0.756
1.132, 1.945, 0.826
2.386, 8.899, 3.513
2.94, 12.893, 5.672
0.599, 1.365, 0.567
1.106, 3.548, 1.145
1.142, 3.548, 1.292
1.33, 3.504, 1.385
1.528, 3.504, 1.516
1.24, 3.04, 1.747
1.591, 11.976, 3.361
0.42, 0.595, 0.282
0.733, 2.906, 0.9
0.618, 2.906, 0.976
0.288, 0.415, 0.209
2.217, 13.467, 3.938
2.425, 13.467, 4.296
3.765, 13.464, 5.63
2.065, 12.685, 4.357
3.583, 12.685, 6.155
2.254, 10.587, 3.831
2.983, 10.587, 4.436
2.034, 13.392, 4.13
2.165, 13.392, 4.412
3.371, 13.392, 5.775
1.946, 13.124, 4.544
3.512, 13.124, 6.445
2.159, 11.82, 4.33
2.875, 11.82, 5.087
0.865, 11.608, 1.82
0.355, 0.299, 0.144
0.859, 1.25, 0.529
0.447, 1.291, 0.417
0.372, 0.897, 0.386
0.562, 1.291, 0.531
0.751, 1.291, 0.649
1.825, 11.48, 3.737
0.573, 0.962, 0.454
0.469, 0.881, 0.332
0.515, 0.766, 0.332
0.466, 0.888, 0.348
0.353, 0.27, 0.155
0.788, 4.427, 1.015
0.189, 0.254, 0.119
0.646, 2.023, 0.976
0.981, 2.525, 1.177
0.516, 0.678, 0.351
0.455, 0.906, 0.35
0.719, 1.18, 0.525
1.415, 4.306, 2.073
1.809, 20.599, 3.053
1.253, 2.785, 1.461
0.672, 2.007, 0.78
2.319, 11.274, 3.243
1.632, 3.205, 1.304
1.1, 3.787, 1.146
0.67, 1.357, 0.575
1.163, 5.393, 1.666
0.435, 1.039, 0.452
2.307, 10.879, 3.124
1.556, 5.81, 2.256
1.714, 9.626, 3.562
1.286, 3.387, 1.227
0.773, 1.541, 0.566
1.398, 3.354, 1.336
0.641, 1.123, 0.433
2.057, 9.561, 3.014
2.212, 9.559, 4.148
1.554, 13.951, 2.485
0.426, 0.677, 0.286
1.67, 3.413, 1.51
0.905, 1.974, 0.78
0.643, 0.711, 0.397
1.557, 10.026, 2.321
1.877, 10.026, 3.442
2.67, 10.026, 4.292
1.548, 9.782, 2.14
1.989, 6.684, 2.195
1.732, 6.659, 2.604
1.422, 5.919, 2.319
0.987, 3.714, 1.075
1.036, 3.714, 1.257
0.564, 1.16, 0.431
2.49, 9.655, 3.665
1.407, 13.964, 2.162
0.565, 1.967, 0.578
0.376, 0.424, 0.207
0.49, 1.424, 0.432
1.908, 13.109, 4.297
1.514, 13.787, 3.935
2.69, 13.787, 5.543
2.163, 11.577, 3.443
0.427, 0.465, 0.206
2.155, 12.075, 3.498
0.413, 0.423, 0.187
1.824, 12.841, 2.893
2.087, 8.248, 2.714
2.271, 8.248, 3.533
2.818, 4.065, 2.197
1.767, 12.821, 3.001
1.811, 12.821, 3.05
1.905, 8.072, 2.746
2.678, 8.053, 3.63
0.36, 0.526, 0.259
1.562, 5.829, 2.249
2.171, 12.231, 4.486
2.774, 12.231, 5.347
1.628, 12.821, 2.997
1.455, 7.304, 2.332
2.481, 7.296, 3.134
0.252, 0.381, 0.165
0.55, 1.759, 0.677
2.115, 12.794, 4.748
2.787, 12.794, 5.642
2.35, 12.817, 3.413
3.411, 12.731, 5.362
1.823, 10.432, 2.889
2.023, 10.393, 3.204
2.647, 10.358, 3.643
3.56, 10.331, 4.563
1.774, 13.003, 2.975
3.305, 12.934, 5.488
1.206, 8.667, 2.043
1.278, 8.637, 2.261
1.662, 8.617, 2.605
2.237, 8.592, 3.317
1.192, 13.57, 1.805
1.285, 5.785, 1.814
1.494, 5.785, 2.447
1.369, 2.883, 1.514
1.166, 13.548, 1.783
1.165, 13.548, 1.787
1.019, 5.017, 1.462
1.38, 5.017, 2.111
0.945, 1.551, 0.753
1.173, 13.548, 1.807
2.333, 13.437, 4.592
4.173, 13.437, 6.335
0.659, 1.488, 0.524
0.776, 1.488, 0.687
0.646, 1.773, 0.59
0.794, 1.773, 0.797
0.579, 3.225, 0.739
0.643, 3.225, 0.837
0.675, 3.225, 0.908
0.417, 0.817, 0.323
0.465, 0.779, 0.394
0.463, 1.138, 0.349
0.65, 1.138, 0.513
1.241, 9.3, 1.943
1.389, 9.3, 2.123
1.763, 9.3, 2.631
3.023, 9.3, 4.282
0.668, 1.213, 0.588
1.104, 1.954, 0.92
0.685, 2.481, 0.712
0.874, 1.999, 0.787
0.613, 2.481, 0.764
0.219, 0.185, 0.077
1.519, 7.825, 1.983
1.53, 7.513, 1.78
3.053, 7.507, 2.975
1.005, 2.712, 0.902
1.275, 2.712, 1.225
1.015, 2.055, 0.88
1.342, 7.825, 2.519
0.194, 0.201, 0.078
1.059, 8.656, 1.633
0.927, 2.986, 0.904
1.072, 1.742, 0.714
0.958, 2.986, 1.082
1.02, 2.986, 1.385
0.988, 2.717, 1.108
1.326, 8.656, 2.794
0.192, 0.201, 0.079
1.377, 13.446, 1.966
1.347, 13.446, 1.95
1.562, 13.435, 2.33
1.909, 13.411, 3.044
3.464, 13.411, 5.741
1.264, 4.407, 1.467
1.791, 4.407, 1.968
1.154, 3.735, 1.566
1.299, 8.016, 1.823
2.42, 7.993, 3.282
0.964, 5.609, 1.357
2.062, 5.594, 2.327
0.613, 2.052, 0.692
0.812, 2.052, 0.929
0.628, 1.776, 0.725
0.899, 2.393, 0.85
1.238, 2.167, 1.0
0.714, 2.393, 0.743
0.968, 2.367, 0.911
0.685, 2.202, 0.77
0.854, 2.202, 0.998
0.666, 1.973, 0.809
2.249, 8.785, 3.066
2.707, 8.785, 3.581
0.764, 1.552, 0.628
0.756, 1.552, 0.614
0.944, 3.611, 0.934
1.929, 3.523, 1.531
0.679, 1.672, 0.558
0.827, 1.409, 0.561
0.624, 1.672, 0.671
2.256, 9.949, 3.161
1.426, 9.949, 2.453
1.647, 9.935, 2.838
1.77, 9.935, 3.37
0.658, 1.293, 0.578
2.151, 7.03, 2.815
1.678, 5.943, 2.538
1.25, 6.191, 2.067
1.597, 6.191, 2.654
1.249, 6.191, 2.068
1.597, 6.191, 2.654
1.248, 6.191, 2.069
1.596, 6.191, 2.655
1.232, 6.206, 2.082
1.573, 6.206, 2.677
1.231, 6.206, 2.083
1.573, 6.206, 2.677
1.244, 6.192, 2.07
1.596, 6.192, 2.655
1.243, 6.192, 2.07
1.596, 6.192, 2.655
1.228, 6.206, 2.084
1.572, 6.206, 2.677
1.435, 5.543, 1.544
1.459, 5.543, 1.65
1.571, 5.505, 1.747
1.065, 2.868, 1.086
0.862, 2.868, 1.237
1.171, 2.868, 1.637
1.643, 7.162, 1.911
1.496, 7.162, 2.124
1.87, 7.151, 2.516
2.615, 7.102, 3.282
1.036, 3.53, 0.989
0.977, 3.53, 1.063
1.111, 3.511, 1.161
1.085, 3.427, 1.147
0.927, 3.427, 1.481
1.276, 3.427, 1.977
1.464, 8.141, 2.028
1.484, 8.141, 2.28
1.922, 8.116, 2.711
2.599, 8.085, 3.787
2.352, 6.462, 2.673
2.287, 6.462, 2.905
1.515, 6.96, 2.338
1.822, 6.96, 2.98
1.501, 6.96, 2.336
1.822, 6.96, 2.981
1.455, 4.152, 1.345
1.396, 4.152, 1.48
1.581, 4.152, 1.709
1.263, 3.255, 1.139
1.164, 3.255, 1.186
1.241, 3.249, 1.322
0.995, 3.984, 1.072
0.907, 3.984, 1.113
1.041, 3.947, 1.28
0.6, 1.278, 0.572
0.871, 2.658, 0.903
0.791, 2.658, 0.926
0.903, 2.63, 1.04
0.664, 2.251, 0.958
1.69, 6.978, 2.268
1.92, 6.978, 2.926
1.574, 6.969, 2.275
1.898, 6.969, 2.935
1.547, 5.603, 1.921
1.47, 5.603, 2.099
1.279, 5.53, 2.001
0.246, 0.117, 0.061
0.917, 2.811, 0.938
0.849, 2.811, 0.947
0.936, 2.784, 1.027
1.034, 2.753, 1.589
0.673, 2.227, 0.835
1.512, 4.87, 1.622
1.611, 4.87, 1.944
2.95, 4.748, 2.456
1.454, 4.139, 1.365
1.422, 4.139, 1.543
1.635, 4.1, 1.787
0.395, 0.553, 0.249
1.208, 4.158, 1.266
1.177, 4.158, 1.433
1.475, 4.128, 1.707
0.392, 0.584, 0.257
1.51, 5.022, 1.383
1.485, 5.022, 1.519
1.811, 4.997, 1.695
1.294, 3.253, 1.292
0.919, 1.483, 0.754
1.27, 5.554, 1.603
1.261, 5.554, 1.869
1.949, 5.534, 2.546
1.343, 9.483, 1.751
0.173, 0.261, 0.118
0.296, 0.606, 0.279
1.452, 9.483, 1.838
1.83, 4.156, 2.185
1.393, 9.476, 1.881
1.394, 3.177, 1.353
0.971, 3.863, 1.195
0.605, 2.168, 0.762
0.279, 0.767, 0.315
0.369, 0.902, 0.38
1.094, 7.019, 1.9
1.292, 6.988, 2.413
2.228, 6.958, 3.35
1.916, 9.432, 2.511
1.792, 9.432, 2.353
1.999, 9.432, 2.513
1.938, 9.432, 2.828
1.542, 3.959, 2.184
1.225, 2.719, 1.263
1.198, 2.654, 1.053
1.689, 4.744, 1.613
1.768, 4.744, 1.885
0.712, 19.336, 1.79
0.252, 0.338, 0.169
0.363, 1.561, 0.383
0.362, 1.561, 0.439
0.433, 1.561, 0.543
0.235, 0.494, 0.265
0.284, 1.136, 0.315
0.345, 1.136, 0.412
0.251, 0.533, 0.295
0.775, 5.119, 1.261
1.021, 5.094, 1.748
1.579, 5.042, 2.077
0.437, 0.882, 0.437
0.69, 2.814, 0.927
0.779, 2.785, 1.375
0.508, 1.367, 0.631
0.826, 4.016, 1.155
0.413, 1.098, 0.462
0.436, 0.892, 0.495
0.624, 2.481, 0.751
0.789, 2.479, 0.971
1.312, 2.444, 1.016
0.358, 0.773, 0.358
0.506, 1.166, 0.422
0.405, 1.054, 0.422
0.642, 3.024, 0.89
0.868, 3.024, 1.473
0.669, 1.391, 0.706
0.654, 1.72, 0.677
0.527, 1.89, 0.573
0.759, 1.886, 0.851
0.35, 0.885, 0.409
1.396, 14.553, 2.233
0.81, 2.496, 0.774
0.859, 2.454, 0.897
1.108, 2.454, 1.031
1.918, 6.305, 2.307
0.99, 0.991, 0.496
1.85, 5.983, 2.572
0.824, 1.982, 0.759
0.64, 2.146, 0.745
0.622, 1.946, 0.575
0.553, 1.056, 0.364
0.394, 0.345, 0.161
1.211, 4.219, 1.406
1.694, 4.216, 1.894
1.347, 7.919, 2.226
0.52, 1.465, 0.561
1.559, 10.534, 2.414
1.251, 7.927, 2.291
0.404, 0.72, 0.29
0.509, 0.68, 0.368
2.588, 10.463, 3.509
2.783, 10.463, 3.914
3.537, 10.463, 4.502
1.396, 9.66, 2.17
1.776, 9.66, 2.573
2.25, 9.621, 3.789
1.746, 4.301, 2.322
2.366, 6.591, 3.738
1.561, 4.047, 1.817
0.683, 2.049, 0.733
0.812, 2.049, 0.793
1.025, 2.049, 0.862
1.671, 21.594, 3.669
0.461, 0.459, 0.231
0.869, 3.654, 1.475
1.775, 12.357, 4.006
3.354, 12.355, 6.038
1.937, 4.103, 1.879
0.483, 1.713, 0.529
0.604, 1.712, 0.78
1.834, 7.888, 2.402
2.603, 7.888, 3.615
1.546, 4.69, 2.201
1.11, 12.217, 1.855
0.994, 2.134, 1.095
0.674, 2.443, 0.805
0.405, 0.774, 0.365
0.649, 1.57, 0.549
0.688, 1.57, 0.596
1.279, 12.162, 2.375
0.626, 1.512, 0.619
0.998, 7.213, 1.742
1.044, 7.213, 1.828
1.178, 7.213, 1.97
1.298, 7.213, 2.162
0.476, 1.075, 0.35
0.443, 0.717, 0.288
2.317, 12.156, 3.963
2.613, 12.156, 4.504
4.249, 12.102, 5.665
2.089, 3.618, 1.836
0.657, 4.117, 1.016
0.276, 0.211, 0.087
0.708, 2.241, 0.811
0.477, 0.862, 0.493
0.248, 0.196, 0.085
0.228, 0.046, 0.033
