1,2
1,3
3,4
4,5
6,7
6,8
9,10
9,11
9,14
9,15
9,17
9,19
9,21
9,23
11,12
12,13
15,16
17,18
19,20
21,22
23,24
25,26
25,29
26,27
27,28
30,31
30,34
30,37
30,38
31,32
32,33
34,35
35,36
39,40
39,41
39,42
39,46
39,48
42,43
42,45
43,44
46,47
48,49
49,50
51,52
51,53
53,54
54,55
56,57
56,58
56,59
56,64
56,66
59,60
59,62
60,61
62,63
64,65
66,67
67,68
69,70
69,71
69,73
69,75
71,72
73,74
75,76
75,81
76,77
76,78
78,79
79,80
81,82
81,85
81,88
81,90
81,92
81,93
82,83
83,84
85,86
86,87
88,89
90,91
94,95
94,96
94,97
94,102
94,104
94,105
97,98
97,100
98,99
100,101
102,103
105,106
106,107
108,109
108,110
108,113
108,115
108,117
108,119
108,122
108,125
108,127
108,136
108,138
108,143
108,148
110,111
111,112
113,114
115,116
117,118
119,120
120,121
122,123
123,124
125,126
127,128
127,130
127,131
127,133
127,134
127,135
128,129
131,132
136,137
138,139
138,140
140,141
141,142
143,144
143,145
145,146
146,147
149,150
149,151
149,154
151,152
152,153
154,155
154,157
155,156
157,158
158,159
159,160
160,161
160,164
161,162
162,163
164,165
166,167
166,168
166,169
166,174
166,176
166,177
169,170
169,172
170,171
172,173
174,175
177,178
178,179
179,180
181,182
183,184
184,185
185,186
185,187
188,189
188,190
188,191
192,193
192,194
192,195
192,200
192,202
195,196
195,198
196,197
198,199
200,201
202,203
203,204
205,206
205,207
208,209
210,211
210,212
210,215
210,216
210,219
210,220
210,221
210,224
210,227
210,228
212,213
213,214
216,217
217,218
221,222
222,223
224,225
225,226
228,229
229,230
231,232
231,233
231,234
231,239
231,241
234,235
234,237
235,236
237,238
239,240
241,242
243,244
243,245
243,247
243,248
243,250
243,251
245,246
248,249
252,253
252,254
255,256
255,257
255,260
255,261
257,258
258,259
262,263
262,264
265,266
265,267
265,268
265,269
265,273
265,284
265,286
265,288
265,289
269,270
269,271
271,272
273,274
273,276
274,275
276,277
276,279
277,278
279,280
279,281
281,282
282,283
284,285
286,287
290,291
290,292
290,293
290,294
290,295
290,296
290,299
290,305
290,310
290,311
290,313
290,315
290,316
290,317
290,382
290,383
290,385
296,297
297,298
299,300
299,302
300,301
302,303
303,304
305,306
305,309
306,307
307,308
311,312
313,314
317,318
317,321
318,319
319,320
321,322
321,325
321,327
321,329
321,336
322,323
322,324
325,326
327,328
329,330
329,331
331,332
331,334
332,333
334,335
336,337
336,360
336,379
337,338
338,339
338,359
339,340
339,341
341,342
341,343
341,344
341,358
344,345
344,348
345,346
346,347
348,349
348,350
348,357
350,351
350,352
350,355
352,353
353,354
355,356
360,361
361,362
361,378
362,363
362,364
362,366
364,365
366,367
366,368
368,369
369,370
369,375
370,371
370,373
371,372
373,374
375,376
376,377
379,380
380,381
383,384
385,386
387,388
387,389
387,390
387,391
387,396
387,401
387,403
391,392
391,394
392,393
394,395
396,397
396,398
398,399
399,400
401,402
403,404
404,405
406,407
406,408
406,409
406,413
406,415
406,418
406,423
409,410
409,412
410,411
413,414
415,416
416,417
418,419
418,421
419,420
421,422
424,425
424,426
424,427
424,429
427,428
429,430
430,431
432,433
432,434
432,436
432,438
432,446
432,448
432,452
432,457
434,435
436,437
438,439
438,444
439,440
439,443
440,441
440,442
444,445
446,447
448,449
448,450
450,451
452,453
452,454
454,455
454,456
457,458
457,463
457,485
457,490
457,495
457,500
457,505
457,510
457,515
457,520
457,531
458,459
458,461
458,462
459,460
463,464
463,484
464,465
464,466
464,471
464,476
464,481
466,467
466,469
466,470
467,468
471,472
471,474
471,475
472,473
476,477
476,479
476,480
477,478
481,482
482,483
485,486
485,488
485,489
486,487
490,491
490,493
490,494
491,492
495,496
495,498
495,499
496,497
500,501
500,503
500,504
501,502
505,506
505,508
505,509
506,507
510,511
510,513
510,514
511,512
515,516
515,518
515,519
516,517
520,521
520,522
520,523
520,528
520,529
520,530
523,524
523,526
524,525
526,527
531,532
532,533
533,534
535,536
535,537
535,538
535,543
535,545
538,539
538,541
539,540
541,542
543,544
545,546
546,547
548,549
548,550
548,551
548,552
548,553
548,554
548,557
548,563
548,568
548,569
548,571
548,573
548,574
548,575
548,628
548,629
548,631
554,555
555,556
557,558
557,560
558,559
560,561
561,562
563,564
563,567
564,565
565,566
569,570
571,572
575,576
575,579
576,577
577,578
579,580
579,583
579,585
579,587
579,594
580,581
580,582
583,584
585,586
587,588
587,589
589,590
589,592
590,591
592,593
594,595
594,618
594,625
595,596
596,597
596,617
597,598
597,599
599,600
599,601
599,602
599,616
602,603
602,606
603,604
604,605
606,607
606,608
606,615
608,609
608,610
608,613
610,611
611,612
613,614
618,619
619,620
619,624
620,621
620,622
622,623
625,626
626,627
629,630
631,632
633,634
633,635
633,637
633,639
635,636
637,638
639,640
639,642
640,641
642,643
643,644
644,645
645,646
645,649
646,647
647,648
649,650
651,652
651,653
651,654
651,656
651,669
654,655
656,657
656,658
658,659
658,661
658,663
658,665
658,667
659,660
661,662
663,664
665,666
667,668
670,671
670,672
672,673
672,676
673,674
674,675
676,677
677,678
677,679
677,694
679,680
680,681
680,683
681,682
683,684
683,685
683,687
685,686
687,688
687,689
689,690
689,692
689,693
690,691
694,695
694,696
694,716
696,697
696,699
697,698
699,700
699,703
700,701
700,702
703,704
704,705
704,707
705,706
707,708
707,710
707,713
707,714
707,715
708,709
710,711
711,712
716,717
717,718
719,720
719,721
719,722
719,727
719,729
719,730
722,723
722,725
723,724
725,726
727,728
730,731
731,732
733,734
733,735
733,737
735,736
737,738
739,740
739,741
739,742
739,744
739,748
742,743
744,745
744,746
746,747
748,749
750,751
750,752
750,753
750,755
750,801
750,803
753,754
755,756
755,759
755,797
756,757
756,758
759,760
759,761
759,762
759,772
759,775
759,777
762,763
762,764
762,765
762,769
765,766
765,767
767,768
769,770
769,771
772,773
773,774
775,776
777,778
777,782
778,779
778,781
779,780
782,783
782,785
783,784
785,786
785,787
785,793
787,788
788,789
788,791
789,790
791,792
793,794
794,795
795,796
797,798
798,799
799,800
801,802
803,804
805,806
805,807
805,808
805,818
808,809
808,811
809,810
811,812
812,813
813,814
814,815
815,816
816,817
819,820
819,825
819,830
819,943
820,821
820,823
821,822
823,824
825,826
826,827
826,828
826,829
830,831
830,833
830,837
830,894
830,906
830,912
830,918
830,937
831,832
833,834
833,835
833,836
837,838
837,893
838,839
838,840
838,844
840,841
840,842
840,843
844,845
844,846
844,886
846,847
846,849
846,851
847,848
849,850
851,852
851,853
851,871
853,854
853,856
853,858
853,859
854,855
856,857
859,860
859,865
859,867
860,861
860,863
861,862
863,864
865,866
867,868
867,870
868,869
871,872
871,875
872,873
873,874
875,876
875,879
875,882
876,877
876,878
879,880
879,881
882,883
882,885
883,884
886,887
886,889
886,891
886,892
887,888
889,890
894,895
894,896
894,903
894,904
894,905
896,897
896,898
896,900
898,899
900,901
901,902
906,907
906,909
906,910
906,911
907,908
912,913
912,915
912,916
912,917
913,914
918,919
918,921
918,933
918,935
918,936
919,920
921,922
921,925
922,923
922,924
925,926
925,932
926,927
927,928
928,929
929,930
930,931
933,934
937,938
937,940
937,941
937,942
938,939
944,945
944,946
944,947
944,952
944,954
947,948
947,950
948,949
950,951
952,953
954,955
957,958
957,959
957,960
957,977
960,961
960,964
960,971
961,962
962,963
964,965
964,966
964,968
966,967
968,969
969,970
971,972
971,973
971,975
973,974
975,976
978,979
978,980
978,981
978,983
978,987
978,988
978,1062
981,982
983,984
983,985
985,986
988,989
988,990
988,1004
988,1022
988,1047
990,991
990,994
990,1002
990,1003
991,992
991,993
994,995
994,996
996,997
996,999
997,998
999,1000
999,1001
1004,1005
1004,1021
1005,1006
1005,1019
1006,1007
1006,1017
1007,1008
1007,1015
1008,1009
1008,1013
1009,1010
1009,1011
1011,1012
1013,1014
1015,1016
1017,1018
1019,1020
1022,1023
1022,1046
1023,1024
1023,1034
1023,1036
1024,1025
1024,1032
1025,1026
1025,1030
1026,1027
1026,1028
1028,1029
1030,1031
1032,1033
1034,1035
1036,1037
1036,1044
1037,1038
1037,1042
1038,1039
1038,1040
1040,1041
1042,1043
1044,1045
1047,1048
1047,1061
1048,1049
1048,1059
1049,1050
1049,1057
1050,1051
1050,1055
1051,1052
1051,1053
1053,1054
1055,1056
1057,1058
1059,1060
1063,1064
1063,1065
1063,1070
1063,1071
1063,1184
1063,1185
1065,1066
1065,1067
1067,1068
1068,1069
1071,1072
1071,1073
1071,1144
1071,1149
1071,1158
1071,1167
1073,1074
1073,1076
1073,1143
1074,1075
1076,1077
1076,1078
1076,1082
1076,1086
1076,1090
1076,1094
1076,1098
1076,1102
1076,1106
1076,1110
1076,1117
1076,1124
1076,1128
1076,1132
1076,1136
1076,1140
1078,1079
1078,1081
1079,1080
1082,1083
1082,1085
1083,1084
1086,1087
1086,1089
1087,1088
1090,1091
1090,1093
1091,1092
1094,1095
1094,1097
1095,1096
1098,1099
1098,1101
1099,1100
1102,1103
1102,1105
1103,1104
1106,1107
1106,1109
1107,1108
1110,1111
1110,1113
1110,1116
1111,1112
1113,1114
1114,1115
1117,1118
1117,1120
1117,1123
1118,1119
1120,1121
1121,1122
1124,1125
1124,1127
1125,1126
1128,1129
1128,1131
1129,1130
1132,1133
1132,1135
1133,1134
1136,1137
1136,1139
1137,1138
1140,1141
1141,1142
1144,1145
1144,1148
1145,1146
1146,1147
1149,1150
1149,1152
1149,1155
1149,1157
1150,1151
1152,1153
1153,1154
1155,1156
1158,1159
1158,1161
1158,1164
1158,1166
1159,1160
1161,1162
1162,1163
1164,1165
1167,1168
1167,1170
1167,1174
1167,1181
1167,1183
1168,1169
1170,1171
1171,1172
1172,1173
1174,1175
1174,1178
1175,1176
1175,1177
1178,1179
1179,1180
1181,1182
1186,1187
1186,1188
1186,1190
1186,1194
1186,1195
1186,1196
1186,1201
1188,1189
1190,1191
1191,1192
1192,1193
1196,1197
1196,1198
1196,1200
1198,1199
1202,1203
1202,1204
1202,1206
1202,1211
1202,1213
1202,1215
1202,1217
1202,1219
1202,1221
1202,1223
1202,1225
1202,1227
1204,1205
1206,1207
1207,1208
1207,1209
1207,1210
1211,1212
1213,1214
1215,1216
1217,1218
1219,1220
1221,1222
1223,1224
1225,1226
1228,1229
1228,1230
1228,1232
1228,1238
1228,1240
1228,1261
1228,1276
1230,1231
1232,1233
1232,1236
1233,1234
1233,1235
1236,1237
1238,1239
1240,1241
1240,1242
1242,1243
1242,1260
1243,1244
1243,1247
1244,1245
1244,1246
1247,1248
1247,1250
1248,1249
1250,1251
1250,1258
1251,1252
1251,1257
1252,1253
1252,1256
1253,1254
1253,1255
1258,1259
1261,1262
1261,1263
1263,1264
1263,1275
1264,1265
1264,1268
1265,1266
1265,1267
1268,1269
1268,1271
1269,1270
1271,1272
1271,1273
1273,1274
1277,1278
1277,1279
1277,1286
1277,1288
1277,1291
1277,1293
1277,1299
1277,1301
1277,1309
1279,1280
1279,1282
1280,1281
1282,1283
1283,1284
1284,1285
1286,1287
1288,1289
1289,1290
1291,1292
1293,1294
1293,1297
1293,1298
1294,1295
1295,1296
1299,1300
1301,1302
1301,1304
1301,1307
1301,1308
1302,1303
1304,1305
1305,1306
1309,1310
1309,1320
1310,1311
1310,1314
1310,1316
1310,1319
1311,1312
1312,1313
1314,1315
1316,1317
1317,1318
1320,1321
1322,1323
1322,1324
1322,1326
1322,1331
1322,1333
1322,1335
1322,1336
1322,1338
1322,1339
1322,1341
1324,1325
1326,1327
1327,1328
1327,1329
1327,1330
1331,1332
1333,1334
1336,1337
1339,1340
1342,1343
1342,1344
1342,1345
1342,1346
1342,1347
1347,1348
1347,1349
1349,1350
1349,1352
1350,1351
1352,1353
1352,1364
1352,1379
1353,1354
1353,1363
1354,1355
1354,1356
1354,1361
1356,1357
1356,1360
1357,1358
1358,1359
1361,1362
1364,1365
1364,1378
1365,1366
1365,1367
1365,1372
1367,1368
1367,1371
1368,1369
1369,1370
1372,1373
1372,1374
1372,1376
1374,1375
1376,1377
1379,1380
1379,1390
1380,1381
1380,1382
1380,1387
1382,1383
1382,1386
1383,1384
1384,1385
1387,1388
1387,1389
1391,1392
1391,1393
1393,1394
1395,1396
1395,1397
1395,1398
1395,1399
1395,1401
1395,1403
1395,1423
1399,1400
1401,1402
1403,1404
1403,1406
1403,1407
1403,1418
1403,1419
1404,1405
1407,1408
1407,1411
1408,1409
1408,1410
1411,1412
1411,1414
1411,1416
1412,1413
1414,1415
1416,1417
1419,1420
1419,1421
1421,1422
1423,1424
1424,1425
1426,1427
1426,1428
1426,1429
1426,1434
1426,1436
1426,1439
1426,1453
1426,1458
1426,1462
1426,1466
1426,1470
1426,1474
1426,1476
1429,1430
1429,1431
1431,1432
1432,1433
1434,1435
1436,1437
1437,1438
1439,1440
1439,1444
1439,1447
1440,1441
1440,1442
1442,1443
1444,1445
1445,1446
1447,1448
1448,1449
1448,1450
1450,1451
1451,1452
1453,1454
1453,1455
1455,1456
1456,1457
1458,1459
1458,1460
1460,1461
1462,1463
1462,1464
1464,1465
1466,1467
1466,1468
1468,1469
1470,1471
1470,1472
1472,1473
1474,1475
1476,1477
1478,1479
1478,1480
1478,1484
1480,1481
1481,1482
1482,1483
1484,1485
1486,1487
1486,1488
1486,1489
1486,1494
1486,1534
1489,1490
1489,1492
1490,1491
1492,1493
1494,1495
1494,1499
1495,1496
1495,1497
1497,1498
1499,1500
1499,1502
1500,1501
1502,1503
1502,1504
1502,1510
1502,1516
1502,1518
1502,1526
1504,1505
1504,1509
1505,1506
1505,1507
1507,1508
1510,1511
1510,1515
1511,1512
1511,1513
1513,1514
1516,1517
1518,1519
1519,1520
1520,1521
1520,1522
1520,1523
1523,1524
1523,1525
1526,1527
1527,1528
1528,1529
1529,1530
1529,1533
1530,1531
1531,1532
1534,1535
1535,1536
1536,1537
1536,1540
1537,1538
1538,1539
1540,1541
1542,1543
1542,1544
1542,1545
1542,1547
1542,1553
1542,1555
1542,1592
1545,1546
1547,1548
1547,1551
1548,1549
1548,1550
1551,1552
1553,1554
1555,1556
1555,1558
1555,1571
1556,1557
1558,1559
1558,1570
1559,1560
1559,1563
1560,1561
1560,1562
1563,1564
1563,1566
1564,1565
1566,1567
1566,1568
1568,1569
1571,1572
1571,1573
1573,1574
1573,1591
1574,1575
1574,1578
1575,1576
1575,1577
1578,1579
1578,1581
1579,1580
1581,1582
1581,1589
1582,1583
1582,1588
1583,1584
1583,1587
1584,1585
1584,1586
1589,1590
1593,1594
1593,1595
1593,1599
1593,1604
1593,1606
1595,1596
1596,1597
1596,1598
1599,1600
1600,1601
1600,1602
1600,1603
1604,1605
1606,1607
1608,1609
1608,1610
1608,1611
1608,1616
1608,1618
1608,1619
1611,1612
1611,1614
1612,1613
1614,1615
1616,1617
1619,1620
1620,1621
1622,1623
1622,1624
1622,1625
1622,1630
1622,1632
1625,1626
1625,1628
1626,1627
1628,1629
1630,1631
1632,1633
1633,1634
1635,1636
1635,1645
1635,1648
1635,1650
1635,1706
1635,1708
1635,1710
1635,1711
1636,1637
1636,1641
1636,1643
1637,1638
1637,1639
1637,1640
1641,1642
1643,1644
1645,1646
1646,1647
1648,1649
1650,1651
1650,1652
1650,1668
1652,1653
1653,1654
1653,1658
1654,1655
1654,1656
1656,1657
1658,1659
1658,1661
1659,1660
1661,1662
1661,1665
1662,1663
1662,1664
1665,1666
1665,1667
1668,1669
1668,1670
1668,1696
1670,1671
1670,1674
1670,1675
1670,1680
1670,1694
1670,1695
1671,1672
1672,1673
1675,1676
1675,1678
1676,1677
1678,1679
1680,1681
1681,1682
1681,1687
1682,1683
1682,1685
1683,1684
1685,1686
1687,1688
1687,1691
1688,1689
1689,1690
1691,1692
1692,1693
1696,1697
1696,1698
1698,1699
1698,1702
1698,1704
1698,1705
1699,1700
1700,1701
1702,1703
1706,1707
1708,1709
1711,1712
1711,1757
1711,1772
1711,1787
1711,1805
1711,1813
1711,1821
1711,1831
1711,1875
1711,1878
1711,1881
1712,1713
1712,1756
1713,1714
1713,1729
1713,1737
1713,1745
1713,1749
1714,1715
1714,1728
1715,1716
1715,1717
1715,1720
1717,1718
1718,1719
1720,1721
1720,1722
1720,1725
1722,1723
1723,1724
1725,1726
1726,1727
1729,1730
1729,1736
1730,1731
1730,1733
1731,1732
1733,1734
1733,1735
1737,1738
1737,1744
1738,1739
1738,1741
1739,1740
1741,1742
1741,1743
1745,1746
1745,1748
1746,1747
1749,1750
1749,1755
1750,1751
1751,1752
1752,1753
1753,1754
1757,1758
1757,1771
1758,1759
1758,1760
1758,1763
1760,1761
1761,1762
1763,1764
1763,1765
1763,1768
1765,1766
1766,1767
1768,1769
1769,1770
1772,1773
1772,1786
1773,1774
1773,1775
1773,1778
1775,1776
1776,1777
1778,1779
1778,1780
1778,1783
1780,1781
1781,1782
1783,1784
1784,1785
1787,1788
1787,1804
1788,1789
1788,1790
1788,1794
1790,1791
1790,1793
1791,1792
1794,1795
1794,1796
1794,1800
1796,1797
1796,1799
1797,1798
1800,1801
1800,1803
1801,1802
1805,1806
1805,1812
1806,1807
1806,1809
1807,1808
1809,1810
1809,1811
1813,1814
1813,1820
1814,1815
1814,1817
1815,1816
1817,1818
1817,1819
1821,1822
1821,1823
1821,1829
1821,1830
1823,1824
1823,1826
1824,1825
1826,1827
1826,1828
1831,1832
1831,1874
1832,1833
1832,1834
1832,1836
1834,1835
1836,1837
1837,1838
1837,1839
1837,1842
1837,1853
1837,1867
1839,1840
1839,1841
1842,1843
1842,1852
1843,1844
1843,1847
1844,1845
1844,1846
1847,1848
1847,1851
1848,1849
1849,1850
1853,1854
1853,1866
1854,1855
1854,1858
1854,1861
1855,1856
1855,1857
1858,1859
1858,1860
1861,1862
1861,1865
1862,1863
1863,1864
1867,1868
1867,1873
1868,1869
1869,1870
1870,1871
1871,1872
1875,1876
1875,1877
1878,1879
1878,1880
1881,1882
1882,1883
1883,1884
1884,1885
1885,1886
1887,1888
1887,1889
1887,1890
1887,1895
1887,1897
1887,1898
1890,1891
1890,1893
1891,1892
1893,1894
1895,1896
1898,1899
1899,1900
1901,1902
1901,1911
1901,1914
1901,1916
1901,1964
1901,1966
1901,1968
1901,1969
1902,1903
1902,1907
1902,1909
1903,1904
1903,1905
1903,1906
1907,1908
1909,1910
1911,1912
1912,1913
1914,1915
1916,1917
1916,1918
1916,1934
1918,1919
1919,1920
1919,1924
1920,1921
1920,1922
1922,1923
1924,1925
1924,1927
1925,1926
1927,1928
1927,1931
1928,1929
1928,1930
1931,1932
1931,1933
1934,1935
1934,1938
1935,1936
1935,1937
1938,1939
1938,1942
1938,1944
1938,1947
1938,1962
1938,1963
1939,1940
1940,1941
1942,1943
1944,1945
1945,1946
1947,1948
1947,1956
1948,1949
1948,1952
1949,1950
1949,1951
1952,1953
1953,1954
1954,1955
1956,1957
1957,1958
1958,1959
1959,1960
1960,1961
1964,1965
1966,1967
1969,1970
1969,2015
1969,2030
1969,2045
1969,2063
1969,2071
1969,2079
1969,2089
1969,2133
1969,2136
1969,2139
1970,1971
1970,2014
1971,1972
1971,1987
1971,1995
1971,2003
1971,2007
1972,1973
1972,1986
1973,1974
1973,1975
1973,1978
1975,1976
1976,1977
1978,1979
1978,1980
1978,1983
1980,1981
1981,1982
1983,1984
1984,1985
1987,1988
1987,1994
1988,1989
1988,1991
1989,1990
1991,1992
1991,1993
1995,1996
1995,2002
1996,1997
1996,1999
1997,1998
1999,2000
1999,2001
2003,2004
2003,2006
2004,2005
2007,2008
2007,2013
2008,2009
2009,2010
2010,2011
2011,2012
2015,2016
2015,2029
2016,2017
2016,2018
2016,2021
2018,2019
2019,2020
2021,2022
2021,2023
2021,2026
2023,2024
2024,2025
2026,2027
2027,2028
2030,2031
2030,2044
2031,2032
2031,2033
2031,2036
2033,2034
2034,2035
2036,2037
2036,2038
2036,2041
2038,2039
2039,2040
2041,2042
2042,2043
2045,2046
2045,2062
2046,2047
2046,2048
2046,2052
2048,2049
2048,2051
2049,2050
2052,2053
2052,2054
2052,2058
2054,2055
2054,2057
2055,2056
2058,2059
2058,2061
2059,2060
2063,2064
2063,2070
2064,2065
2064,2067
2065,2066
2067,2068
2067,2069
2071,2072
2071,2078
2072,2073
2072,2075
2073,2074
2075,2076
2075,2077
2079,2080
2079,2081
2079,2087
2079,2088
2081,2082
2081,2084
2082,2083
2084,2085
2084,2086
2089,2090
2089,2132
2090,2091
2090,2092
2090,2094
2092,2093
2094,2095
2095,2096
2095,2097
2095,2100
2095,2111
2095,2125
2097,2098
2097,2099
2100,2101
2100,2110
2101,2102
2101,2105
2102,2103
2102,2104
2105,2106
2105,2109
2106,2107
2107,2108
2111,2112
2111,2124
2112,2113
2112,2116
2112,2119
2113,2114
2113,2115
2116,2117
2116,2118
2119,2120
2119,2123
2120,2121
2121,2122
2125,2126
2125,2131
2126,2127
2127,2128
2128,2129
2129,2130
2133,2134
2133,2135
2136,2137
2136,2138
2139,2140
2140,2141
2141,2142
2142,2143
2143,2144
2145,2146
2145,2147
2145,2148
2145,2153
2145,2155
2148,2149
2148,2151
2149,2150
2151,2152
2153,2154
2155,2156
2156,2157
2159,2160
2159,2161
2159,2165
2159,2170
2159,2172
2159,2174
2159,2175
2159,2177
2159,2178
2159,2180
2161,2162
2162,2163
2162,2164
2165,2166
2166,2167
2166,2168
2166,2169
2170,2171
2172,2173
2175,2176
2178,2179
2181,2182
2181,2183
2181,2185
2181,2187
2181,2188
2181,2189
2181,2191
2181,2195
2181,2199
2181,2203
2181,2205
2181,2207
2183,2184
2185,2186
2189,2190
2191,2192
2191,2193
2193,2194
2195,2196
2195,2197
2197,2198
2199,2200
2199,2201
2201,2202
2203,2204
2205,2206
2208,2209
2208,2210
2208,2211
2208,2216
2208,2218
2211,2212
2211,2214
2212,2213
2214,2215
2216,2217
2218,2219
2219,2220
2220,2221
2222,2223
2222,2224
2222,2225
2222,2230
2222,2232
2222,2235
2222,2240
2225,2226
2225,2228
2226,2227
2228,2229
2230,2231
2232,2233
2233,2234
2235,2236
2235,2238
2236,2237
2238,2239
2241,2242
2241,2251
2241,2254
2241,2256
2241,2310
2241,2312
2241,2314
2241,2315
2242,2243
2242,2247
2242,2249
2243,2244
2243,2245
2243,2246
2247,2248
2249,2250
2251,2252
2252,2253
2254,2255
2256,2257
2256,2258
2256,2274
2258,2259
2259,2260
2259,2264
2260,2261
2260,2262
2262,2263
2264,2265
2264,2267
2265,2266
2267,2268
2267,2271
2268,2269
2268,2270
2271,2272
2271,2273
2274,2275
2274,2276
2274,2295
2276,2277
2276,2280
2276,2282
2276,2293
2276,2294
2277,2278
2278,2279
2280,2281
2282,2283
2282,2291
2283,2284
2283,2287
2284,2285
2284,2286
2287,2288
2288,2289
2289,2290
2291,2292
2295,2296
2295,2297
2297,2298
2297,2301
2297,2303
2297,2308
2297,2309
2298,2299
2299,2300
2301,2302
2303,2304
2303,2307
2304,2305
2304,2306
2310,2311
2312,2313
2315,2316
2315,2361
2315,2376
2315,2391
2315,2409
2315,2417
2315,2425
2315,2435
2315,2479
2315,2482
2315,2485
2316,2317
2316,2360
2317,2318
2317,2333
2317,2341
2317,2349
2317,2353
2318,2319
2318,2332
2319,2320
2319,2321
2319,2324
2321,2322
2322,2323
2324,2325
2324,2326
2324,2329
2326,2327
2327,2328
2329,2330
2330,2331
2333,2334
2333,2340
2334,2335
2334,2337
2335,2336
2337,2338
2337,2339
2341,2342
2341,2348
2342,2343
2342,2345
2343,2344
2345,2346
2345,2347
2349,2350
2349,2352
2350,2351
2353,2354
2353,2359
2354,2355
2355,2356
2356,2357
2357,2358
2361,2362
2361,2375
2362,2363
2362,2364
2362,2367
2364,2365
2365,2366
2367,2368
2367,2369
2367,2372
2369,2370
2370,2371
2372,2373
2373,2374
2376,2377
2376,2390
2377,2378
2377,2379
2377,2382
2379,2380
2380,2381
2382,2383
2382,2384
2382,2387
2384,2385
2385,2386
2387,2388
2388,2389
2391,2392
2391,2408
2392,2393
2392,2394
2392,2398
2394,2395
2394,2397
2395,2396
2398,2399
2398,2400
2398,2404
2400,2401
2400,2403
2401,2402
2404,2405
2404,2407
2405,2406
2409,2410
2409,2416
2410,2411
2410,2413
2411,2412
2413,2414
2413,2415
2417,2418
2417,2424
2418,2419
2418,2421
2419,2420
2421,2422
2421,2423
2425,2426
2425,2427
2425,2433
2425,2434
2427,2428
2427,2430
2428,2429
2430,2431
2430,2432
2435,2436
2435,2478
2436,2437
2436,2438
2436,2440
2438,2439
2440,2441
2441,2442
2441,2443
2441,2446
2441,2457
2441,2471
2443,2444
2443,2445
2446,2447
2446,2456
2447,2448
2447,2451
2448,2449
2448,2450
2451,2452
2451,2455
2452,2453
2453,2454
2457,2458
2457,2470
2458,2459
2458,2462
2458,2465
2459,2460
2459,2461
2462,2463
2462,2464
2465,2466
2465,2469
2466,2467
2467,2468
2471,2472
2471,2477
2472,2473
2473,2474
2474,2475
2475,2476
2479,2480
2479,2481
2482,2483
2482,2484
2485,2486
2486,2487
2487,2488
2488,2489
2489,2490
2491,2492
2491,2493
2491,2494
2491,2495
2491,2496
2496,2497
2496,2498
2498,2499
2498,2501
2499,2500
2501,2502
2501,2513
2501,2528
2502,2503
2502,2512
2503,2504
2503,2505
2503,2510
2505,2506
2505,2509
2506,2507
2507,2508
2510,2511
2513,2514
2513,2527
2514,2515
2514,2516
2514,2521
2516,2517
2516,2520
2517,2518
2518,2519
2521,2522
2521,2523
2521,2525
2523,2524
2525,2526
2528,2529
2528,2539
2529,2530
2529,2531
2529,2536
2531,2532
2531,2535
2532,2533
2533,2534
2536,2537
2536,2538
2540,2541
2540,2542
2543,2544
2543,2545
2543,2547
2543,2549
2543,2567
2543,2569
2545,2546
2547,2548
2549,2550
2549,2554
2550,2551
2550,2552
2552,2553
2554,2555
2554,2557
2555,2556
2557,2558
2557,2559
2557,2564
2559,2560
2560,2561
2560,2562
2562,2563
2564,2565
2565,2566
2567,2568
2569,2570
2571,2572
2571,2573
2571,2574
2571,2576
2571,2597
2574,2575
2576,2577
2576,2578
2578,2579
2578,2580
2578,2581
2578,2586
2581,2582
2581,2583
2581,2585
2583,2584
2586,2587
2586,2588
2588,2589
2588,2591
2588,2593
2588,2595
2589,2590
2591,2592
2593,2594
2595,2596
2598,2599
2598,2600
2598,2601
2598,2606
2598,2608
2598,2611
2598,2617
2601,2602
2601,2604
2602,2603
2604,2605
2606,2607
2608,2609
2609,2610
2611,2612
2611,2614
2612,2613
2614,2615
2615,2616
2618,2619
2618,2620
2618,2621
2618,2622
2618,2623
2618,2624
2618,2627
2618,2633
2618,2638
2618,2639
2618,2641
2618,2643
2618,2644
2618,2645
2618,2646
2618,2647
2618,2710
2618,2711
2618,2713
2624,2625
2625,2626
2627,2628
2627,2630
2628,2629
2630,2631
2631,2632
2633,2634
2633,2637
2634,2635
2635,2636
2639,2640
2641,2642
2647,2648
2647,2651
2648,2649
2649,2650
2651,2652
2651,2655
2651,2657
2651,2659
2651,2666
2652,2653
2652,2654
2655,2656
2657,2658
2659,2660
2659,2661
2661,2662
2661,2664
2662,2663
2664,2665
2666,2667
2666,2695
2666,2707
2667,2668
2668,2669
2668,2673
2668,2674
2668,2694
2669,2670
2670,2671
2671,2672
2674,2675
2674,2676
2676,2677
2676,2678
2676,2679
2676,2693
2679,2680
2679,2683
2680,2681
2681,2682
2683,2684
2683,2685
2683,2692
2685,2686
2685,2687
2685,2690
2687,2688
2688,2689
2690,2691
2695,2696
2696,2697
2696,2701
2696,2702
2696,2706
2697,2698
2698,2699
2699,2700
2702,2703
2702,2704
2704,2705
2707,2708
2708,2709
2711,2712
2713,2714
2715,2716
2715,2717
2715,2718
2715,2723
2715,2725
2715,2726
2718,2719
2718,2721
2719,2720
2721,2722
2723,2724
2726,2727
2728,2729
2728,2730
2731,2732
2731,2733
2731,2737
2731,2744
2731,2747
2733,2734
2733,2735
2735,2736
2737,2738
2737,2741
2738,2739
2738,2740
2741,2742
2742,2743
2744,2745
2745,2746
2747,2748
2748,2749
2748,2750
2748,2754
2750,2751
2751,2752
2752,2753
2755,2756
2755,2757
2755,2761
2755,2762
2757,2758
2757,2760
2758,2759
2763,2764
2763,2765
2763,2769
2765,2766
2765,2767
2767,2768
2769,2770
2770,2771
2772,2773
2772,2774
2774,2775
2776,2777
2776,2778
2776,2779
2776,2780
2776,2781
2781,2782
2781,2783
2783,2784
2783,2786
2784,2785
2786,2787
2786,2798
2786,2813
2787,2788
2787,2797
2788,2789
2788,2790
2788,2795
2790,2791
2790,2794
2791,2792
2792,2793
2795,2796
2798,2799
2798,2812
2799,2800
2799,2801
2799,2806
2801,2802
2801,2805
2802,2803
2803,2804
2806,2807
2806,2808
2806,2810
2808,2809
2810,2811
2813,2814
2813,2824
2814,2815
2814,2816
2814,2821
2816,2817
2816,2820
2817,2818
2818,2819
2821,2822
2821,2823
2825,2826
2825,2827
2825,2832
2825,2833
2825,2946
2825,2947
2827,2828
2827,2829
2829,2830
2830,2831
2833,2834
2833,2835
2833,2906
2833,2911
2833,2920
2833,2929
2835,2836
2835,2838
2835,2905
2836,2837
2838,2839
2838,2840
2838,2844
2838,2848
2838,2852
2838,2856
2838,2860
2838,2864
2838,2868
2838,2872
2838,2879
2838,2886
2838,2890
2838,2894
2838,2898
2838,2902
2840,2841
2840,2843
2841,2842
2844,2845
2844,2847
2845,2846
2848,2849
2848,2851
2849,2850
2852,2853
2852,2855
2853,2854
2856,2857
2856,2859
2857,2858
2860,2861
2860,2863
2861,2862
2864,2865
2864,2867
2865,2866
2868,2869
2868,2871
2869,2870
2872,2873
2872,2875
2872,2878
2873,2874
2875,2876
2876,2877
2879,2880
2879,2882
2879,2885
2880,2881
2882,2883
2883,2884
2886,2887
2886,2889
2887,2888
2890,2891
2890,2893
2891,2892
2894,2895
2894,2897
2895,2896
2898,2899
2898,2901
2899,2900
2902,2903
2903,2904
2906,2907
2906,2910
2907,2908
2908,2909
2911,2912
2911,2914
2911,2917
2911,2919
2912,2913
2914,2915
2915,2916
2917,2918
2920,2921
2920,2923
2920,2926
2920,2928
2921,2922
2923,2924
2924,2925
2926,2927
2929,2930
2929,2932
2929,2936
2929,2943
2929,2945
2930,2931
2932,2933
2933,2934
2934,2935
2936,2937
2936,2940
2937,2938
2937,2939
2940,2941
2941,2942
2943,2944
2948,2949
2948,2950
2948,2951
2948,2956
2948,2958
2951,2952
2951,2954
2952,2953
2954,2955
2956,2957
2958,2959
2959,2960
2961,2962
2961,2963
2961,2967
2961,2969
2961,2971
2963,2964
2964,2965
2965,2966
2967,2968
2969,2970
2971,2972
2973,2974
2973,2975
2973,2977
2973,2978
2975,2976
2978,2979
2978,2980
2978,2981
2981,2982
2983,2984
2983,2985
2983,2986
2983,2991
2983,2993
2983,2995
2983,2996
2983,2999
2986,2987
2986,2989
2987,2988
2989,2990
2991,2992
2993,2994
2996,2997
2997,2998
2999,3000
3001,3002
3001,3003
3001,3004
3001,3005
3001,3010
3001,3015
3001,3017
3001,3019
3005,3006
3005,3008
3006,3007
3008,3009
3010,3011
3010,3012
3012,3013
3013,3014
3015,3016
3017,3018
3019,3020
3020,3021
3022,3023
3022,3024
3022,3027
3022,3029
3022,3031
3022,3033
3022,3036
3022,3039
3022,3041
3022,3042
3022,3043
3022,3045
3022,3046
3022,3047
3022,3049
3022,3051
3022,3056
3022,3061
3024,3025
3025,3026
3027,3028
3029,3030
3031,3032
3033,3034
3034,3035
3036,3037
3037,3038
3039,3040
3043,3044
3047,3048
3049,3050
3051,3052
3051,3053
3053,3054
3054,3055
3056,3057
3056,3058
3058,3059
3059,3060
3062,3063
3062,3064
3062,3065
3062,3070
3062,3072
3062,3073
3065,3066
3065,3068
3066,3067
3068,3069
3070,3071
3073,3074
3074,3075
3075,3076
3077,3078
3077,3079
3079,3080
3079,3082
3080,3081
3082,3083
3083,3084
3084,3085
3085,3086
3085,3089
3086,3087
3087,3088
3089,3090
3091,3092
3091,3093
3091,3095
3091,3100
3093,3094
3095,3096
3095,3097
3097,3098
3098,3099
3100,3101
3102,3103
3102,3104
3104,3105
3104,3107
3105,3106
3107,3108
3108,3109
3109,3110
3110,3111
3110,3114
3111,3112
3112,3113
3114,3115
3116,3117
3116,3118
3116,3119
3116,3120
3116,3122
3116,3124
3116,3144
3120,3121
3122,3123
3124,3125
3124,3127
3124,3128
3124,3139
3124,3140
3125,3126
3128,3129
3128,3132
3129,3130
3129,3131
3132,3133
3132,3135
3132,3137
3133,3134
3135,3136
3137,3138
3140,3141
3140,3142
3142,3143
3144,3145
3145,3146
3147,3148
3147,3149
3147,3150
3147,3155
3147,3157
3147,3159
3147,3160
3150,3151
3150,3153
3151,3152
3153,3154
3155,3156
3157,3158
3160,3161
3161,3162
3163,3164
3163,3165
3163,3166
3163,3171
3163,3173
3166,3167
3166,3169
3167,3168
3169,3170
3171,3172
3173,3174
3175,3176
3175,3177
3175,3178
3175,3183
3175,3185
3178,3179
3178,3181
3179,3180
3181,3182
3183,3184
3185,3186
3186,3187
3188,3189
3188,3190
3188,3191
3188,3196
3188,3198
3188,3199
3191,3192
3191,3194
3192,3193
3194,3195
3196,3197
3199,3200
3201,3202
3201,3203
3201,3204
3201,3209
3201,3211
3204,3205
3204,3207
3205,3206
3207,3208
3209,3210
3211,3212
3212,3213
3214,3215
3214,3216
3214,3217
3214,3222
3214,3224
3217,3218
3217,3220
3218,3219
3220,3221
3222,3223
3224,3225
3225,3226
3226,3227
3228,3229
3228,3230
3228,3231
3228,3232
3228,3235
3228,3246
3228,3248
3228,3250
3228,3251
3232,3233
3232,3234
3235,3236
3235,3238
3236,3237
3238,3239
3238,3241
3239,3240
3241,3242
3241,3243
3243,3244
3244,3245
3246,3247
3248,3249
3252,3253
3252,3254
3254,3255
3254,3260
3254,3264
3255,3256
3255,3258
3256,3257
3258,3259
3260,3261
3260,3262
3260,3263
3264,3265
3264,3270
3264,3274
3265,3266
3265,3268
3266,3267
3268,3269
3270,3271
3270,3272
3272,3273
3274,3275
3274,3276
3276,3277
3278,3279
3278,3280
3278,3285
3278,3286
3278,3399
3278,3400
3280,3281
3280,3282
3282,3283
3283,3284
3286,3287
3286,3288
3286,3359
3286,3364
3286,3373
3286,3382
3288,3289
3288,3291
3288,3358
3289,3290
3291,3292
3291,3293
3291,3297
3291,3301
3291,3305
3291,3309
3291,3313
3291,3317
3291,3321
3291,3325
3291,3332
3291,3339
3291,3343
3291,3347
3291,3351
3291,3355
3293,3294
3293,3296
3294,3295
3297,3298
3297,3300
3298,3299
3301,3302
3301,3304
3302,3303
3305,3306
3305,3308
3306,3307
3309,3310
3309,3312
3310,3311
3313,3314
3313,3316
3314,3315
3317,3318
3317,3320
3318,3319
3321,3322
3321,3324
3322,3323
3325,3326
3325,3328
3325,3331
3326,3327
3328,3329
3329,3330
3332,3333
3332,3335
3332,3338
3333,3334
3335,3336
3336,3337
3339,3340
3339,3342
3340,3341
3343,3344
3343,3346
3344,3345
3347,3348
3347,3350
3348,3349
3351,3352
3351,3354
3352,3353
3355,3356
3356,3357
3359,3360
3359,3363
3360,3361
3361,3362
3364,3365
3364,3367
3364,3370
3364,3372
3365,3366
3367,3368
3368,3369
3370,3371
3373,3374
3373,3376
3373,3379
3373,3381
3374,3375
3376,3377
3377,3378
3379,3380
3382,3383
3382,3385
3382,3389
3382,3396
3382,3398
3383,3384
3385,3386
3386,3387
3387,3388
3389,3390
3389,3393
3390,3391
3390,3392
3393,3394
3394,3395
3396,3397
3401,3402
3401,3403
3401,3405
3401,3407
3403,3404
3405,3406
3407,3408
3407,3413
3408,3409
3408,3410
3410,3411
3411,3412
3413,3414
3413,3417
3413,3420
3413,3422
3413,3424
3413,3425
3414,3415
3415,3416
3417,3418
3418,3419
3420,3421
3422,3423
3426,3427
3426,3428
3426,3429
3430,3431
3430,3432
3430,3433
3430,3438
3430,3440
3433,3434
3433,3436
3434,3435
3436,3437
3438,3439
3440,3441
3441,3442
3442,3443
3444,3445
3444,3446
3444,3448
3444,3449
3444,3452
3446,3447
3449,3450
3450,3451
3453,3454
3453,3455
3453,3456
3453,3461
3453,3463
3453,3465
3453,3466
3453,3469
3456,3457
3456,3459
3457,3458
3459,3460
3461,3462
3463,3464
3466,3467
3467,3468
3469,3470
3471,3472
3471,3473
3471,3479
3471,3480
3471,3481
3471,3482
3473,3474
3473,3476
3474,3475
3476,3477
3477,3478
3483,3484
3483,3485
3483,3486
3483,3488
3483,3489
3483,3491
3483,3496
3483,3498
3483,3500
3486,3487
3489,3490
3491,3492
3492,3493
3493,3494
3493,3495
3496,3497
3498,3499
3500,3501
