1,2
1,3
1,4
1,9
1,11
1,14
1,20
4,5
4,7
5,6
7,8
9,10
11,12
12,13
14,15
14,17
15,16
17,18
18,19
21,22
21,23
21,24
21,29
21,31
24,25
24,27
25,26
27,28
29,30
31,32
32,33
33,34
35,36
35,37
35,39
35,44
35,46
35,48
35,49
35,51
35,52
35,54
37,38
39,40
40,41
40,42
40,43
44,45
46,47
49,50
52,53
55,56
55,57
55,58
55,59
55,60
60,61
60,62
62,63
62,65
63,64
65,66
65,77
65,92
66,67
66,76
67,68
67,69
67,74
69,70
69,73
70,71
71,72
74,75
77,78
77,91
78,79
78,80
78,85
80,81
80,84
81,82
82,83
85,86
85,87
85,89
87,88
89,90
92,93
92,103
93,94
93,95
93,100
95,96
95,99
96,97
97,98
100,101
100,102
104,105
104,106
104,107
104,112
104,114
107,108
107,110
108,109
110,111
112,113
114,115
115,116
117,118
117,119
119,120
119,122
120,121
122,123
123,124
124,125
125,126
125,129
126,127
127,128
129,130
131,132
131,133
131,135
131,141
131,143
131,164
131,179
133,134
135,136
135,139
136,137
136,138
139,140
141,142
143,144
143,145
145,146
145,163
146,147
146,150
147,148
147,149
150,151
150,153
151,152
153,154
153,161
154,155
154,160
155,156
155,159
156,157
156,158
161,162
164,165
164,166
166,167
166,178
167,168
167,171
168,169
168,170
171,172
171,174
172,173
174,175
174,176
176,177
180,181
180,182
180,183
180,187
180,189
183,184
183,186
184,185
187,188
189,190
190,191
192,193
192,194
192,198
192,199
194,195
194,197
195,196
200,201
200,202
200,203
200,208
200,210
203,204
203,206
204,205
206,207
208,209
210,211
211,212
212,213
214,215
214,216
214,217
214,222
214,224
214,225
217,218
217,220
218,219
220,221
222,223
225,226
226,227
228,229
228,230
228,231
228,236
228,238
228,239
231,232
231,234
232,233
234,235
236,237
239,240
241,242
241,243
241,244
241,249
241,251
244,245
244,247
245,246
247,248
249,250
251,252
252,253
253,254
255,256
255,257
255,258
255,259
255,260
260,261
260,262
262,263
262,265
263,264
265,266
265,277
265,292
266,267
266,276
267,268
267,269
267,274
269,270
269,273
270,271
271,272
274,275
277,278
277,291
278,279
278,280
278,285
280,281
280,284
281,282
282,283
285,286
285,287
285,289
287,288
289,290
292,293
292,303
293,294
293,295
293,300
295,296
295,299
296,297
297,298
300,301
300,302
304,305
304,306
304,307
304,308
304,313
304,318
304,320
304,322
308,309
308,311
309,310
311,312
313,314
313,315
315,316
316,317
318,319
320,321
322,323
323,324
326,327
328,329
328,330
328,331
328,336
328,338
328,341
328,355
328,360
328,364
328,368
328,372
328,376
328,378
331,332
331,333
333,334
334,335
336,337
338,339
339,340
341,342
341,346
341,349
342,343
342,344
344,345
346,347
347,348
349,350
350,351
350,352
352,353
353,354
355,356
355,357
357,358
358,359
360,361
360,362
362,363
364,365
364,366
366,367
368,369
368,370
370,371
372,373
372,374
374,375
376,377
378,379
380,381
380,382
380,383
380,385
380,406
383,384
385,386
385,387
387,388
387,389
387,390
387,395
390,391
390,392
390,394
392,393
395,396
395,397
397,398
397,400
397,402
397,404
398,399
400,401
402,403
404,405
407,408
407,409
407,410
407,420
410,411
410,413
411,412
413,414
414,415
415,416
416,417
417,418
418,419
421,422
421,423
423,424
423,425
423,428
425,426
426,427
428,429
429,430
431,432
431,433
433,434
433,436
434,435
436,437
437,438
438,439
439,440
439,443
440,441
441,442
443,444
445,446
445,447
445,452
445,453
445,566
445,567
447,448
447,449
449,450
450,451
453,454
453,455
453,526
453,531
453,540
453,549
455,456
455,458
455,525
456,457
458,459
458,460
458,464
458,468
458,472
458,476
458,480
458,484
458,488
458,492
458,499
458,506
458,510
458,514
458,518
458,522
460,461
460,463
461,462
464,465
464,467
465,466
468,469
468,471
469,470
472,473
472,475
473,474
476,477
476,479
477,478
480,481
480,483
481,482
484,485
484,487
485,486
488,489
488,491
489,490
492,493
492,495
492,498
493,494
495,496
496,497
499,500
499,502
499,505
500,501
502,503
503,504
506,507
506,509
507,508
510,511
510,513
511,512
514,515
514,517
515,516
518,519
518,521
519,520
522,523
523,524
526,527
526,530
527,528
528,529
531,532
531,534
531,537
531,539
532,533
534,535
535,536
537,538
540,541
540,543
540,546
540,548
541,542
543,544
544,545
546,547
549,550
549,552
549,556
549,563
549,565
550,551
552,553
553,554
554,555
556,557
556,560
557,558
557,559
560,561
561,562
563,564
568,569
568,570
568,571
568,572
568,575
568,586
568,588
568,590
568,591
572,573
572,574
575,576
575,578
576,577
578,579
578,581
579,580
581,582
581,583
583,584
584,585
586,587
588,589
592,593
592,594
592,595
592,600
592,602
592,604
592,605
595,596
595,598
596,597
598,599
600,601
602,603
605,606
606,607
608,609
608,610
608,611
608,616
608,618
611,612
611,614
612,613
614,615
616,617
618,619
619,620
621,622
621,623
623,624
624,625
626,627
626,628
626,629
626,631
626,644
629,630
631,632
631,633
633,634
633,636
633,638
633,640
633,642
634,635
636,637
638,639
640,641
642,643
645,646
645,647
645,651
645,658
645,661
647,648
647,649
649,650
651,652
651,655
652,653
652,654
655,656
656,657
658,659
659,660
661,662
662,663
662,664
662,668
664,665
665,666
666,667
669,670
669,679
669,682
669,684
669,740
669,742
669,744
669,745
670,671
670,675
670,677
671,672
671,673
671,674
675,676
677,678
679,680
680,681
682,683
684,685
684,686
684,702
686,687
687,688
687,692
688,689
688,690
690,691
692,693
692,695
693,694
695,696
695,699
696,697
696,698
699,700
699,701
702,703
702,704
702,730
704,705
704,708
704,709
704,714
704,728
704,729
705,706
706,707
709,710
709,712
710,711
712,713
714,715
715,716
715,721
716,717
716,719
717,718
719,720
721,722
721,725
722,723
723,724
725,726
726,727
730,731
730,732
732,733
732,736
732,738
732,739
733,734
734,735
736,737
740,741
742,743
745,746
745,791
745,806
745,821
745,839
745,847
745,855
745,865
745,909
745,912
745,915
746,747
746,790
747,748
747,763
747,771
747,779
747,783
748,749
748,762
749,750
749,751
749,754
751,752
752,753
754,755
754,756
754,759
756,757
757,758
759,760
760,761
763,764
763,770
764,765
764,767
765,766
767,768
767,769
771,772
771,778
772,773
772,775
773,774
775,776
775,777
779,780
779,782
780,781
783,784
783,789
784,785
785,786
786,787
787,788
791,792
791,805
792,793
792,794
792,797
794,795
795,796
797,798
797,799
797,802
799,800
800,801
802,803
803,804
806,807
806,820
807,808
807,809
807,812
809,810
810,811
812,813
812,814
812,817
814,815
815,816
817,818
818,819
821,822
821,838
822,823
822,824
822,828
824,825
824,827
825,826
828,829
828,830
828,834
830,831
830,833
831,832
834,835
834,837
835,836
839,840
839,846
840,841
840,843
841,842
843,844
843,845
847,848
847,854
848,849
848,851
849,850
851,852
851,853
855,856
855,857
855,863
855,864
857,858
857,860
858,859
860,861
860,862
865,866
865,908
866,867
866,868
866,870
868,869
870,871
871,872
871,873
871,876
871,887
871,901
873,874
873,875
876,877
876,886
877,878
877,881
878,879
878,880
881,882
881,885
882,883
883,884
887,888
887,900
888,889
888,892
888,895
889,890
889,891
892,893
892,894
895,896
895,899
896,897
897,898
901,902
901,907
902,903
903,904
904,905
905,906
909,910
909,911
912,913
912,914
915,916
916,917
917,918
918,919
919,920
921,922
921,923
921,928
921,929
921,1042
921,1043
923,924
923,925
925,926
926,927
929,930
929,931
929,1002
929,1007
929,1016
929,1025
931,932
931,934
931,1001
932,933
934,935
934,936
934,940
934,944
934,948
934,952
934,956
934,960
934,964
934,968
934,975
934,982
934,986
934,990
934,994
934,998
936,937
936,939
937,938
940,941
940,943
941,942
944,945
944,947
945,946
948,949
948,951
949,950
952,953
952,955
953,954
956,957
956,959
957,958
960,961
960,963
961,962
964,965
964,967
965,966
968,969
968,971
968,974
969,970
971,972
972,973
975,976
975,978
975,981
976,977
978,979
979,980
982,983
982,985
983,984
986,987
986,989
987,988
990,991
990,993
991,992
994,995
994,997
995,996
998,999
999,1000
1002,1003
1002,1006
1003,1004
1004,1005
1007,1008
1007,1010
1007,1013
1007,1015
1008,1009
1010,1011
1011,1012
1013,1014
1016,1017
1016,1019
1016,1022
1016,1024
1017,1018
1019,1020
1020,1021
1022,1023
1025,1026
1025,1028
1025,1032
1025,1039
1025,1041
1026,1027
1028,1029
1029,1030
1030,1031
1032,1033
1032,1036
1033,1034
1033,1035
1036,1037
1037,1038
1039,1040
1044,1045
1044,1046
1044,1047
1044,1052
1044,1054
1047,1048
1047,1050
1048,1049
1050,1051
1052,1053
1054,1055
1056,1057
1056,1058
1058,1059
1059,1060
1061,1062
1061,1063
1064,1065
1064,1066
1064,1069
1066,1067
1067,1068
1069,1070
1069,1072
1070,1071
1072,1073
1073,1074
1074,1075
1075,1076
1075,1079
1076,1077
1077,1078
1079,1080
1081,1082
1081,1083
1081,1084
1081,1101
1084,1085
1084,1088
1084,1095
1085,1086
1086,1087
1088,1089
1088,1090
1088,1092
1090,1091
1092,1093
1093,1094
1095,1096
1095,1097
1095,1099
1097,1098
1099,1100
1102,1103
1102,1104
1102,1105
1102,1110
1102,1112
1105,1106
1105,1108
1106,1107
1108,1109
1110,1111
1112,1113
1113,1114
1115,1116
1115,1117
1115,1118
1115,1123
1115,1125
1115,1126
1118,1119
1118,1121
1119,1120
1121,1122
1123,1124
1126,1127
1127,1128
1129,1130
1129,1131
1129,1132
1129,1137
1129,1139
1132,1133
1132,1135
1133,1134
1135,1136
1137,1138
1139,1140
1140,1141
1142,1143
1142,1144
1142,1148
1142,1150
1142,1152
1144,1145
1145,1146
1146,1147
1148,1149
1150,1151
1152,1153
1154,1155
1154,1156
1154,1161
1156,1157
1156,1158
1158,1159
1159,1160
1162,1163
1162,1164
1162,1165
1162,1166
1162,1168
1162,1170
1162,1190
1166,1167
1168,1169
1170,1171
1170,1173
1170,1174
1170,1185
1170,1186
1171,1172
1174,1175
1174,1178
1175,1176
1175,1177
1178,1179
1178,1181
1178,1183
1179,1180
1181,1182
1183,1184
1186,1187
1186,1188
1188,1189
1190,1191
1191,1192
1193,1194
1193,1195
1193,1198
1193,1199
1193,1200
1193,1201
1193,1202
1193,1203
1193,1204
1193,1205
1193,1206
1193,1207
1193,1208
1193,1209
1193,1210
1193,1212
1195,1196
1196,1197
1210,1211
1213,1214
1213,1215
1213,1216
1213,1221
1213,1223
1213,1225
1213,1226
1216,1217
1216,1219
1217,1218
1219,1220
1221,1222
1223,1224
1226,1227
1227,1228
1229,1230
1229,1231
1229,1233
1229,1234
1229,1236
1229,1237
1231,1232
1234,1235
1238,1239
1238,1240
1238,1241
1238,1245
1238,1247
1238,1250
1238,1255
1241,1242
1241,1244
1242,1243
1245,1246
1247,1248
1248,1249
1250,1251
1250,1253
1251,1252
1253,1254
1256,1257
1256,1258
1258,1259
1260,1261
1260,1262
1260,1264
1262,1263
1264,1265
1266,1267
1266,1268
1266,1269
1266,1270
1266,1274
1266,1285
1266,1287
1266,1289
1266,1290
1270,1271
1270,1272
1272,1273
1274,1275
1274,1277
1275,1276
1277,1278
1277,1280
1278,1279
1280,1281
1280,1282
1282,1283
1283,1284
1285,1286
1287,1288
1291,1292
1291,1293
1291,1296
1293,1294
1294,1295
1296,1297
1296,1299
1297,1298
1299,1300
1300,1301
1301,1302
1302,1303
1302,1306
1303,1304
1304,1305
1306,1307
1308,1309
1308,1318
1308,1321
1308,1323
1308,1371
1308,1373
1308,1375
1308,1376
1309,1310
1309,1314
1309,1316
1310,1311
1310,1312
1310,1313
1314,1315
1316,1317
1318,1319
1319,1320
1321,1322
1323,1324
1323,1325
1323,1341
1325,1326
1326,1327
1326,1331
1327,1328
1327,1329
1329,1330
1331,1332
1331,1334
1332,1333
1334,1335
1334,1338
1335,1336
1335,1337
1338,1339
1338,1340
1341,1342
1341,1345
1342,1343
1342,1344
1345,1346
1345,1349
1345,1351
1345,1354
1345,1369
1345,1370
1346,1347
1347,1348
1349,1350
1351,1352
1352,1353
1354,1355
1354,1363
1355,1356
1355,1359
1356,1357
1356,1358
1359,1360
1360,1361
1361,1362
1363,1364
1364,1365
1365,1366
1366,1367
1367,1368
1371,1372
1373,1374
1376,1377
1376,1422
1376,1437
1376,1452
1376,1470
1376,1478
1376,1486
1376,1496
1376,1540
1376,1543
1376,1546
1377,1378
1377,1421
1378,1379
1378,1394
1378,1402
1378,1410
1378,1414
1379,1380
1379,1393
1380,1381
1380,1382
1380,1385
1382,1383
1383,1384
1385,1386
1385,1387
1385,1390
1387,1388
1388,1389
1390,1391
1391,1392
1394,1395
1394,1401
1395,1396
1395,1398
1396,1397
1398,1399
1398,1400
1402,1403
1402,1409
1403,1404
1403,1406
1404,1405
1406,1407
1406,1408
1410,1411
1410,1413
1411,1412
1414,1415
1414,1420
1415,1416
1416,1417
1417,1418
1418,1419
1422,1423
1422,1436
1423,1424
1423,1425
1423,1428
1425,1426
1426,1427
1428,1429
1428,1430
1428,1433
1430,1431
1431,1432
1433,1434
1434,1435
1437,1438
1437,1451
1438,1439
1438,1440
1438,1443
1440,1441
1441,1442
1443,1444
1443,1445
1443,1448
1445,1446
1446,1447
1448,1449
1449,1450
1452,1453
1452,1469
1453,1454
1453,1455
1453,1459
1455,1456
1455,1458
1456,1457
1459,1460
1459,1461
1459,1465
1461,1462
1461,1464
1462,1463
1465,1466
1465,1468
1466,1467
1470,1471
1470,1477
1471,1472
1471,1474
1472,1473
1474,1475
1474,1476
1478,1479
1478,1485
1479,1480
1479,1482
1480,1481
1482,1483
1482,1484
1486,1487
1486,1488
1486,1494
1486,1495
1488,1489
1488,1491
1489,1490
1491,1492
1491,1493
1496,1497
1496,1539
1497,1498
1497,1499
1497,1501
1499,1500
1501,1502
1502,1503
1502,1504
1502,1507
1502,1518
1502,1532
1504,1505
1504,1506
1507,1508
1507,1517
1508,1509
1508,1512
1509,1510
1509,1511
1512,1513
1512,1516
1513,1514
1514,1515
1518,1519
1518,1531
1519,1520
1519,1523
1519,1526
1520,1521
1520,1522
1523,1524
1523,1525
1526,1527
1526,1530
1527,1528
1528,1529
1532,1533
1532,1538
1533,1534
1534,1535
1535,1536
1536,1537
1540,1541
1540,1542
1543,1544
1543,1545
1546,1547
1547,1548
1548,1549
1549,1550
1550,1551
1552,1553
1552,1554
1552,1556
1552,1558
1552,1566
1554,1555
1556,1557
1558,1559
1558,1561
1559,1560
1561,1562
1562,1563
1562,1564
1564,1565
1567,1568
1567,1569
1567,1571
1567,1572
1569,1570
1572,1573
1572,1574
1572,1575
1575,1576
1577,1578
1577,1579
1577,1582
1577,1584
1577,1586
1577,1588
1577,1591
1577,1594
1577,1596
1577,1597
1577,1598
1577,1600
1577,1601
1577,1602
1577,1604
1577,1606
1577,1611
1577,1616
1579,1580
1580,1581
1582,1583
1584,1585
1586,1587
1588,1589
1589,1590
1591,1592
1592,1593
1594,1595
1598,1599
1602,1603
1604,1605
1606,1607
1606,1608
1608,1609
1609,1610
1611,1612
1611,1613
1613,1614
1614,1615
1617,1618
1617,1619
1617,1620
1617,1625
1617,1627
1620,1621
1620,1623
1621,1622
1623,1624
1625,1626
1627,1628
1628,1629
1630,1631
1630,1632
1630,1633
1630,1634
1630,1651
1634,1635
1634,1636
1634,1648
1636,1637
1636,1639
1636,1641
1636,1644
1637,1638
1639,1640
1641,1642
1642,1643
1644,1645
1645,1646
1645,1647
1648,1649
1649,1650
1652,1653
1652,1654
1652,1655
1652,1660
1652,1662
1652,1663
1655,1656
1655,1658
1656,1657
1658,1659
1660,1661
1663,1664
1664,1665
1665,1666
1667,1668
1667,1669
1667,1670
1667,1671
1667,1673
1667,1675
1667,1695
1671,1672
1673,1674
1675,1676
1675,1678
1675,1679
1675,1690
1675,1691
1676,1677
1679,1680
1679,1683
1680,1681
1680,1682
1683,1684
1683,1686
1683,1688
1684,1685
1686,1687
1688,1689
1691,1692
1691,1693
1693,1694
1695,1696
1696,1697
1698,1699
1698,1700
1700,1701
1700,1706
1700,1710
1701,1702
1701,1704
1702,1703
1704,1705
1706,1707
1706,1708
1706,1709
1710,1711
1710,1716
1710,1720
1711,1712
1711,1714
1712,1713
1714,1715
1716,1717
1716,1718
1718,1719
1720,1721
1720,1722
1722,1723
1724,1725
1724,1726
1724,1728
1724,1730
1724,1748
1724,1750
1726,1727
1728,1729
1730,1731
1730,1735
1731,1732
1731,1733
1733,1734
1735,1736
1735,1738
1736,1737
1738,1739
1738,1740
1738,1745
1740,1741
1741,1742
1741,1743
1743,1744
1745,1746
1746,1747
1748,1749
1750,1751
1752,1753
1752,1754
1752,1755
1752,1760
1752,1762
1752,1763
1755,1756
1755,1758
1756,1757
1758,1759
1760,1761
1763,1764
1764,1765
1766,1767
1766,1768
1766,1769
1770,1771
1770,1772
1773,1774
1775,1776
1775,1777
1775,1782
1775,1783
1775,1896
1775,1897
1777,1778
1777,1779
1779,1780
1780,1781
1783,1784
1783,1785
1783,1856
1783,1861
1783,1870
1783,1879
1785,1786
1785,1788
1785,1855
1786,1787
1788,1789
1788,1790
1788,1794
1788,1798
1788,1802
1788,1806
1788,1810
1788,1814
1788,1818
1788,1822
1788,1829
1788,1836
1788,1840
1788,1844
1788,1848
1788,1852
1790,1791
1790,1793
1791,1792
1794,1795
1794,1797
1795,1796
1798,1799
1798,1801
1799,1800
1802,1803
1802,1805
1803,1804
1806,1807
1806,1809
1807,1808
1810,1811
1810,1813
1811,1812
1814,1815
1814,1817
1815,1816
1818,1819
1818,1821
1819,1820
1822,1823
1822,1825
1822,1828
1823,1824
1825,1826
1826,1827
1829,1830
1829,1832
1829,1835
1830,1831
1832,1833
1833,1834
1836,1837
1836,1839
1837,1838
1840,1841
1840,1843
1841,1842
1844,1845
1844,1847
1845,1846
1848,1849
1848,1851
1849,1850
1852,1853
1853,1854
1856,1857
1856,1860
1857,1858
1858,1859
1861,1862
1861,1864
1861,1867
1861,1869
1862,1863
1864,1865
1865,1866
1867,1868
1870,1871
1870,1873
1870,1876
1870,1878
1871,1872
1873,1874
1874,1875
1876,1877
1879,1880
1879,1882
1879,1886
1879,1893
1879,1895
1880,1881
1882,1883
1883,1884
1884,1885
1886,1887
1886,1890
1887,1888
1887,1889
1890,1891
1891,1892
1893,1894
1898,1899
1898,1900
1898,1901
1898,1906
1898,1946
1901,1902
1901,1904
1902,1903
1904,1905
1906,1907
1906,1911
1907,1908
1907,1909
1909,1910
1911,1912
1911,1914
1912,1913
1914,1915
1914,1916
1914,1922
1914,1928
1914,1930
1914,1938
1916,1917
1916,1921
1917,1918
1917,1919
1919,1920
1922,1923
1922,1927
1923,1924
1923,1925
1925,1926
1928,1929
1930,1931
1931,1932
1932,1933
1932,1934
1932,1935
1935,1936
1935,1937
1938,1939
1939,1940
1940,1941
1941,1942
1941,1945
1942,1943
1943,1944
1946,1947
1947,1948
1948,1949
1948,1952
1949,1950
1950,1951
1952,1953
1954,1955
1954,1956
1956,1957
1956,1960
1957,1958
1958,1959
1960,1961
1961,1962
1961,1963
1961,1978
1963,1964
1964,1965
1964,1967
1965,1966
1967,1968
1967,1969
1967,1971
1969,1970
1971,1972
1971,1973
1973,1974
1973,1976
1973,1977
1974,1975
1978,1979
1978,1980
1978,2000
1980,1981
1980,1983
1981,1982
1983,1984
1983,1987
1984,1985
1984,1986
1987,1988
1988,1989
1988,1991
1989,1990
1991,1992
1991,1994
1991,1997
1991,1998
1991,1999
1992,1993
1994,1995
1995,1996
2000,2001
2001,2002
2003,2004
2003,2005
2003,2006
2003,2011
2003,2013
2006,2007
2006,2009
2007,2008
2009,2010
2011,2012
2013,2014
2014,2015
2016,2017
2016,2018
2016,2019
2016,2021
2016,2022
2016,2024
2016,2029
2016,2031
2016,2033
2019,2020
2022,2023
2024,2025
2025,2026
2026,2027
2026,2028
2029,2030
2031,2032
2033,2034
2035,2036
2035,2037
2035,2038
2035,2043
2035,2045
2035,2046
2038,2039
2038,2041
2039,2040
2041,2042
2043,2044
2046,2047
2047,2048
2049,2050
2049,2051
2049,2054
2049,2055
2049,2057
2049,2059
2049,2061
2049,2063
2051,2052
2052,2053
2055,2056
2057,2058
2059,2060
2061,2062
2063,2064
2065,2066
2065,2067
2065,2068
2065,2073
2065,2075
2065,2078
2065,2083
2068,2069
2068,2071
2069,2070
2071,2072
2073,2074
2075,2076
2076,2077
2078,2079
2078,2081
2079,2080
2081,2082
2084,2085
2084,2086
2084,2088
2084,2090
2084,2091
2084,2092
2084,2094
2084,2098
2084,2102
2084,2106
2084,2108
2084,2110
2086,2087
2088,2089
2092,2093
2094,2095
2094,2096
2096,2097
2098,2099
2098,2100
2100,2101
2102,2103
2102,2104
2104,2105
2106,2107
2108,2109
2111,2112
2111,2113
2111,2114
2111,2119
2111,2121
2114,2115
2114,2117
2115,2116
2117,2118
2119,2120
2121,2122
2122,2123
2125,2126
2125,2127
2125,2128
2125,2133
2125,2135
2125,2136
2128,2129
2128,2131
2129,2130
2131,2132
2133,2134
2136,2137
2138,2139
2140,2141
2142,2143
2142,2144
2142,2145
2142,2149
2142,2153
2145,2146
2145,2147
2147,2148
2149,2150
2149,2151
2151,2152
2153,2154
2153,2155
2153,2157
2153,2159
2153,2161
2155,2156
2157,2158
2159,2160
2161,2162
2163,2164
2163,2167
2163,2170
2163,2171
2164,2165
2165,2166
2167,2168
2168,2169
2172,2173
2172,2174
2172,2175
2176,2177
2176,2178
2176,2179
2176,2183
2176,2185
2179,2180
2179,2182
2180,2181
2183,2184
2185,2186
2186,2187
2188,2189
2188,2198
2188,2201
2188,2203
2188,2257
2188,2259
2188,2261
2188,2262
2189,2190
2189,2194
2189,2196
2190,2191
2190,2192
2190,2193
2194,2195
2196,2197
2198,2199
2199,2200
2201,2202
2203,2204
2203,2205
2203,2221
2205,2206
2206,2207
2206,2211
2207,2208
2207,2209
2209,2210
2211,2212
2211,2214
2212,2213
2214,2215
2214,2218
2215,2216
2215,2217
2218,2219
2218,2220
2221,2222
2221,2223
2221,2242
2223,2224
2223,2227
2223,2229
2223,2240
2223,2241
2224,2225
2225,2226
2227,2228
2229,2230
2229,2238
2230,2231
2230,2234
2231,2232
2231,2233
2234,2235
2235,2236
2236,2237
2238,2239
2242,2243
2242,2244
2244,2245
2244,2248
2244,2250
2244,2255
2244,2256
2245,2246
2246,2247
2248,2249
2250,2251
2250,2254
2251,2252
2251,2253
2257,2258
2259,2260
2262,2263
2262,2308
2262,2323
2262,2338
2262,2356
2262,2364
2262,2372
2262,2382
2262,2426
2262,2429
2262,2432
2263,2264
2263,2307
2264,2265
2264,2280
2264,2288
2264,2296
2264,2300
2265,2266
2265,2279
2266,2267
2266,2268
2266,2271
2268,2269
2269,2270
2271,2272
2271,2273
2271,2276
2273,2274
2274,2275
2276,2277
2277,2278
2280,2281
2280,2287
2281,2282
2281,2284
2282,2283
2284,2285
2284,2286
2288,2289
2288,2295
2289,2290
2289,2292
2290,2291
2292,2293
2292,2294
2296,2297
2296,2299
2297,2298
2300,2301
2300,2306
2301,2302
2302,2303
2303,2304
2304,2305
2308,2309
2308,2322
2309,2310
2309,2311
2309,2314
2311,2312
2312,2313
2314,2315
2314,2316
2314,2319
2316,2317
2317,2318
2319,2320
2320,2321
2323,2324
2323,2337
2324,2325
2324,2326
2324,2329
2326,2327
2327,2328
2329,2330
2329,2331
2329,2334
2331,2332
2332,2333
2334,2335
2335,2336
2338,2339
2338,2355
2339,2340
2339,2341
2339,2345
2341,2342
2341,2344
2342,2343
2345,2346
2345,2347
2345,2351
2347,2348
2347,2350
2348,2349
2351,2352
2351,2354
2352,2353
2356,2357
2356,2363
2357,2358
2357,2360
2358,2359
2360,2361
2360,2362
2364,2365
2364,2371
2365,2366
2365,2368
2366,2367
2368,2369
2368,2370
2372,2373
2372,2374
2372,2380
2372,2381
2374,2375
2374,2377
2375,2376
2377,2378
2377,2379
2382,2383
2382,2425
2383,2384
2383,2385
2383,2387
2385,2386
2387,2388
2388,2389
2388,2390
2388,2393
2388,2404
2388,2418
2390,2391
2390,2392
2393,2394
2393,2403
2394,2395
2394,2398
2395,2396
2395,2397
2398,2399
2398,2402
2399,2400
2400,2401
2404,2405
2404,2417
2405,2406
2405,2409
2405,2412
2406,2407
2406,2408
2409,2410
2409,2411
2412,2413
2412,2416
2413,2414
2414,2415
2418,2419
2418,2424
2419,2420
2420,2421
2421,2422
2422,2423
2426,2427
2426,2428
2429,2430
2429,2431
2432,2433
2433,2434
2434,2435
2435,2436
2436,2437
2438,2439
2438,2440
2438,2447
2438,2449
2438,2452
2438,2454
2438,2460
2438,2462
2438,2470
2440,2441
2440,2443
2441,2442
2443,2444
2444,2445
2445,2446
2447,2448
2449,2450
2450,2451
2452,2453
2454,2455
2454,2458
2454,2459
2455,2456
2456,2457
2460,2461
2462,2463
2462,2465
2462,2468
2462,2469
2463,2464
2465,2466
2466,2467
2470,2471
2470,2481
2471,2472
2471,2475
2471,2477
2471,2480
2472,2473
2473,2474
2475,2476
2477,2478
2478,2479
2481,2482
2483,2484
2483,2489
2483,2494
2483,2607
2484,2485
2484,2487
2485,2486
2487,2488
2489,2490
2490,2491
2490,2492
2490,2493
2494,2495
2494,2497
2494,2501
2494,2558
2494,2570
2494,2576
2494,2582
2494,2601
2495,2496
2497,2498
2497,2499
2497,2500
2501,2502
2501,2557
2502,2503
2502,2504
2502,2508
2504,2505
2504,2506
2504,2507
2508,2509
2508,2510
2508,2550
2510,2511
2510,2513
2510,2515
2511,2512
2513,2514
2515,2516
2515,2517
2515,2535
2517,2518
2517,2520
2517,2522
2517,2523
2518,2519
2520,2521
2523,2524
2523,2529
2523,2531
2524,2525
2524,2527
2525,2526
2527,2528
2529,2530
2531,2532
2531,2534
2532,2533
2535,2536
2535,2539
2536,2537
2537,2538
2539,2540
2539,2543
2539,2546
2540,2541
2540,2542
2543,2544
2543,2545
2546,2547
2546,2549
2547,2548
2550,2551
2550,2553
2550,2555
2550,2556
2551,2552
2553,2554
2558,2559
2558,2560
2558,2567
2558,2568
2558,2569
2560,2561
2560,2562
2560,2564
2562,2563
2564,2565
2565,2566
2570,2571
2570,2573
2570,2574
2570,2575
2571,2572
2576,2577
2576,2579
2576,2580
2576,2581
2577,2578
2582,2583
2582,2585
2582,2597
2582,2599
2582,2600
2583,2584
2585,2586
2585,2589
2586,2587
2586,2588
2589,2590
2589,2596
2590,2591
2591,2592
2592,2593
2593,2594
2594,2595
2597,2598
2601,2602
2601,2604
2601,2605
2601,2606
2602,2603
2608,2609
2608,2610
2611,2612
2611,2613
2611,2615
2611,2617
2611,2625
2611,2627
2611,2631
2611,2636
2613,2614
2615,2616
2617,2618
2617,2623
2618,2619
2618,2622
2619,2620
2619,2621
2623,2624
2625,2626
2627,2628
2627,2629
2629,2630
2631,2632
2631,2633
2633,2634
2633,2635
2636,2637
2636,2642
2636,2664
2636,2669
2636,2674
2636,2679
2636,2684
2636,2689
2636,2694
2636,2699
2636,2710
2637,2638
2637,2640
2637,2641
2638,2639
2642,2643
2642,2663
2643,2644
2643,2645
2643,2650
2643,2655
2643,2660
2645,2646
2645,2648
2645,2649
2646,2647
2650,2651
2650,2653
2650,2654
2651,2652
2655,2656
2655,2658
2655,2659
2656,2657
2660,2661
2661,2662
2664,2665
2664,2667
2664,2668
2665,2666
2669,2670
2669,2672
2669,2673
2670,2671
2674,2675
2674,2677
2674,2678
2675,2676
2679,2680
2679,2682
2679,2683
2680,2681
2684,2685
2684,2687
2684,2688
2685,2686
2689,2690
2689,2692
2689,2693
2690,2691
2694,2695
2694,2697
2694,2698
2695,2696
2699,2700
2699,2701
2699,2702
2699,2707
2699,2708
2699,2709
2702,2703
2702,2705
2703,2704
2705,2706
2710,2711
2711,2712
2712,2713
2714,2715
2714,2716
2714,2718
2714,2720
2714,2721
2716,2717
2718,2719
2722,2723
2723,2724
2724,2725
2724,2726
2727,2728
2727,2729
2727,2732
2727,2733
2727,2736
2727,2737
2727,2738
2727,2741
2727,2744
2727,2745
2729,2730
2730,2731
2733,2734
2734,2735
2738,2739
2739,2740
2741,2742
2742,2743
2745,2746
2746,2747
2748,2749
2748,2750
2748,2751
2748,2752
2748,2753
2748,2754
2748,2757
2748,2763
2748,2768
2748,2769
2748,2771
2748,2773
2748,2774
2748,2775
2748,2776
2748,2777
2748,2840
2748,2841
2748,2843
2754,2755
2755,2756
2757,2758
2757,2760
2758,2759
2760,2761
2761,2762
2763,2764
2763,2767
2764,2765
2765,2766
2769,2770
2771,2772
2777,2778
2777,2781
2778,2779
2779,2780
2781,2782
2781,2785
2781,2787
2781,2789
2781,2796
2782,2783
2782,2784
2785,2786
2787,2788
2789,2790
2789,2791
2791,2792
2791,2794
2792,2793
2794,2795
2796,2797
2796,2825
2796,2837
2797,2798
2798,2799
2798,2803
2798,2804
2798,2824
2799,2800
2800,2801
2801,2802
2804,2805
2804,2806
2806,2807
2806,2808
2806,2809
2806,2823
2809,2810
2809,2813
2810,2811
2811,2812
2813,2814
2813,2815
2813,2822
2815,2816
2815,2817
2815,2820
2817,2818
2818,2819
2820,2821
2825,2826
2826,2827
2826,2831
2826,2832
2826,2836
2827,2828
2828,2829
2829,2830
2832,2833
2832,2834
2834,2835
2837,2838
2838,2839
2841,2842
2843,2844
2845,2846
2845,2847
2845,2851
2847,2848
2847,2849
2849,2850
2851,2852
2852,2853
2854,2855
2854,2856
2857,2858
2857,2859
2857,2860
2857,2861
2857,2866
2857,2871
2857,2873
2861,2862
2861,2864
2862,2863
2864,2865
2866,2867
2866,2868
2868,2869
2869,2870
2871,2872
2873,2874
2874,2875
2876,2877
2876,2878
2876,2879
2876,2884
2876,2886
2876,2887
2879,2880
2879,2882
2880,2881
2882,2883
2884,2885
2887,2888
2888,2889
2890,2891
2890,2892
2890,2893
2890,2898
2890,2900
2893,2894
2893,2896
2894,2895
2896,2897
2898,2899
2900,2901
2902,2903
2902,2904
2902,2905
2902,2910
2902,2912
2905,2906
2905,2908
2906,2907
2908,2909
2910,2911
2912,2913
2913,2914
2915,2916
2915,2917
2915,2920
2915,2921
2917,2918
2918,2919
2922,2923
2922,2924
2925,2926
2925,2927
2925,2932
2925,2933
2925,3046
2925,3047
2927,2928
2927,2929
2929,2930
2930,2931
2933,2934
2933,2935
2933,3006
2933,3011
2933,3020
2933,3029
2935,2936
2935,2938
2935,3005
2936,2937
2938,2939
2938,2940
2938,2944
2938,2948
2938,2952
2938,2956
2938,2960
2938,2964
2938,2968
2938,2972
2938,2979
2938,2986
2938,2990
2938,2994
2938,2998
2938,3002
2940,2941
2940,2943
2941,2942
2944,2945
2944,2947
2945,2946
2948,2949
2948,2951
2949,2950
2952,2953
2952,2955
2953,2954
2956,2957
2956,2959
2957,2958
2960,2961
2960,2963
2961,2962
2964,2965
2964,2967
2965,2966
2968,2969
2968,2971
2969,2970
2972,2973
2972,2975
2972,2978
2973,2974
2975,2976
2976,2977
2979,2980
2979,2982
2979,2985
2980,2981
2982,2983
2983,2984
2986,2987
2986,2989
2987,2988
2990,2991
2990,2993
2991,2992
2994,2995
2994,2997
2995,2996
2998,2999
2998,3001
2999,3000
3002,3003
3003,3004
3006,3007
3006,3010
3007,3008
3008,3009
3011,3012
3011,3014
3011,3017
3011,3019
3012,3013
3014,3015
3015,3016
3017,3018
3020,3021
3020,3023
3020,3026
3020,3028
3021,3022
3023,3024
3024,3025
3026,3027
3029,3030
3029,3032
3029,3036
3029,3043
3029,3045
3030,3031
3032,3033
3033,3034
3034,3035
3036,3037
3036,3040
3037,3038
3037,3039
3040,3041
3041,3042
3043,3044
3048,3049
3048,3050
3048,3051
3048,3056
3048,3058
3051,3052
3051,3054
3052,3053
3054,3055
3056,3057
3058,3059
3060,3061
3060,3062
3060,3066
3062,3063
3063,3064
3064,3065
3066,3067
3068,3069
3068,3070
3068,3071
3068,3073
3068,3077
3071,3072
3073,3074
3073,3075
3075,3076
3077,3078
3079,3080
3079,3081
3079,3083
3079,3087
3079,3088
3079,3089
3079,3094
3081,3082
3083,3084
3084,3085
3085,3086
3089,3090
3089,3091
3089,3093
3091,3092
3095,3096
3095,3097
3095,3099
3095,3100
3095,3103
3097,3098
3100,3101
3101,3102
3104,3105
3104,3106
3104,3112
3104,3113
3104,3114
3104,3115
3106,3107
3106,3109
3107,3108
3109,3110
3110,3111
3116,3117
3116,3118
3116,3119
3116,3124
3116,3126
3116,3127
3119,3120
3119,3122
3120,3121
3122,3123
3124,3125
3127,3128
3128,3129
3129,3130
3131,3132
3131,3133
3131,3134
3131,3136
3131,3182
3131,3184
3134,3135
3136,3137
3136,3140
3136,3178
3137,3138
3137,3139
3140,3141
3140,3142
3140,3143
3140,3153
3140,3156
3140,3158
3143,3144
3143,3145
3143,3146
3143,3150
3146,3147
3146,3148
3148,3149
3150,3151
3150,3152
3153,3154
3154,3155
3156,3157
3158,3159
3158,3163
3159,3160
3159,3162
3160,3161
3163,3164
3163,3166
3164,3165
3166,3167
3166,3168
3166,3174
3168,3169
3169,3170
3169,3172
3170,3171
3172,3173
3174,3175
3175,3176
3176,3177
3178,3179
3179,3180
3180,3181
3182,3183
3184,3185
3186,3187
3186,3188
3186,3189
3186,3194
3186,3196
3189,3190
3189,3192
3190,3191
3192,3193
3194,3195
3196,3197
3197,3198
3198,3199
3200,3201
3200,3202
3200,3203
3200,3204
3200,3205
3200,3206
3200,3209
3200,3215
3200,3220
3200,3221
3200,3223
3200,3225
3200,3226
3200,3227
3200,3280
3200,3281
3200,3283
3206,3207
3207,3208
3209,3210
3209,3212
3210,3211
3212,3213
3213,3214
3215,3216
3215,3219
3216,3217
3217,3218
3221,3222
3223,3224
3227,3228
3227,3231
3228,3229
3229,3230
3231,3232
3231,3235
3231,3237
3231,3239
3231,3246
3232,3233
3232,3234
3235,3236
3237,3238
3239,3240
3239,3241
3241,3242
3241,3244
3242,3243
3244,3245
3246,3247
3246,3270
3246,3277
3247,3248
3248,3249
3248,3269
3249,3250
3249,3251
3251,3252
3251,3253
3251,3254
3251,3268
3254,3255
3254,3258
3255,3256
3256,3257
3258,3259
3258,3260
3258,3267
3260,3261
3260,3262
3260,3265
3262,3263
3263,3264
3265,3266
3270,3271
3271,3272
3271,3276
3272,3273
3272,3274
3274,3275
3277,3278
3278,3279
3281,3282
3283,3284
3285,3286
3285,3287
3285,3289
3285,3291
3287,3288
3289,3290
3291,3292
3291,3294
3292,3293
3294,3295
3295,3296
3296,3297
3297,3298
3297,3301
3298,3299
3299,3300
3301,3302
3303,3304
3303,3305
3305,3306
3305,3309
3306,3307
3307,3308
3309,3310
3310,3311
3310,3312
3310,3327
3312,3313
3313,3314
3313,3316
3314,3315
3316,3317
3316,3318
3316,3320
3318,3319
3320,3321
3320,3322
3322,3323
3322,3325
3322,3326
3323,3324
3327,3328
3327,3329
3327,3349
3329,3330
3329,3332
3330,3331
3332,3333
3332,3336
3333,3334
3333,3335
3336,3337
3337,3338
3337,3340
3338,3339
3340,3341
3340,3343
3340,3346
3340,3347
3340,3348
3341,3342
3343,3344
3344,3345
3349,3350
3350,3351
3352,3353
3352,3354
3352,3357
3352,3359
3352,3361
3352,3363
3352,3366
3352,3369
3352,3371
3352,3380
3352,3382
3352,3387
3352,3392
3354,3355
3355,3356
3357,3358
3359,3360
3361,3362
3363,3364
3364,3365
3366,3367
3367,3368
3369,3370
3371,3372
3371,3374
3371,3375
3371,3377
3371,3378
3371,3379
3372,3373
3375,3376
3380,3381
3382,3383
3382,3384
3384,3385
3385,3386
3387,3388
3387,3389
3389,3390
3390,3391
3393,3394
3393,3395
3393,3396
3393,3401
3393,3403
3393,3405
3393,3406
3393,3409
3396,3397
3396,3399
3397,3398
3399,3400
3401,3402
3403,3404
3406,3407
3407,3408
3409,3410
3411,3412
3411,3413
3411,3415
3411,3417
3413,3414
3415,3416
3417,3418
3417,3423
3418,3419
3418,3420
3420,3421
3421,3422
3423,3424
3423,3427
3423,3430
3423,3432
3423,3434
3423,3435
3424,3425
3425,3426
3427,3428
3428,3429
3430,3431
3432,3433
3436,3437
3436,3438
3436,3439
3436,3440
3436,3444
3436,3459
3436,3473
3436,3475
3436,3476
3436,3478
3436,3480
3436,3493
3440,3441
3440,3442
3442,3443
3444,3445
3444,3450
3445,3446
3445,3448
3446,3447
3448,3449
3450,3451
3451,3452
3452,3453
3453,3454
3454,3455
3455,3456
3456,3457
3457,3458
3459,3460
3459,3463
3460,3461
3461,3462
3463,3464
3464,3465
3465,3466
3466,3467
3467,3468
3468,3469
3469,3470
3470,3471
3471,3472
3473,3474
3476,3477
3478,3479
3480,3481
3480,3482
3480,3485
3482,3483
3483,3484
3485,3486
3485,3488
3485,3490
3486,3487
3488,3489
3490,3491
3490,3492
3493,3494
3495,3496
3497,3498
3497,3499
3497,3500
3500,3501
3501,3502
3503,3504
3503,3505
3505,3506
3507,3508
3507,3509
3507,3510
3507,3511
3507,3512
3512,3513
3512,3514
3514,3515
3514,3517
3515,3516
3517,3518
3517,3529
3517,3544
3518,3519
3518,3528
3519,3520
3519,3521
3519,3526
3521,3522
3521,3525
3522,3523
3523,3524
3526,3527
3529,3530
3529,3543
3530,3531
3530,3532
3530,3537
3532,3533
3532,3536
3533,3534
3534,3535
3537,3538
3537,3539
3537,3541
3539,3540
3541,3542
3544,3545
3544,3555
3545,3546
3545,3547
3545,3552
3547,3548
3547,3551
3548,3549
3549,3550
3552,3553
3552,3554
3556,3557
3556,3558
3556,3559
3556,3560
3556,3561
3556,3562
3556,3565
3556,3571
3556,3576
3556,3577
3556,3579
3556,3581
3556,3582
3556,3583
3556,3648
3556,3649
3556,3651
3562,3563
3563,3564
3565,3566
3565,3568
3566,3567
3568,3569
3569,3570
3571,3572
3571,3575
3572,3573
3573,3574
3577,3578
3579,3580
3583,3584
3583,3587
3584,3585
3585,3586
3587,3588
3587,3591
3587,3593
3587,3595
3587,3602
3588,3589
3588,3590
3591,3592
3593,3594
3595,3596
3595,3597
3597,3598
3597,3600
3598,3599
3600,3601
3602,3603
3602,3626
3602,3645
3603,3604
3604,3605
3604,3625
3605,3606
3605,3607
3607,3608
3607,3609
3607,3610
3607,3624
3610,3611
3610,3614
3611,3612
3612,3613
3614,3615
3614,3616
3614,3623
3616,3617
3616,3618
3616,3621
3618,3619
3619,3620
3621,3622
3626,3627
3627,3628
3627,3644
3628,3629
3628,3630
3628,3632
3630,3631
3632,3633
3632,3634
3634,3635
3635,3636
3635,3641
3636,3637
3636,3639
3637,3638
3639,3640
3641,3642
3642,3643
3645,3646
3646,3647
3649,3650
3651,3652
3653,3654
3653,3655
3653,3656
3653,3661
3653,3663
3653,3665
3653,3666
3653,3669
3656,3657
3656,3659
3657,3658
3659,3660
3661,3662
3663,3664
3666,3667
3667,3668
3669,3670
3671,3672
3671,3673
3671,3674
3671,3679
3671,3681
3674,3675
3674,3677
3675,3676
3677,3678
3679,3680
3681,3682
3683,3684
3683,3685
3683,3687
3683,3692
3683,3694
3683,3696
3683,3698
3683,3700
3683,3702
3683,3704
3683,3706
3683,3708
3685,3686
3687,3688
3688,3689
3688,3690
3688,3691
3692,3693
3694,3695
3696,3697
3698,3699
3700,3701
3702,3703
3704,3705
3706,3707
3709,3710
3709,3711
3709,3713
3709,3718
3711,3712
3713,3714
3713,3715
3715,3716
3716,3717
3718,3719
3720,3721
3720,3722
3720,3726
3720,3731
3720,3733
3720,3735
3720,3736
3720,3738
3720,3739
3720,3741
3722,3723
3723,3724
3723,3725
3726,3727
3727,3728
3727,3729
3727,3730
3731,3732
3733,3734
3736,3737
3739,3740
3742,3743
3742,3744
3742,3745
3742,3747
3742,3748
3742,3750
3742,3755
3742,3757
3742,3759
3745,3746
3748,3749
3750,3751
3751,3752
3752,3753
3752,3754
3755,3756
3757,3758
3759,3760
3761,3762
3761,3763
3761,3765
3761,3767
3763,3764
3765,3766
3767,3768
3767,3773
3768,3769
3768,3770
3770,3771
3771,3772
3773,3774
3773,3777
3773,3780
3773,3782
3773,3784
3773,3785
3774,3775
3775,3776
3777,3778
3778,3779
3780,3781
3782,3783
3786,3787
3786,3788
3786,3789
3786,3794
3786,3796
3789,3790
3789,3792
3790,3791
3792,3793
3794,3795
3796,3797
3797,3798
3799,3800
3799,3801
3802,3803
3802,3804
3802,3805
3802,3810
3802,3812
3802,3813
3805,3806
3805,3808
3806,3807
3808,3809
3810,3811
3813,3814
3815,3816
3815,3817
3815,3818
3815,3820
3815,3824
3815,3825
3815,3899
3818,3819
3820,3821
3820,3822
3822,3823
3825,3826
3825,3827
3825,3841
3825,3859
3825,3884
3827,3828
3827,3831
3827,3839
3827,3840
3828,3829
3828,3830
3831,3832
3831,3833
3833,3834
3833,3836
3834,3835
3836,3837
3836,3838
3841,3842
3841,3858
3842,3843
3842,3856
3843,3844
3843,3854
3844,3845
3844,3852
3845,3846
3845,3850
3846,3847
3846,3848
3848,3849
3850,3851
3852,3853
3854,3855
3856,3857
3859,3860
3859,3883
3860,3861
3860,3871
3860,3873
3861,3862
3861,3869
3862,3863
3862,3867
3863,3864
3863,3865
3865,3866
3867,3868
3869,3870
3871,3872
3873,3874
3873,3881
3874,3875
3874,3879
3875,3876
3875,3877
3877,3878
3879,3880
3881,3882
3884,3885
3884,3898
3885,3886
3885,3896
3886,3887
3886,3894
3887,3888
3887,3892
3888,3889
3888,3890
3890,3891
3892,3893
3894,3895
3896,3897
3900,3901
3900,3902
3900,3903
3900,3905
3900,3911
3900,3913
3900,3950
3903,3904
3905,3906
3905,3909
3906,3907
3906,3908
3909,3910
3911,3912
3913,3914
3913,3916
3913,3929
3914,3915
3916,3917
3916,3928
3917,3918
3917,3921
3918,3919
3918,3920
3921,3922
3921,3924
3922,3923
3924,3925
3924,3926
3926,3927
3929,3930
3929,3931
3931,3932
3931,3949
3932,3933
3932,3936
3933,3934
3933,3935
3936,3937
3936,3939
3937,3938
3939,3940
3939,3947
3940,3941
3940,3946
3941,3942
3941,3945
3942,3943
3942,3944
3947,3948
3951,3952
3951,3955
3952,3953
3953,3954
3956,3957
3956,3958
3956,3962
3956,3967
3956,3969
3958,3959
3959,3960
3959,3961
3962,3963
3963,3964
3963,3965
3963,3966
3967,3968
3969,3970
3971,3972
3971,3973
3971,3974
3971,3976
3974,3975
3976,3977
3977,3978
