1,2
1,3
1,6
1,15
3,4
4,5
6,7
7,8
7,9
7,11
7,13
7,14
9,10
11,12
16,17
16,18
16,19
16,27
19,20
19,22
20,21
22,23
22,24
22,26
24,25
27,28
28,29
30,31
30,32
33,34
33,35
33,36
33,37
33,38
33,39
33,40
33,41
33,43
33,45
41,42
43,44
46,47
46,48
46,50
46,53
46,56
46,57
48,49
50,51
50,52
53,54
53,55
57,58
59,60
59,61
59,63
59,65
59,67
59,69
59,71
59,80
59,99
59,101
59,103
59,154
59,156
59,163
59,165
59,166
59,169
59,175
59,180
59,181
59,201
59,203
59,222
61,62
63,64
65,66
67,68
69,70
71,72
71,75
72,73
72,74
75,76
75,78
75,79
76,77
80,81
80,82
82,83
82,85
83,84
85,86
85,87
85,95
87,88
88,89
88,91
89,90
91,92
91,93
91,94
95,96
95,97
95,98
99,100
101,102
103,104
103,105
105,106
105,107
105,110
105,147
105,153
107,108
108,109
110,111
110,112
112,113
112,115
113,114
115,116
115,117
117,118
117,120
118,119
120,121
120,122
122,123
123,124
123,125
125,126
125,128
125,135
125,139
126,127
128,129
129,130
129,131
129,133
131,132
133,134
135,136
136,137
137,138
139,140
139,144
140,141
140,142
142,143
144,145
145,146
147,148
147,149
149,150
149,151
149,152
154,155
156,157
156,158
158,159
158,161
158,162
159,160
163,164
166,167
167,168
169,170
169,171
171,172
172,173
173,174
175,176
175,177
177,178
178,179
181,182
181,183
183,184
183,187
183,195
183,197
184,185
185,186
187,188
187,189
189,190
189,193
189,194
190,191
190,192
195,196
197,198
197,199
199,200
201,202
203,204
203,207
204,205
204,206
207,208
207,210
208,209
210,211
210,212
210,218
212,213
212,215
212,216
212,217
213,214
218,219
218,220
218,221
222,223
222,224
224,225
224,226
224,229
224,231
226,227
227,228
229,230
231,232
231,235
231,281
232,233
232,234
235,236
236,237
236,239
236,240
236,277
237,238
240,241
240,242
240,274
242,243
242,253
242,258
243,244
243,246
244,245
246,247
247,248
247,249
249,250
249,251
249,252
253,254
253,255
255,256
255,257
258,259
258,271
259,260
259,263
260,261
261,262
263,264
263,265
263,267
265,266
267,268
267,269
269,270
271,272
271,273
274,275
274,276
277,278
277,279
277,280
281,282
281,283
281,286
283,284
284,285
286,287
286,288
286,290
288,289
290,291
290,292
292,293
294,295
294,296
294,297
294,298
294,299
294,300
294,301
301,302
301,305
301,315
301,317
301,319
301,321
301,323
301,379
302,303
303,304
305,306
305,308
306,307
308,309
308,310
308,314
310,311
310,312
312,313
315,316
317,318
319,320
321,322
323,324
323,325
325,326
326,327
326,334
326,375
327,328
328,329
329,330
329,333
330,331
330,332
334,335
334,336
334,343
334,353
334,361
334,369
334,374
336,337
336,338
338,339
338,341
338,342
339,340
343,344
343,345
345,346
345,351
345,352
346,347
346,348
348,349
349,350
353,354
354,355
354,360
355,356
355,357
357,358
358,359
361,362
362,363
362,368
363,364
363,365
365,366
366,367
369,370
369,371
371,372
372,373
375,376
375,378
376,377
380,381
380,382
380,384
380,385
380,388
380,391
380,393
380,395
380,398
380,399
380,400
382,383
385,386
386,387
388,389
389,390
391,392
393,394
395,396
396,397
400,401
401,402
403,404
403,405
403,406
403,408
403,426
406,407
408,409
409,410
410,411
410,416
410,421
411,412
411,413
411,414
414,415
416,417
416,418
416,419
419,420
421,422
421,423
421,424
424,425
426,427
426,430
427,428
427,429
431,432
431,439
431,441
431,443
431,445
431,448
431,452
431,453
431,454
431,456
431,460
431,462
431,465
431,466
432,433
432,434
432,436
432,438
434,435
436,437
439,440
441,442
443,444
445,446
446,447
448,449
449,450
449,451
454,455
456,457
457,458
457,459
460,461
462,463
463,464
466,467
468,469
468,470
468,471
468,473
468,491
471,472
473,474
474,475
475,476
475,481
475,486
476,477
476,478
476,479
479,480
481,482
481,483
481,484
484,485
486,487
486,488
486,489
489,490
491,492
491,495
492,493
492,494
496,497
496,498
496,500
496,502
496,504
496,506
496,508
496,517
496,536
496,538
496,540
496,591
496,593
496,600
496,602
496,603
496,606
496,612
496,617
496,618
496,638
496,640
496,659
498,499
500,501
502,503
504,505
506,507
508,509
508,512
509,510
509,511
512,513
512,515
512,516
513,514
517,518
517,519
519,520
519,522
520,521
522,523
522,524
522,532
524,525
525,526
525,528
526,527
528,529
528,530
528,531
532,533
532,534
532,535
536,537
538,539
540,541
540,542
542,543
542,544
542,547
542,584
542,590
544,545
545,546
547,548
547,549
549,550
549,552
550,551
552,553
552,554
554,555
554,557
555,556
557,558
557,559
559,560
560,561
560,562
562,563
562,565
562,572
562,576
563,564
565,566
566,567
566,568
566,570
568,569
570,571
572,573
573,574
574,575
576,577
576,581
577,578
577,579
579,580
581,582
582,583
584,585
584,586
586,587
586,588
586,589
591,592
593,594
593,595
595,596
595,598
595,599
596,597
600,601
603,604
604,605
606,607
606,608
608,609
609,610
610,611
612,613
612,614
614,615
615,616
618,619
618,620
620,621
620,624
620,632
620,634
621,622
622,623
624,625
624,626
626,627
626,630
626,631
627,628
627,629
632,633
634,635
634,636
636,637
638,639
640,641
640,644
641,642
641,643
644,645
644,647
645,646
647,648
647,649
647,655
649,650
649,652
649,653
649,654
650,651
655,656
655,657
655,658
659,660
659,661
661,662
661,663
661,666
661,668
663,664
664,665
666,667
668,669
668,672
668,718
669,670
669,671
672,673
673,674
673,676
673,677
673,714
674,675
677,678
677,679
677,711
679,680
679,690
679,695
680,681
680,683
681,682
683,684
684,685
684,686
686,687
686,688
686,689
690,691
690,692
692,693
692,694
695,696
695,708
696,697
696,700
697,698
698,699
700,701
700,702
700,704
702,703
704,705
704,706
706,707
708,709
708,710
711,712
711,713
714,715
714,716
714,717
718,719
718,720
718,723
720,721
721,722
723,724
723,725
723,727
725,726
727,728
727,729
729,730
731,732
731,733
731,734
731,736
731,754
734,735
736,737
737,738
738,739
738,744
738,749
739,740
739,741
739,742
742,743
744,745
744,746
744,747
747,748
749,750
749,751
749,752
752,753
754,755
754,758
755,756
755,757
759,760
759,761
759,762
759,763
759,764
759,765
759,770
759,773
759,777
759,779
759,780
759,781
759,829
765,766
765,767
767,768
767,769
770,771
771,772
773,774
774,775
775,776
777,778
781,782
781,783
781,814
783,784
783,787
783,795
783,798
783,806
784,785
785,786
787,788
787,789
789,790
789,793
789,794
790,791
791,792
795,796
796,797
798,799
798,800
800,801
800,804
800,805
801,802
802,803
806,807
806,808
808,809
808,810
808,813
810,811
811,812
814,815
814,817
815,816
817,818
817,819
819,820
819,821
819,824
819,828
821,822
822,823
824,825
824,826
826,827
829,830
829,831
829,971
831,832
831,834
831,836
832,833
834,835
836,837
836,842
836,965
837,838
837,841
838,839
838,840
842,843
842,846
842,849
842,851
842,852
842,853
842,912
842,925
843,844
844,845
846,847
847,848
849,850
853,854
853,855
855,856
855,857
855,859
855,860
855,878
855,887
855,891
855,911
857,858
860,861
860,862
860,876
862,863
863,864
863,869
863,872
864,865
865,866
866,867
866,868
869,870
869,871
872,873
872,874
874,875
876,877
878,879
878,880
878,884
880,881
881,882
882,883
884,885
885,886
887,888
888,889
889,890
891,892
891,895
891,909
892,893
893,894
895,896
895,908
896,897
897,898
897,900
897,902
897,905
898,899
900,901
902,903
903,904
905,906
906,907
909,910
912,913
912,914
914,915
914,922
914,923
914,924
915,916
915,917
917,918
918,919
919,920
920,921
925,926
925,963
926,927
926,931
927,928
928,929
929,930
931,932
931,933
931,938
933,934
933,936
934,935
936,937
938,939
938,941
939,940
941,942
941,945
941,956
942,943
942,944
945,946
945,950
945,951
945,952
945,954
946,947
947,948
948,949
952,953
954,955
956,957
956,960
957,958
957,959
960,961
961,962
963,964
965,966
965,968
966,967
968,969
969,970
971,972
971,973
973,974
973,975
975,976
975,979
975,981
975,983
975,1018
976,977
977,978
979,980
981,982
983,984
983,989
983,1014
984,985
984,988
985,986
985,987
989,990
989,991
989,998
989,1008
989,1013
991,992
991,993
993,994
993,996
993,997
994,995
998,999
998,1000
1000,1001
1000,1006
1000,1007
1001,1002
1001,1003
1003,1004
1004,1005
1008,1009
1008,1010
1010,1011
1011,1012
1014,1015
1014,1017
1015,1016
1019,1020
1019,1021
1019,1023
1019,1027
1019,1029
1019,1031
1019,1033
1019,1035
1019,1037
1019,1045
1021,1022
1023,1024
1024,1025
1025,1026
1027,1028
1029,1030
1031,1032
1033,1034
1035,1036
1037,1038
1038,1039
1038,1040
1040,1041
1041,1042
1042,1043
1043,1044
1045,1046
1047,1048
1047,1049
1047,1050
1047,1053
1047,1060
1047,1064
1047,1066
1047,1067
1047,1068
1047,1070
1047,1073
1047,1075
1047,1084
1047,1085
1047,1086
1047,1089
1050,1051
1051,1052
1053,1054
1053,1055
1055,1056
1056,1057
1057,1058
1058,1059
1060,1061
1061,1062
1061,1063
1064,1065
1068,1069
1070,1071
1071,1072
1073,1074
1075,1076
1075,1077
1077,1078
1077,1081
1078,1079
1079,1080
1081,1082
1081,1083
1086,1087
1087,1088
1089,1090
1090,1091
1092,1093
1092,1094
1092,1095
1092,1096
1092,1097
1092,1098
1092,1103
1092,1106
1092,1110
1092,1112
1092,1113
1092,1114
1092,1162
1098,1099
1098,1100
1100,1101
1100,1102
1103,1104
1104,1105
1106,1107
1107,1108
1108,1109
1110,1111
1114,1115
1114,1116
1114,1147
1116,1117
1116,1120
1116,1128
1116,1131
1116,1139
1117,1118
1118,1119
1120,1121
1120,1122
1122,1123
1122,1126
1122,1127
1123,1124
1124,1125
1128,1129
1129,1130
1131,1132
1131,1133
1133,1134
1133,1137
1133,1138
1134,1135
1135,1136
1139,1140
1139,1141
1141,1142
1141,1143
1141,1146
1143,1144
1144,1145
1147,1148
1147,1150
1148,1149
1150,1151
1150,1152
1152,1153
1152,1154
1152,1157
1152,1161
1154,1155
1155,1156
1157,1158
1157,1159
1159,1160
1162,1163
1162,1164
1162,1304
1164,1165
1164,1167
1164,1169
1165,1166
1167,1168
1169,1170
1169,1175
1169,1298
1170,1171
1170,1174
1171,1172
1171,1173
1175,1176
1175,1179
1175,1182
1175,1184
1175,1185
1175,1186
1175,1245
1175,1258
1176,1177
1177,1178
1179,1180
1180,1181
1182,1183
1186,1187
1186,1188
1188,1189
1188,1190
1188,1192
1188,1193
1188,1211
1188,1220
1188,1224
1188,1244
1190,1191
1193,1194
1193,1195
1193,1209
1195,1196
1196,1197
1196,1202
1196,1205
1197,1198
1198,1199
1199,1200
1199,1201
1202,1203
1202,1204
1205,1206
1205,1207
1207,1208
1209,1210
1211,1212
1211,1213
1211,1217
1213,1214
1214,1215
1215,1216
1217,1218
1218,1219
1220,1221
1221,1222
1222,1223
1224,1225
1224,1228
1224,1242
1225,1226
1226,1227
1228,1229
1228,1241
1229,1230
1230,1231
1230,1233
1230,1235
1230,1238
1231,1232
1233,1234
1235,1236
1236,1237
1238,1239
1239,1240
1242,1243
1245,1246
1245,1247
1247,1248
1247,1255
1247,1256
1247,1257
1248,1249
1248,1250
1250,1251
1251,1252
1252,1253
1253,1254
1258,1259
1258,1296
1259,1260
1259,1264
1260,1261
1261,1262
1262,1263
1264,1265
1264,1266
1264,1271
1266,1267
1266,1269
1267,1268
1269,1270
1271,1272
1271,1274
1272,1273
1274,1275
1274,1278
1274,1289
1275,1276
1275,1277
1278,1279
1278,1283
1278,1284
1278,1285
1278,1287
1279,1280
1280,1281
1281,1282
1285,1286
1287,1288
1289,1290
1289,1293
1290,1291
1290,1292
1293,1294
1294,1295
1296,1297
1298,1299
1298,1301
1299,1300
1301,1302
1302,1303
1304,1305
1304,1306
1306,1307
1306,1308
1308,1309
1308,1312
1308,1314
1308,1316
1308,1351
1309,1310
1310,1311
1312,1313
1314,1315
1316,1317
1316,1322
1316,1347
1317,1318
1317,1321
1318,1319
1318,1320
1322,1323
1322,1324
1322,1331
1322,1341
1322,1346
1324,1325
1324,1326
1326,1327
1326,1329
1326,1330
1327,1328
1331,1332
1331,1333
1333,1334
1333,1339
1333,1340
1334,1335
1334,1336
1336,1337
1337,1338
1341,1342
1341,1343
1343,1344
1344,1345
1347,1348
1347,1350
1348,1349
1352,1353
1352,1354
1352,1357
1352,1364
1352,1367
1352,1368
1352,1373
1352,1377
1352,1378
1352,1379
1352,1382
1352,1384
1352,1385
1352,1406
1352,1407
1352,1408
1352,1410
1352,1411
1352,1414
1354,1355
1355,1356
1357,1358
1357,1359
1359,1360
1360,1361
1361,1362
1362,1363
1364,1365
1365,1366
1368,1369
1368,1370
1370,1371
1371,1372
1373,1374
1374,1375
1374,1376
1379,1380
1380,1381
1382,1383
1385,1386
1385,1387
1385,1393
1387,1388
1387,1391
1388,1389
1388,1390
1391,1392
1393,1394
1393,1397
1394,1395
1395,1396
1397,1398
1397,1402
1398,1399
1399,1400
1400,1401
1402,1403
1402,1404
1404,1405
1408,1409
1411,1412
1412,1413
1414,1415
1415,1416
1417,1418
1417,1419
1417,1420
1417,1423
1417,1425
1417,1427
1420,1421
1421,1422
1423,1424
1425,1426
1427,1428
1427,1430
1428,1429
1431,1432
1431,1433
1431,1434
1431,1435
1431,1443
1435,1436
1435,1439
1436,1437
1436,1438
1439,1440
1440,1441
1441,1442
1443,1444
1443,1447
1444,1445
1444,1446
1447,1448
1448,1449
1449,1450
1451,1452
1451,1453
1453,1454
1454,1455
1455,1456
1457,1458
1457,1459
1457,1460
1457,1463
1457,1466
1457,1468
1457,1470
1457,1476
1457,1477
1457,1481
1457,1482
1457,1483
1457,1486
1457,1487
1457,1491
1457,1493
1457,1495
1457,1498
1457,1507
1457,1508
1457,1511
1457,1514
1460,1461
1461,1462
1463,1464
1464,1465
1466,1467
1468,1469
1470,1471
1470,1472
1472,1473
1473,1474
1473,1475
1477,1478
1478,1479
1478,1480
1483,1484
1484,1485
1487,1488
1487,1489
1489,1490
1491,1492
1493,1494
1495,1496
1496,1497
1498,1499
1498,1503
1499,1500
1500,1501
1501,1502
1503,1504
1503,1505
1505,1506
1508,1509
1509,1510
1511,1512
1512,1513
1514,1515
1515,1516
1517,1518
1517,1519
1517,1520
1517,1526
1517,1529
1517,1531
1517,1534
1517,1539
1517,1542
1517,1545
1517,1548
1517,1551
1520,1521
1520,1524
1521,1522
1521,1523
1524,1525
1526,1527
1527,1528
1529,1530
1531,1532
1532,1533
1534,1535
1534,1536
1536,1537
1537,1538
1539,1540
1539,1541
1542,1543
1542,1544
1545,1546
1546,1547
1548,1549
1548,1550
1551,1552
1551,1553
1554,1555
1554,1556
1554,1557
1554,1558
1554,1560
1554,1562
1554,1565
1554,1566
1558,1559
1560,1561
1562,1563
1563,1564
1566,1567
1568,1569
1568,1570
1568,1572
1568,1574
1568,1576
1568,1578
1570,1571
1572,1573
1574,1575
1576,1577
1579,1580
1579,1581
1579,1583
1579,1589
1581,1582
1583,1584
1583,1587
1584,1585
1584,1586
1587,1588
1590,1591
1590,1592
1590,1593
1590,1595
1590,1613
1590,1614
1593,1594
1595,1596
1596,1597
1597,1598
1597,1603
1597,1608
1598,1599
1598,1600
1598,1601
1601,1602
1603,1604
1603,1605
1603,1606
1606,1607
1608,1609
1608,1610
1608,1611
1611,1612
1614,1615
1614,1617
1615,1616
1618,1619
1618,1620
1618,1621
1618,1623
1618,1641
1618,1642
1618,1647
1618,1653
1621,1622
1623,1624
1624,1625
1625,1626
1625,1631
1625,1636
1626,1627
1626,1628
1626,1629
1629,1630
1631,1632
1631,1633
1631,1634
1634,1635
1636,1637
1636,1638
1636,1639
1639,1640
1642,1643
1642,1646
1643,1644
1643,1645
1647,1648
1647,1652
1648,1649
1648,1651
1649,1650
1653,1654
1653,1657
1653,1658
1654,1655
1654,1656
1658,1659
1660,1661
1660,1662
1660,1664
1660,1666
1660,1670
1660,1672
1660,1676
1660,1680
1660,1684
1662,1663
1664,1665
1666,1667
1666,1668
1668,1669
1670,1671
1672,1673
1672,1674
1674,1675
1676,1677
1677,1678
1678,1679
1680,1681
1680,1682
1682,1683
1685,1686
1685,1687
1685,1689
1685,1716
1685,1718
1685,1720
1685,1736
1685,1738
1685,1740
1685,1764
1685,1766
1685,1797
1685,1799
1687,1688
1689,1690
1689,1693
1690,1691
1690,1692
1693,1694
1693,1699
1693,1704
1693,1709
1693,1714
1694,1695
1694,1697
1695,1696
1697,1698
1699,1700
1700,1701
1700,1703
1701,1702
1704,1705
1704,1707
1705,1706
1707,1708
1709,1710
1709,1712
1710,1711
1712,1713
1714,1715
1716,1717
1718,1719
1720,1721
1720,1723
1721,1722
1723,1724
1723,1727
1723,1730
1723,1734
1724,1725
1725,1726
1727,1728
1728,1729
1730,1731
1731,1732
1732,1733
1734,1735
1736,1737
1738,1739
1740,1741
1740,1743
1741,1742
1743,1744
1743,1746
1744,1745
1746,1747
1746,1748
1746,1752
1748,1749
1749,1750
1750,1751
1752,1753
1752,1754
1752,1758
1754,1755
1755,1756
1756,1757
1758,1759
1758,1760
1760,1761
1761,1762
1762,1763
1764,1765
1766,1767
1766,1769
1767,1768
1769,1770
1769,1772
1769,1774
1769,1778
1769,1782
1769,1788
1769,1794
1769,1796
1770,1771
1772,1773
1774,1775
1775,1776
1776,1777
1778,1779
1779,1780
1780,1781
1782,1783
1782,1786
1783,1784
1784,1785
1786,1787
1788,1789
1788,1792
1789,1790
1790,1791
1792,1793
1794,1795
1797,1798
1799,1800
1799,1803
1800,1801
1800,1802
1803,1804
1803,1810
1803,1812
1803,1814
1803,1817
1803,1819
1803,1820
1803,1822
1804,1805
1805,1806
1805,1809
1806,1807
1807,1808
1810,1811
1812,1813
1814,1815
1815,1816
1817,1818
1820,1821
1822,1823
1822,1829
1823,1824
1824,1825
1824,1828
1825,1826
1826,1827
1830,1831
1830,1832
1830,1833
1830,1834
1830,1835
1830,1836
1836,1837
1838,1839
1838,1843
1838,1845
1838,1846
1838,1848
1838,1849
1838,1851
1838,1853
1838,1855
1838,1857
1838,1859
1838,1863
1838,1865
1839,1840
1839,1841
1839,1842
1843,1844
1846,1847
1849,1850
1851,1852
1853,1854
1855,1856
1857,1858
1859,1860
1860,1861
1861,1862
1863,1864
1865,1866
1867,1868
1867,1869
1867,1870
1867,1871
1867,1889
1871,1872
1871,1876
1871,1885
1872,1873
1872,1875
1873,1874
1876,1877
1876,1880
1876,1882
1876,1884
1877,1878
1878,1879
1880,1881
1882,1883
1885,1886
1885,1888
1886,1887
1890,1891
1890,1892
1890,1895
1890,1898
1892,1893
1893,1894
1895,1896
1896,1897
1899,1900
1899,1901
1899,1902
1899,1905
1899,1921
1899,1922
1902,1903
1903,1904
1905,1906
1905,1907
1907,1908
1907,1912
1907,1915
1908,1909
1909,1910
1910,1911
1912,1913
1913,1914
1915,1916
1915,1917
1917,1918
1918,1919
1919,1920
1923,1924
1923,1925
1926,1927
1926,1931
1926,1933
1926,1935
1926,1936
1926,1938
1926,1939
1926,1941
1927,1928
1927,1929
1927,1930
1931,1932
1933,1934
1936,1937
1939,1940
1941,1942
1941,1944
1941,1946
1941,1950
1941,1952
1941,1954
1942,1943
1944,1945
1946,1947
1947,1948
1948,1949
1950,1951
1952,1953
1954,1955
1954,1956
1954,1957
1957,1958
1958,1959
1960,1961
1960,1962
1962,1963
1964,1965
1964,1966
1964,1967
1964,1969
1964,1992
1967,1968
1969,1970
1970,1971
1971,1972
1971,1977
1971,1982
1971,1987
1972,1973
1972,1974
1972,1975
1975,1976
1977,1978
1977,1979
1977,1980
1980,1981
1982,1983
1982,1984
1982,1985
1985,1986
1987,1988
1987,1989
1987,1990
1990,1991
1992,1993
1992,1996
1993,1994
1993,1995
1997,1998
1997,2003
1997,2005
1997,2007
1997,2008
1997,2010
1997,2012
1998,1999
1998,2000
1998,2002
2000,2001
2003,2004
2005,2006
2008,2009
2010,2011
2012,2013
2013,2014
2013,2017
2014,2015
2015,2016
2018,2019
2018,2020
2018,2021
2018,2023
2018,2046
2018,2051
2018,2056
2021,2022
2023,2024
2024,2025
2025,2026
2025,2031
2025,2036
2025,2041
2026,2027
2026,2028
2026,2029
2029,2030
2031,2032
2031,2033
2031,2034
2034,2035
2036,2037
2036,2038
2036,2039
2039,2040
2041,2042
2041,2043
2041,2044
2044,2045
2046,2047
2046,2050
2047,2048
2047,2049
2051,2052
2051,2055
2052,2053
2052,2054
2056,2057
2056,2059
2057,2058
2060,2061
2060,2062
2060,2063
2060,2064
2060,2065
2060,2066
2060,2067
2060,2069
2067,2068
2069,2070
2069,2079
2069,2088
2069,2097
2069,2106
2069,2115
2069,2124
2069,2133
2069,2142
2070,2071
2071,2072
2072,2073
2072,2074
2072,2075
2072,2076
2072,2077
2072,2078
2079,2080
2080,2081
2081,2082
2081,2083
2081,2084
2081,2085
2081,2086
2081,2087
2088,2089
2089,2090
2090,2091
2090,2092
2090,2093
2090,2094
2090,2095
2090,2096
2097,2098
2098,2099
2099,2100
2099,2101
2099,2102
2099,2103
2099,2104
2099,2105
2106,2107
2107,2108
2108,2109
2108,2110
2108,2111
2108,2112
2108,2113
2108,2114
2115,2116
2116,2117
2117,2118
2117,2119
2117,2120
2117,2121
2117,2122
2117,2123
2124,2125
2125,2126
2126,2127
2126,2128
2126,2129
2126,2130
2126,2131
2126,2132
2133,2134
2134,2135
2135,2136
2135,2137
2135,2138
2135,2139
2135,2140
2135,2141
2142,2143
2144,2145
2144,2146
2144,2147
2144,2149
2144,2167
2147,2148
2149,2150
2150,2151
2151,2152
2151,2157
2151,2162
2152,2153
2152,2154
2152,2155
2155,2156
2157,2158
2157,2159
2157,2160
2160,2161
2162,2163
2162,2164
2162,2165
2165,2166
2167,2168
2167,2171
2168,2169
2168,2170
2172,2173
2172,2174
2172,2175
2172,2177
2172,2200
2172,2205
2175,2176
2177,2178
2178,2179
2179,2180
2179,2185
2179,2190
2179,2195
2180,2181
2180,2182
2180,2183
2183,2184
2185,2186
2185,2187
2185,2188
2188,2189
2190,2191
2190,2192
2190,2193
2193,2194
2195,2196
2195,2197
2195,2198
2198,2199
2200,2201
2200,2204
2201,2202
2201,2203
2205,2206
2205,2208
2206,2207
2209,2210
2209,2211
2209,2214
2209,2221
2209,2224
2209,2225
2209,2230
2209,2234
2209,2235
2209,2236
2209,2239
2209,2241
2209,2242
2209,2263
2209,2264
2209,2265
2209,2267
2209,2268
2209,2271
2211,2212
2212,2213
2214,2215
2214,2216
2216,2217
2217,2218
2218,2219
2219,2220
2221,2222
2222,2223
2225,2226
2225,2227
2227,2228
2228,2229
2230,2231
2231,2232
2231,2233
2236,2237
2237,2238
2239,2240
2242,2243
2242,2244
2242,2250
2244,2245
2244,2248
2245,2246
2245,2247
2248,2249
2250,2251
2250,2254
2251,2252
2252,2253
2254,2255
2254,2259
2255,2256
2256,2257
2257,2258
2259,2260
2259,2261
2261,2262
2265,2266
2268,2269
2269,2270
2271,2272
2272,2273
2274,2275
2274,2276
2274,2277
2274,2279
2274,2297
2277,2278
2279,2280
2280,2281
2281,2282
2281,2287
2281,2292
2282,2283
2282,2284
2282,2285
2285,2286
2287,2288
2287,2289
2287,2290
2290,2291
2292,2293
2292,2294
2292,2295
2295,2296
2297,2298
2297,2301
2298,2299
2298,2300
2302,2303
2302,2304
2302,2307
2304,2305
2305,2306
2307,2308
2307,2309
2310,2311
2310,2312
2310,2313
2310,2314
2310,2315
2310,2318
2315,2316
2316,2317
2318,2319
2318,2323
2319,2320
2319,2322
2320,2321
2323,2324
2323,2326
2323,2328
2324,2325
2326,2327
2328,2329
2328,2330
2330,2331
2330,2334
2331,2332
2332,2333
2334,2335
2334,2336
2336,2337
2336,2341
2337,2338
2338,2339
2339,2340
2342,2343
2342,2348
2342,2350
2342,2353
2342,2356
2342,2357
2342,2358
2342,2360
2342,2361
2343,2344
2343,2345
2343,2347
2345,2346
2348,2349
2350,2351
2351,2352
2353,2354
2354,2355
2358,2359
2361,2362
2361,2364
2361,2366
2361,2370
2361,2372
2361,2376
2361,2378
2361,2379
2362,2363
2364,2365
2366,2367
2367,2368
2367,2369
2370,2371
2372,2373
2373,2374
2374,2375
2376,2377
2379,2380
2381,2382
2381,2385
2382,2383
2383,2384
2385,2386
2385,2387
2387,2388
2387,2391
2388,2389
2389,2390
2391,2392
2391,2393
2393,2394
2393,2396
2393,2399
2394,2395
2396,2397
2397,2398
2399,2400
2399,2401
2401,2402
2402,2403
2404,2405
2404,2406
2404,2407
2404,2409
2404,2430
2407,2408
2409,2410
2410,2411
2411,2412
2411,2415
2411,2420
2411,2425
2412,2413
2412,2414
2415,2416
2415,2417
2415,2418
2418,2419
2420,2421
2420,2422
2420,2423
2423,2424
2425,2426
2425,2427
2425,2428
2428,2429
2430,2431
2430,2434
2431,2432
2431,2433
2435,2436
2435,2437
2435,2440
2435,2442
2435,2450
2437,2438
2438,2439
2440,2441
2442,2443
2443,2444
2443,2445
2443,2448
2443,2449
2445,2446
2446,2447
2451,2452
2451,2453
2451,2454
2451,2457
2451,2460
2451,2463
2451,2465
2451,2516
2454,2455
2455,2456
2457,2458
2458,2459
2460,2461
2461,2462
2463,2464
2465,2466
2465,2467
2467,2468
2467,2471
2468,2469
2469,2470
2471,2472
2471,2473
2471,2512
2473,2474
2473,2477
2474,2475
2475,2476
2477,2478
2477,2479
2477,2508
2479,2480
2479,2486
2479,2500
2480,2481
2480,2484
2481,2482
2482,2483
2484,2485
2486,2487
2486,2488
2488,2489
2488,2491
2488,2496
2489,2490
2491,2492
2491,2493
2493,2494
2494,2495
2496,2497
2496,2498
2498,2499
2500,2501
2501,2502
2501,2504
2502,2503
2504,2505
2504,2506
2506,2507
2508,2509
2509,2510
2510,2511
2512,2513
2513,2514
2514,2515
2516,2517
2517,2518
2517,2520
2517,2534
2517,2536
2517,2547
2517,2548
2518,2519
2520,2521
2521,2522
2521,2529
2522,2523
2522,2528
2523,2524
2524,2525
2525,2526
2526,2527
2529,2530
2529,2531
2531,2532
2532,2533
2534,2535
2536,2537
2536,2538
2538,2539
2538,2543
2539,2540
2540,2541
2541,2542
2543,2544
2544,2545
2545,2546
2549,2550
2549,2551
2549,2554
2549,2560
2551,2552
2552,2553
2554,2555
2555,2556
2555,2558
2556,2557
2558,2559
2560,2561
2562,2563
2562,2564
2562,2565
2562,2568
2562,2571
2562,2573
2562,2575
2562,2576
2562,2578
2562,2580
2562,2582
2562,2583
2562,2585
2562,2588
2562,2591
2562,2592
2565,2566
2566,2567
2568,2569
2569,2570
2571,2572
2573,2574
2576,2577
2578,2579
2580,2581
2583,2584
2585,2586
2586,2587
2588,2589
2589,2590
2592,2593
2593,2594
2595,2596
2595,2598
2595,2600
2595,2602
2595,2605
2595,2630
2596,2597
2598,2599
2600,2601
2602,2603
2603,2604
2605,2606
2605,2607
2607,2608
2607,2611
2608,2609
2609,2610
2611,2612
2611,2613
2613,2614
2613,2618
2614,2615
2615,2616
2616,2617
2618,2619
2618,2621
2619,2620
2621,2622
2622,2623
2622,2625
2623,2624
2625,2626
2625,2627
2625,2629
2627,2628
2631,2632
2631,2633
2633,2634
2633,2638
2633,2642
2633,2644
2633,2646
2633,2649
2633,2650
2634,2635
2635,2636
2636,2637
2638,2639
2638,2640
2640,2641
2642,2643
2644,2645
2646,2647
2647,2648
2650,2651
2650,2652
2650,2654
2652,2653
2655,2656
2655,2657
2655,2658
2655,2660
2655,2678
2655,2683
2658,2659
2660,2661
2661,2662
2662,2663
2662,2668
2662,2673
2663,2664
2663,2665
2663,2666
2666,2667
2668,2669
2668,2670
2668,2671
2671,2672
2673,2674
2673,2675
2673,2676
2676,2677
2678,2679
2678,2682
2679,2680
2679,2681
2683,2684
2683,2687
2684,2685
2684,2686
2688,2689
2688,2690
2690,2691
2691,2692
2692,2693
2693,2694
2694,2695
2695,2696
2696,2697
2697,2698
2698,2699
2699,2700
2700,2701
2701,2702
2702,2703
2703,2704
2704,2705
2705,2706
2707,2708
2707,2709
2707,2710
2707,2711
2711,2712
2711,2717
2711,2719
2711,2724
2711,2740
2712,2713
2712,2715
2713,2714
2715,2716
2717,2718
2719,2720
2720,2721
2720,2723
2721,2722
2724,2725
2724,2734
2724,2739
2725,2726
2726,2727
2726,2730
2726,2732
2727,2728
2727,2729
2730,2731
2732,2733
2734,2735
2734,2738
2735,2736
2735,2737
2740,2741
2740,2742
2742,2743
2743,2744
2743,2746
2744,2745
2747,2748
2747,2749
2747,2750
2747,2751
2747,2752
2747,2753
2753,2754
2755,2756
2755,2757
2755,2758
2755,2759
2755,2761
2755,2767
2759,2760
2761,2762
2761,2763
2763,2764
2764,2765
2765,2766
2767,2768
2767,2775
2768,2769
2768,2770
2770,2771
2771,2772
2772,2773
2773,2774
2775,2776
2777,2778
2777,2779
2777,2780
2777,2782
2777,2805
2777,2806
2777,2811
2780,2781
2782,2783
2783,2784
2784,2785
2784,2790
2784,2795
2784,2800
2785,2786
2785,2787
2785,2788
2788,2789
2790,2791
2790,2792
2790,2793
2793,2794
2795,2796
2795,2797
2795,2798
2798,2799
2800,2801
2800,2802
2800,2803
2803,2804
2806,2807
2806,2810
2807,2808
2807,2809
2811,2812
2812,2813
2812,2814
2815,2816
2815,2817
2815,2818
2815,2819
2815,2820
2815,2822
2815,2823
2815,2831
2820,2821
2823,2824
2823,2827
2824,2825
2824,2826
2827,2828
2828,2829
2828,2830
2832,2833
2832,2834
2832,2836
2832,2846
2834,2835
2836,2837
2836,2842
2837,2838
2837,2839
2837,2840
2840,2841
2842,2843
2843,2844
2844,2845
2847,2848
2847,2849
2847,2850
2847,2852
2847,2870
2850,2851
2852,2853
2853,2854
2854,2855
2854,2860
2854,2865
2855,2856
2855,2857
2855,2858
2858,2859
2860,2861
2860,2862
2860,2863
2863,2864
2865,2866
2865,2867
2865,2868
2868,2869
2870,2871
2870,2874
2871,2872
2871,2873
2875,2876
2875,2877
2875,2878
2875,2880
2875,2901
2875,2906
2878,2879
2880,2881
2881,2882
2882,2883
2882,2886
2882,2891
2882,2896
2883,2884
2883,2885
2886,2887
2886,2888
2886,2889
2889,2890
2891,2892
2891,2893
2891,2894
2894,2895
2896,2897
2896,2898
2896,2899
2899,2900
2901,2902
2901,2905
2902,2903
2902,2904
2906,2907
2906,2909
2907,2908
2910,2911
2910,2912
2910,2913
2910,2916
2910,2934
2910,2935
2910,2940
2910,2944
2913,2914
2914,2915
2916,2917
2917,2918
2918,2919
2918,2924
2918,2929
2919,2920
2919,2921
2919,2922
2922,2923
2924,2925
2924,2926
2924,2927
2927,2928
2929,2930
2929,2931
2929,2932
2932,2933
2935,2936
2935,2939
2936,2937
2936,2938
2940,2941
2940,2943
2941,2942
2944,2945
2944,2947
2945,2946
2948,2949
2948,2950
2948,2951
2948,2952
2948,2953
2948,2954
2954,2955
2956,2957
2956,2964
2956,2966
2956,2969
2956,2972
2956,2973
2956,2975
2956,2978
2956,2980
2957,2958
2957,2959
2957,2960
2957,2962
2957,2963
2960,2961
2964,2965
2966,2967
2967,2968
2969,2970
2970,2971
2973,2974
2975,2976
2976,2977
2978,2979
2980,2981
2982,2983
2982,2984
2982,3001
2984,2985
2984,2986
2986,2987
2986,2990
2987,2988
2988,2989
2990,2991
2990,2992
2992,2993
2992,2995
2993,2994
2995,2996
2995,2999
2996,2997
2996,2998
2999,3000
3002,3003
3002,3004
3002,3005
3002,3007
3002,3025
3002,3026
3002,3031
3005,3006
3007,3008
3008,3009
3009,3010
3009,3015
3009,3020
3010,3011
3010,3012
3010,3013
3013,3014
3015,3016
3015,3017
3015,3018
3018,3019
3020,3021
3020,3022
3020,3023
3023,3024
3026,3027
3026,3030
3027,3028
3027,3029
3031,3032
3032,3033
3032,3034
3035,3036
3035,3037
3035,3038
3035,3039
3039,3040
3041,3042
3041,3043
3041,3044
3041,3046
3041,3064
3041,3065
3041,3070
3044,3045
3046,3047
3047,3048
3048,3049
3048,3054
3048,3059
3049,3050
3049,3051
3049,3052
3052,3053
3054,3055
3054,3056
3054,3057
3057,3058
3059,3060
3059,3061
3059,3062
3062,3063
3065,3066
3065,3069
3066,3067
3066,3068
3070,3071
3071,3072
3071,3073
3074,3075
3074,3081
3074,3083
3074,3086
3074,3087
3074,3089
3075,3076
3075,3077
3075,3079
3075,3080
3077,3078
3081,3082
3083,3084
3084,3085
3087,3088
3090,3091
3090,3097
3090,3099
3090,3102
3090,3105
3090,3108
3090,3109
3090,3110
3090,3111
3090,3112
3090,3113
3090,3114
3090,3115
3090,3117
3091,3092
3091,3093
3091,3095
3091,3096
3093,3094
3097,3098
3099,3100
3100,3101
3102,3103
3103,3104
3105,3106
3106,3107
3115,3116
3117,3118
3119,3120
3119,3121
3119,3133
3121,3122
3121,3123
3123,3124
3124,3125
3125,3126
3125,3128
3126,3127
3128,3129
3129,3130
3130,3131
3131,3132
3134,3135
3135,3136
3135,3138
3135,3174
3135,3175
3136,3137
3138,3139
3138,3173
3139,3140
3140,3141
3141,3142
3141,3145
3141,3149
3141,3154
3141,3159
3141,3164
3141,3169
3142,3143
3142,3144
3145,3146
3145,3147
3145,3148
3149,3150
3149,3151
3149,3152
3149,3153
3154,3155
3154,3156
3154,3157
3154,3158
3159,3160
3159,3161
3159,3162
3159,3163
3164,3165
3164,3166
3164,3167
3164,3168
3169,3170
3169,3171
3169,3172
3175,3176
3175,3177
3177,3178
3179,3180
3179,3181
3179,3183
3181,3182
3183,3184
3185,3186
3185,3187
3185,3188
3185,3189
3185,3190
3185,3191
3191,3192
3193,3194
3193,3195
3193,3196
3193,3197
3193,3198
3193,3199
3199,3200
3201,3202
3201,3203
3201,3204
3201,3205
3201,3207
3201,3230
3201,3231
3201,3236
3201,3240
3205,3206
3207,3208
3208,3209
3209,3210
3209,3215
3209,3220
3209,3225
3210,3211
3210,3212
3210,3213
3213,3214
3215,3216
3215,3217
3215,3218
3218,3219
3220,3221
3220,3222
3220,3223
3223,3224
3225,3226
3225,3227
3225,3228
3228,3229
3231,3232
3231,3235
3232,3233
3232,3234
3236,3237
3237,3238
3237,3239
3240,3241
3240,3243
3241,3242
3244,3245
3244,3246
3244,3247
3247,3248
3249,3250
3249,3251
3249,3252
3249,3253
3249,3255
3249,3256
3249,3257
3249,3259
3249,3261
3249,3262
3249,3264
3249,3266
3253,3254
3257,3258
3259,3260
3262,3263
3264,3265
3266,3267
3266,3268
3268,3269
3269,3270
3271,3272
3271,3273
3271,3277
3271,3278
3271,3279
3271,3281
3271,3283
3271,3285
3271,3288
3271,3290
3271,3293
3271,3296
3271,3297
3273,3274
3273,3275
3275,3276
3279,3280
3281,3282
3283,3284
3285,3286
3286,3287
3288,3289
3290,3291
3290,3292
3293,3294
3293,3295
3297,3298
3297,3299
3299,3300
3301,3302
3301,3303
3301,3306
3301,3309
3303,3304
3304,3305
3306,3307
3307,3308
3310,3311
3310,3312
3310,3314
3310,3316
3310,3318
3310,3321
3310,3325
3310,3328
3310,3330
3310,3333
3310,3336
3312,3313
3314,3315
3316,3317
3318,3319
3319,3320
3321,3322
3322,3323
3323,3324
3325,3326
3325,3327
3328,3329
3330,3331
3330,3332
3333,3334
3333,3335
3336,3337
3336,3338
3339,3340
3339,3341
3339,3343
3339,3345
3339,3349
3339,3351
3339,3355
3339,3356
3339,3358
3339,3364
3339,3365
3339,3366
3339,3368
3339,3369
3341,3342
3343,3344
3345,3346
3346,3347
3347,3348
3349,3350
3351,3352
3351,3353
3353,3354
3356,3357
3358,3359
3359,3360
3360,3361
3360,3362
3360,3363
3366,3367
3369,3370
3369,3371
3372,3373
3372,3374
3374,3375
3375,3376
3376,3377
3377,3378
3378,3379
3379,3380
3380,3381
3381,3382
3382,3383
3383,3384
3384,3385
3385,3386
3386,3387
3387,3388
3388,3389
3389,3390
3390,3391
3391,3392
3392,3393
3393,3394
3394,3395
3395,3396
3396,3397
3397,3398
3398,3399
3399,3400
3400,3401
3401,3402
3402,3403
3403,3404
3405,3406
3405,3407
3405,3409
3405,3411
3405,3413
3405,3415
3405,3417
3405,3419
3405,3421
3405,3423
3405,3425
3405,3427
3405,3428
3405,3430
3405,3432
3405,3438
3405,3441
3405,3444
3405,3446
3407,3408
3409,3410
3411,3412
3413,3414
3415,3416
3417,3418
3419,3420
3421,3422
3423,3424
3425,3426
3428,3429
3430,3431
3432,3433
3433,3434
3433,3437
3434,3435
3434,3436
3438,3439
3439,3440
3441,3442
3442,3443
3444,3445
3446,3447
3448,3449
3448,3450
3448,3451
3448,3453
3448,3454
3448,3456
3448,3457
3448,3461
3448,3463
3448,3467
3448,3472
3448,3474
3448,3476
3451,3452
3454,3455
3457,3458
3458,3459
3459,3460
3461,3462
3463,3464
3463,3465
3465,3466
3467,3468
3467,3469
3469,3470
3470,3471
3472,3473
3474,3475
3477,3478
3477,3479
3477,3480
3477,3482
3477,3500
3477,3505
3480,3481
3482,3483
3483,3484
3484,3485
3484,3490
3484,3495
3485,3486
3485,3487
3485,3488
3488,3489
3490,3491
3490,3492
3490,3493
3493,3494
3495,3496
3495,3497
3495,3498
3498,3499
3500,3501
3500,3504
3501,3502
3501,3503
3505,3506
3505,3509
3506,3507
3506,3508
3510,3511
3510,3512
3510,3528
3510,3535
3510,3536
3510,3537
3512,3513
3513,3514
3513,3515
3513,3516
3513,3517
3513,3518
3513,3519
3513,3520
3513,3521
3513,3522
3513,3523
3513,3524
3513,3525
3513,3526
3513,3527
3528,3529
3529,3530
3530,3531
3530,3532
3530,3533
3530,3534
3538,3539
3538,3540
3538,3541
3538,3544
3538,3547
3538,3550
3538,3553
3538,3556
3538,3559
3538,3562
3538,3565
3538,3568
3538,3571
3538,3574
3538,3577
3538,3580
3538,3583
3538,3585
3538,3589
3538,3594
3538,3598
3538,3603
3538,3607
3538,3612
3538,3615
3538,3618
3538,3621
3538,3624
3538,3627
3538,3631
3538,3634
3538,3637
3538,3639
3538,3642
3541,3542
3542,3543
3544,3545
3545,3546
3547,3548
3548,3549
3550,3551
3550,3552
3553,3554
3553,3555
3556,3557
3556,3558
3559,3560
3559,3561
3562,3563
3562,3564
3565,3566
3565,3567
3568,3569
3568,3570
3571,3572
3571,3573
3574,3575
3574,3576
3577,3578
3577,3579
3580,3581
3581,3582
3583,3584
3585,3586
3586,3587
3586,3588
3589,3590
3590,3591
3590,3593
3591,3592
3594,3595
3595,3596
3595,3597
3598,3599
3599,3600
3599,3602
3600,3601
3603,3604
3604,3605
3604,3606
3607,3608
3608,3609
3608,3611
3609,3610
3612,3613
3613,3614
3615,3616
3616,3617
3618,3619
3619,3620
3621,3622
3622,3623
3624,3625
3625,3626
3627,3628
3628,3629
3628,3630
3631,3632
3632,3633
3634,3635
3635,3636
3637,3638
3639,3640
3640,3641
3642,3643
3642,3644
3642,3645
3645,3646
3646,3647
3646,3648
3646,3649
3646,3651
3649,3650
3652,3653
3652,3654
3654,3655
3656,3657
3656,3658
3656,3660
3656,3662
3656,3664
3656,3666
3656,3668
3656,3677
3656,3696
3656,3698
3656,3700
3656,3751
3656,3753
3656,3760
3656,3762
3656,3763
3656,3766
3656,3772
3656,3777
3656,3778
3656,3798
3656,3800
3656,3819
3658,3659
3660,3661
3662,3663
3664,3665
3666,3667
3668,3669
3668,3672
3669,3670
3669,3671
3672,3673
3672,3675
3672,3676
3673,3674
3677,3678
3677,3679
3679,3680
3679,3682
3680,3681
3682,3683
3682,3684
3682,3692
3684,3685
3685,3686
3685,3688
3686,3687
3688,3689
3688,3690
3688,3691
3692,3693
3692,3694
3692,3695
3696,3697
3698,3699
3700,3701
3700,3702
3702,3703
3702,3704
3702,3707
3702,3744
3702,3750
3704,3705
3705,3706
3707,3708
3707,3709
3709,3710
3709,3712
3710,3711
3712,3713
3712,3714
3714,3715
3714,3717
3715,3716
3717,3718
3717,3719
3719,3720
3720,3721
3720,3722
3722,3723
3722,3725
3722,3732
3722,3736
3723,3724
3725,3726
3726,3727
3726,3728
3726,3730
3728,3729
3730,3731
3732,3733
3733,3734
3734,3735
3736,3737
3736,3741
3737,3738
3737,3739
3739,3740
3741,3742
3742,3743
3744,3745
3744,3746
3746,3747
3746,3748
3746,3749
3751,3752
3753,3754
3753,3755
3755,3756
3755,3758
3755,3759
3756,3757
3760,3761
3763,3764
3764,3765
3766,3767
3766,3768
3768,3769
3769,3770
3770,3771
3772,3773
3772,3774
3774,3775
3775,3776
3778,3779
3778,3780
3780,3781
3780,3784
3780,3792
3780,3794
3781,3782
3782,3783
3784,3785
3784,3786
3786,3787
3786,3790
3786,3791
3787,3788
3787,3789
3792,3793
3794,3795
3794,3796
3796,3797
3798,3799
3800,3801
3800,3804
3801,3802
3801,3803
3804,3805
3804,3807
3805,3806
3807,3808
3807,3809
3807,3815
3809,3810
3809,3812
3809,3813
3809,3814
3810,3811
3815,3816
3815,3817
3815,3818
3819,3820
3819,3821
3821,3822
3821,3823
3821,3826
3821,3828
3823,3824
3824,3825
3826,3827
3828,3829
3828,3832
3828,3878
3829,3830
3829,3831
3832,3833
3833,3834
3833,3836
3833,3837
3833,3874
3834,3835
3837,3838
3837,3839
3837,3871
3839,3840
3839,3850
3839,3855
3840,3841
3840,3843
3841,3842
3843,3844
3844,3845
3844,3846
3846,3847
3846,3848
3846,3849
3850,3851
3850,3852
3852,3853
3852,3854
3855,3856
3855,3868
3856,3857
3856,3860
3857,3858
3858,3859
3860,3861
3860,3862
3860,3864
3862,3863
3864,3865
3864,3866
3866,3867
3868,3869
3868,3870
3871,3872
3871,3873
3874,3875
3874,3876
3874,3877
3878,3879
3878,3880
3878,3883
3880,3881
3881,3882
3883,3884
3883,3885
3883,3887
3885,3886
3887,3888
3887,3889
3889,3890
3891,3892
3891,3893
3891,3894
3891,3902
3891,3904
3891,3906
3891,3907
3891,3913
3891,3914
3891,3916
3894,3895
3894,3897
3895,3896
3897,3898
3897,3899
3897,3901
3899,3900
3902,3903
3904,3905
3907,3908
3907,3911
3908,3909
3909,3910
3911,3912
3914,3915
3917,3918
3917,3919
3917,3921
3917,3948
3917,3950
3917,3952
3917,3968
3917,3970
3917,3972
3917,3990
3917,3992
3917,4023
3917,4025
3919,3920
3921,3922
3921,3925
3922,3923
3922,3924
3925,3926
3925,3931
3925,3936
3925,3941
3925,3946
3926,3927
3926,3929
3927,3928
3929,3930
3931,3932
3932,3933
3932,3935
3933,3934
3936,3937
3936,3939
3937,3938
3939,3940
3941,3942
3941,3944
3942,3943
3944,3945
3946,3947
3948,3949
3950,3951
3952,3953
3952,3955
3953,3954
3955,3956
3955,3959
3955,3962
3955,3966
3956,3957
3957,3958
3959,3960
3960,3961
3962,3963
3963,3964
3964,3965
3966,3967
3968,3969
3970,3971
3972,3973
3972,3975
3973,3974
3975,3976
3975,3978
3976,3977
3978,3979
3978,3980
3978,3984
3980,3981
3981,3982
3982,3983
3984,3985
3984,3986
3986,3987
3987,3988
3988,3989
3990,3991
3992,3993
3992,3995
3993,3994
3995,3996
3995,3998
3995,4000
3995,4004
3995,4008
3995,4014
3995,4020
3995,4022
3996,3997
3998,3999
4000,4001
4001,4002
4002,4003
4004,4005
4005,4006
4006,4007
4008,4009
4008,4012
4009,4010
4010,4011
4012,4013
4014,4015
4014,4018
4015,4016
4016,4017
4018,4019
4020,4021
4023,4024
4025,4026
4025,4029
4026,4027
4026,4028
4029,4030
4029,4036
4029,4038
4029,4040
4029,4043
4029,4045
4029,4046
4029,4048
4030,4031
4031,4032
4031,4035
4032,4033
4033,4034
4036,4037
4038,4039
4040,4041
4041,4042
4043,4044
4046,4047
4048,4049
4048,4055
4049,4050
4050,4051
4050,4054
4051,4052
4052,4053
4056,4057
4056,4058
4056,4059
4056,4062
4056,4091
4056,4092
4056,4097
4056,4101
4056,4105
4059,4060
4060,4061
4062,4063
4063,4064
4064,4065
4064,4076
4064,4081
4064,4086
4065,4066
4065,4067
4065,4068
4065,4070
4068,4069
4070,4071
4071,4072
4071,4073
4071,4074
4074,4075
4076,4077
4076,4078
4076,4079
4079,4080
4081,4082
4081,4083
4081,4084
4084,4085
4086,4087
4086,4088
4086,4089
4089,4090
4092,4093
4092,4096
4093,4094
4093,4095
4097,4098
4097,4100
4098,4099
4101,4102
4101,4104
4102,4103
4105,4106
4105,4108
4106,4107
4109,4110
4109,4111
4109,4124
4111,4112
4111,4114
4112,4113
4114,4115
4115,4116
4115,4117
4117,4118
4117,4119
4117,4122
4119,4120
4120,4121
4122,4123
4124,4125
4126,4127
4126,4128
4126,4129
4126,4131
4126,4133
4129,4130
4131,4132
4133,4134
4133,4137
4134,4135
4134,4136
4137,4138
4137,4140
4138,4139
4140,4141
4140,4143
4140,4191
4141,4142
4143,4144
4144,4145
4144,4147
4144,4184
4145,4146
4147,4148
4148,4149
4148,4151
4148,4164
4149,4150
4151,4152
4151,4155
4152,4153
4153,4154
4155,4156
4155,4160
4156,4157
4156,4158
4158,4159
4160,4161
4160,4163
4161,4162
4164,4165
4164,4167
4165,4166
4167,4168
4167,4169
4167,4182
4169,4170
4169,4172
4170,4171
4172,4173
4172,4175
4173,4174
4175,4176
4175,4177
4177,4178
4177,4181
4178,4179
4179,4180
4182,4183
4184,4185
4184,4187
4185,4186
4187,4188
4187,4190
4188,4189
4191,4192
4192,4193
4192,4195
4192,4233
4193,4194
4195,4196
4196,4197
4196,4199
4196,4213
4197,4198
4199,4200
4199,4203
4200,4201
4201,4202
4203,4204
4203,4208
4204,4205
4204,4206
4206,4207
4208,4209
4209,4210
4209,4211
4211,4212
4213,4214
4213,4217
4214,4215
4215,4216
4217,4218
4217,4219
4217,4228
4219,4220
4219,4222
4219,4223
4220,4221
4223,4224
4224,4225
4225,4226
4226,4227
4228,4229
4229,4230
4229,4231
4231,4232
4233,4234
4234,4235
4234,4236
4236,4237
4238,4239
4238,4240
4238,4242
4238,4260
4240,4241
4242,4243
4242,4246
4243,4244
4243,4245
4246,4247
4246,4251
4246,4255
4246,4257
4247,4248
4247,4249
4247,4250
4251,4252
4252,4253
4252,4254
4255,4256
4257,4258
4257,4259
4261,4262
4261,4263
4261,4264
4261,4266
4261,4284
4261,4285
4261,4290
4264,4265
4266,4267
4267,4268
4268,4269
4268,4274
4268,4279
4269,4270
4269,4271
4269,4272
4272,4273
4274,4275
4274,4276
4274,4277
4277,4278
4279,4280
4279,4281
4279,4282
4282,4283
4285,4286
4285,4289
4286,4287
4286,4288
4290,4291
4291,4292
4291,4293
4294,4295
4294,4296
4294,4297
4294,4299
4294,4322
4294,4327
4297,4298
4299,4300
4300,4301
4301,4302
4301,4307
4301,4312
4301,4317
4302,4303
4302,4304
4302,4305
4305,4306
4307,4308
4307,4309
4307,4310
4310,4311
4312,4313
4312,4314
4312,4315
4315,4316
4317,4318
4317,4319
4317,4320
4320,4321
4322,4323
4322,4326
4323,4324
4323,4325
4327,4328
4327,4330
4328,4329
4331,4332
4331,4333
4331,4334
4331,4336
4331,4365
4331,4366
4331,4371
4331,4377
4331,4384
4334,4335
4336,4337
4337,4338
4338,4339
4338,4350
4338,4355
4338,4360
4339,4340
4339,4341
4339,4342
4339,4344
4342,4343
4344,4345
4345,4346
4345,4347
4345,4348
4348,4349
4350,4351
4350,4352
4350,4353
4353,4354
4355,4356
4355,4357
4355,4358
4358,4359
4360,4361
4360,4362
4360,4363
4363,4364
4366,4367
4366,4370
4367,4368
4367,4369
4371,4372
4371,4376
4372,4373
4372,4375
4373,4374
4377,4378
4377,4381
4377,4382
4378,4379
4378,4380
4382,4383
4384,4385
4384,4387
4385,4386
4388,4389
4388,4390
4388,4391
4391,4392
4393,4394
4393,4397
4394,4395
4395,4396
4397,4398
4398,4399
4400,4401
4400,4402
4400,4403
4400,4411
4400,4413
4400,4414
4400,4420
4400,4421
4400,4423
4403,4404
4403,4406
4404,4405
4406,4407
4406,4408
4406,4410
4408,4409
4411,4412
4414,4415
4414,4418
4415,4416
4416,4417
4418,4419
4421,4422
4424,4425
4424,4426
4424,4427
4424,4429
4424,4447
4424,4448
4424,4453
4424,4458
4427,4428
4429,4430
4430,4431
4431,4432
4431,4437
4431,4442
4432,4433
4432,4434
4432,4435
4435,4436
4437,4438
4437,4439
4437,4440
4440,4441
4442,4443
4442,4444
4442,4445
4445,4446
4448,4449
4448,4452
4449,4450
4449,4451
4453,4454
4453,4457
4454,4455
4454,4456
4458,4459
4458,4463
4458,4464
4459,4460
4459,4462
4460,4461
4464,4465
4466,4467
4466,4468
4466,4469
4466,4471
4466,4494
4469,4470
4471,4472
4472,4473
4473,4474
4473,4479
4473,4484
4473,4489
4474,4475
4474,4476
4474,4477
4477,4478
4479,4480
4479,4481
4479,4482
4482,4483
4484,4485
4484,4486
4484,4487
4487,4488
4489,4490
4489,4491
4489,4492
4492,4493
4494,4495
4494,4498
4495,4496
4495,4497
4499,4500
4499,4501
4499,4502
4499,4503
4499,4504
4499,4509
4499,4511
4499,4512
4499,4515
4504,4505
4504,4506
4506,4507
4507,4508
4509,4510
4512,4513
4513,4514
4516,4517
4516,4518
4516,4519
4516,4521
4516,4539
4519,4520
4521,4522
4522,4523
4523,4524
4523,4529
4523,4534
4524,4525
4524,4526
4524,4527
4527,4528
4529,4530
4529,4531
4529,4532
4532,4533
4534,4535
4534,4536
4534,4537
4537,4538
4539,4540
4539,4543
4540,4541
4540,4542
4544,4545
4544,4546
4544,4547
4544,4549
4544,4572
4544,4577
4544,4582
4547,4548
4549,4550
4550,4551
4551,4552
4551,4557
4551,4562
4551,4567
4552,4553
4552,4554
4552,4555
4555,4556
4557,4558
4557,4559
4557,4560
4560,4561
4562,4563
4562,4564
4562,4565
4565,4566
4567,4568
4567,4569
4567,4570
4570,4571
4572,4573
4572,4576
4573,4574
4573,4575
4577,4578
4577,4581
4578,4579
4578,4580
4582,4583
4582,4585
4583,4584
4586,4587
4586,4588
4588,4589
4588,4592
4589,4590
4589,4591
4592,4593
4593,4594
4593,4596
4594,4595
4596,4597
4596,4608
4597,4598
4597,4599
4597,4606
4599,4600
4600,4601
4601,4602
4602,4603
4602,4604
4602,4605
4606,4607
4608,4609
4610,4611
4610,4612
4610,4613
4610,4614
4610,4615
4610,4616
4617,4618
4618,4619
4618,4620
4620,4621
4621,4622
4623,4624
4623,4628
4623,4630
4623,4631
4623,4633
4623,4634
4623,4636
4623,4638
4623,4640
4623,4642
4623,4644
4623,4648
4623,4650
4624,4625
4624,4626
4624,4627
4628,4629
4631,4632
4634,4635
4636,4637
4638,4639
4640,4641
4642,4643
4644,4645
4645,4646
4646,4647
4648,4649
4650,4651
4652,4653
4652,4654
4652,4656
4652,4674
4654,4655
4656,4657
4656,4660
4657,4658
4657,4659
4660,4661
4660,4665
4660,4669
4660,4671
4661,4662
4661,4663
4661,4664
4665,4666
4666,4667
4666,4668
4669,4670
4671,4672
4671,4673
4675,4676
4675,4677
4675,4678
4675,4679
4675,4682
4675,4689
4675,4699
4675,4701
4675,4702
4675,4708
4675,4712
4675,4714
4675,4716
4675,4717
4675,4719
4679,4680
4680,4681
4682,4683
4683,4684
4684,4685
4684,4688
4685,4686
4685,4687
4689,4690
4689,4694
4690,4691
4690,4692
4692,4693
4694,4695
4694,4697
4694,4698
4695,4696
4699,4700
4702,4703
4703,4704
4703,4705
4705,4706
4706,4707
4708,4709
4709,4710
4710,4711
4712,4713
4714,4715
4717,4718
4719,4720
4719,4722
4720,4721
4722,4723
4722,4726
4722,4728
4723,4724
4724,4725
4726,4727
4728,4729
4730,4731
4730,4732
4730,4734
4730,4736
4730,4738
4730,4741
4730,4744
4730,4746
4730,4749
4730,4751
4730,4754
4730,4757
4732,4733
4734,4735
4736,4737
4738,4739
4739,4740
4741,4742
4742,4743
4744,4745
4746,4747
4746,4748
4749,4750
4751,4752
4751,4753
4754,4755
4754,4756
4757,4758
4757,4759
4760,4761
4760,4763
4760,4764
4760,4766
4761,4762
4764,4765
4766,4767
4767,4768
4768,4769
4769,4770
4769,4771
4772,4773
4772,4774
4772,4775
4772,4776
4772,4777
4778,4779
4778,4780
4778,4781
4778,4784
4778,4797
4778,4798
4778,4803
4778,4808
4781,4782
4781,4783
4784,4785
4785,4786
4786,4787
4786,4792
4787,4788
4787,4789
4787,4790
4790,4791
4792,4793
4792,4794
4792,4795
4795,4796
4798,4799
4798,4802
4799,4800
4799,4801
4803,4804
4803,4807
4804,4805
4804,4806
4808,4809
4808,4811
4809,4810
4812,4813
4812,4814
4812,4815
4812,4816
4812,4818
4812,4820
4816,4817
4818,4819
4820,4821
4822,4823
4822,4824
4822,4826
4822,4828
4822,4830
4822,4832
4822,4834
4822,4836
4822,4837
4822,4839
4822,4844
4824,4825
4826,4827
4828,4829
4830,4831
4832,4833
4834,4835
4837,4838
4839,4840
4839,4843
4840,4841
4840,4842
4844,4845
4844,4848
4845,4846
4845,4847
4849,4850
4850,4851
4850,4853
4850,4889
4850,4890
4851,4852
4853,4854
4853,4888
4854,4855
4855,4856
4856,4857
4856,4860
4856,4864
4856,4869
4856,4874
4856,4879
4856,4884
4857,4858
4857,4859
4860,4861
4860,4862
4860,4863
4864,4865
4864,4866
4864,4867
4864,4868
4869,4870
4869,4871
4869,4872
4869,4873
4874,4875
4874,4876
4874,4877
4874,4878
4879,4880
4879,4881
4879,4882
4879,4883
4884,4885
4884,4886
4884,4887
4890,4891
4890,4892
4892,4893
4894,4895
4894,4896
4894,4897
4894,4899
4894,4922
4897,4898
4899,4900
4900,4901
4901,4902
4901,4907
4901,4912
4901,4917
4902,4903
4902,4904
4902,4905
4905,4906
4907,4908
4907,4909
4907,4910
4910,4911
4912,4913
4912,4914
4912,4915
4915,4916
4917,4918
4917,4919
4917,4920
4920,4921
4922,4923
4922,4926
4923,4924
4923,4925
4927,4928
4927,4934
4927,4935
4927,4937
4927,4940
4927,4941
4927,4942
4928,4929
4928,4930
4928,4931
4928,4933
4931,4932
4935,4936
4937,4938
4938,4939
4942,4943
4944,4945
4944,4946
4946,4947
4948,4949
4948,4954
4948,4956
4948,4959
4948,4962
4948,4963
4948,4964
4948,4966
4948,4967
4949,4950
4949,4951
4949,4953
4951,4952
4954,4955
4956,4957
4957,4958
4959,4960
4960,4961
4964,4965
4967,4968
4967,4970
4967,4972
4967,4976
4967,4978
4967,4982
4967,4984
4967,4985
4968,4969
4970,4971
4972,4973
4973,4974
4973,4975
4976,4977
4978,4979
4979,4980
4980,4981
4982,4983
4985,4986
4987,4988
4987,4989
4987,4990
4987,4992
4987,5021
4987,5022
4987,5026
4990,4991
4992,4993
4993,4994
4994,4995
4994,5006
4994,5011
4994,5016
4995,4996
4995,4997
4995,4998
4995,5000
4998,4999
5000,5001
5001,5002
5001,5003
5001,5004
5004,5005
5006,5007
5006,5008
5006,5009
5009,5010
5011,5012
5011,5013
5011,5014
5014,5015
5016,5017
5016,5018
5016,5019
5019,5020
5022,5023
5022,5025
5023,5024
5026,5027
5026,5029
5027,5028
5030,5031
5030,5032
5030,5033
5030,5036
5030,5038
5030,5040
5033,5034
5034,5035
5036,5037
5038,5039
5040,5041
5040,5043
5041,5042
5044,5045
5044,5047
5044,5048
5044,5051
5044,5053
5044,5063
5045,5046
5048,5049
5049,5050
5051,5052
5053,5054
5053,5055
5055,5056
5055,5058
5056,5057
5058,5059
5058,5061
5059,5060
5061,5062
5064,5065
5064,5066
5064,5067
5064,5069
5064,5092
5064,5097
5067,5068
5069,5070
5070,5071
5071,5072
5071,5077
5071,5082
5071,5087
5072,5073
5072,5074
5072,5075
5075,5076
5077,5078
5077,5079
5077,5080
5080,5081
5082,5083
5082,5084
5082,5085
5085,5086
5087,5088
5087,5089
5087,5090
5090,5091
5092,5093
5092,5096
5093,5094
5093,5095
5097,5098
5097,5101
5098,5099
5098,5100
5102,5103
5102,5104
5104,5105
5105,5106
5107,5108
5107,5109
5107,5110
5107,5112
5107,5130
5110,5111
5112,5113
5113,5114
5114,5115
5114,5120
5114,5125
5115,5116
5115,5117
5115,5118
5118,5119
5120,5121
5120,5122
5120,5123
5123,5124
5125,5126
5125,5127
5125,5128
5128,5129
5130,5131
5130,5134
5131,5132
5131,5133
5135,5136
5135,5137
5135,5139
5135,5141
5135,5143
5137,5138
5139,5140
5141,5142
5144,5145
5144,5151
5144,5152
5144,5154
5144,5157
5144,5160
5144,5164
5144,5165
5144,5166
5144,5168
5144,5172
5144,5173
5144,5180
5145,5146
5145,5147
5145,5148
5145,5150
5148,5149
5152,5153
5154,5155
5155,5156
5157,5158
5158,5159
5160,5161
5161,5162
5161,5163
5166,5167
5168,5169
5169,5170
5169,5171
5173,5174
5173,5175
5175,5176
5176,5177
5177,5178
5177,5179
5181,5182
5181,5183
5181,5184
5181,5186
5181,5204
5181,5205
5181,5210
5184,5185
5186,5187
5187,5188
5188,5189
5188,5194
5188,5199
5189,5190
5189,5191
5189,5192
5192,5193
5194,5195
5194,5196
5194,5197
5197,5198
5199,5200
5199,5201
5199,5202
5202,5203
5205,5206
5205,5209
5206,5207
5206,5208
5210,5211
5210,5214
5211,5212
5211,5213
5215,5216
5215,5217
5215,5219
5215,5220
5215,5223
5215,5226
5215,5228
5215,5230
5215,5233
5215,5234
5215,5235
5217,5218
5220,5221
5221,5222
5223,5224
5224,5225
5226,5227
5228,5229
5230,5231
5231,5232
5235,5236
5236,5237
5238,5239
5239,5240
5239,5242
5239,5278
5239,5279
5240,5241
5242,5243
5242,5277
5243,5244
5244,5245
5245,5246
5245,5249
5245,5253
5245,5257
5245,5262
5245,5267
5245,5272
5246,5247
5246,5248
5249,5250
5249,5251
5249,5252
5253,5254
5253,5255
5253,5256
5257,5258
5257,5259
5257,5260
5257,5261
5262,5263
5262,5264
5262,5265
5262,5266
5267,5268
5267,5269
5267,5270
5267,5271
5272,5273
5272,5274
5272,5275
5272,5276
5279,5280
5279,5281
5281,5282
5283,5284
5283,5285
5283,5287
5283,5289
5283,5291
5283,5293
5283,5295
5283,5304
5283,5323
5283,5325
5283,5327
5283,5378
5283,5380
5283,5387
5283,5389
5283,5390
5283,5393
5283,5399
5283,5404
5283,5405
5283,5425
5283,5427
5283,5446
5285,5286
5287,5288
5289,5290
5291,5292
5293,5294
5295,5296
5295,5299
5296,5297
5296,5298
5299,5300
5299,5302
5299,5303
5300,5301
5304,5305
5304,5306
5306,5307
5306,5309
5307,5308
5309,5310
5309,5311
5309,5319
5311,5312
5312,5313
5312,5315
5313,5314
5315,5316
5315,5317
5315,5318
5319,5320
5319,5321
5319,5322
5323,5324
5325,5326
5327,5328
5327,5329
5329,5330
5329,5331
5329,5334
5329,5371
5329,5377
5331,5332
5332,5333
5334,5335
5334,5336
5336,5337
5336,5339
5337,5338
5339,5340
5339,5341
5341,5342
5341,5344
5342,5343
5344,5345
5344,5346
5346,5347
5347,5348
5347,5349
5349,5350
5349,5352
5349,5359
5349,5363
5350,5351
5352,5353
5353,5354
5353,5355
5353,5357
5355,5356
5357,5358
5359,5360
5360,5361
5361,5362
5363,5364
5363,5368
5364,5365
5364,5366
5366,5367
5368,5369
5369,5370
5371,5372
5371,5373
5373,5374
5373,5375
5373,5376
5378,5379
5380,5381
5380,5382
5382,5383
5382,5385
5382,5386
5383,5384
5387,5388
5390,5391
5391,5392
5393,5394
5393,5395
5395,5396
5396,5397
5397,5398
5399,5400
5399,5401
5401,5402
5402,5403
5405,5406
5405,5407
5407,5408
5407,5411
5407,5419
5407,5421
5408,5409
5409,5410
5411,5412
5411,5413
5413,5414
5413,5417
5413,5418
5414,5415
5414,5416
5419,5420
5421,5422
5421,5423
5423,5424
5425,5426
5427,5428
5427,5431
5428,5429
5428,5430
5431,5432
5431,5434
5432,5433
5434,5435
5434,5436
5434,5442
5436,5437
5436,5439
5436,5440
5436,5441
5437,5438
5442,5443
5442,5444
5442,5445
5446,5447
5446,5448
5448,5449
5448,5450
5448,5453
5448,5455
5450,5451
5451,5452
5453,5454
5455,5456
5455,5459
5455,5505
5456,5457
5456,5458
5459,5460
5460,5461
5460,5463
5460,5464
5460,5501
5461,5462
5464,5465
5464,5466
5464,5498
5466,5467
5466,5477
5466,5482
5467,5468
5467,5470
5468,5469
5470,5471
5471,5472
5471,5473
5473,5474
5473,5475
5473,5476
5477,5478
5477,5479
5479,5480
5479,5481
5482,5483
5482,5495
5483,5484
5483,5487
5484,5485
5485,5486
5487,5488
5487,5489
5487,5491
5489,5490
5491,5492
5491,5493
5493,5494
5495,5496
5495,5497
5498,5499
5498,5500
5501,5502
5501,5503
5501,5504
5505,5506
5505,5507
5505,5510
5507,5508
5508,5509
5510,5511
5510,5512
5510,5514
5512,5513
5514,5515
5514,5516
5516,5517
5518,5519
5518,5520
5518,5521
5518,5523
5518,5541
5518,5542
5518,5547
5521,5522
5523,5524
5524,5525
5525,5526
5525,5531
5525,5536
5526,5527
5526,5528
5526,5529
5529,5530
5531,5532
5531,5533
5531,5534
5534,5535
5536,5537
5536,5538
5536,5539
5539,5540
5542,5543
5542,5546
5543,5544
5543,5545
5547,5548
5548,5549
5548,5550
5551,5552
5551,5557
5551,5558
5552,5553
5552,5554
5552,5555
5555,5556
5558,5559
5559,5560
5561,5562
5561,5563
5561,5564
5561,5565
5561,5566
5561,5567
5561,5568
5561,5570
5568,5569
5570,5571
5570,5578
5570,5585
5570,5592
5570,5599
5570,5606
5570,5613
5570,5620
5570,5627
5571,5572
5572,5573
5573,5574
5573,5575
5573,5576
5573,5577
5578,5579
5579,5580
5580,5581
5580,5582
5580,5583
5580,5584
5585,5586
5586,5587
5587,5588
5587,5589
5587,5590
5587,5591
5592,5593
5593,5594
5594,5595
5594,5596
5594,5597
5594,5598
5599,5600
5600,5601
5601,5602
5601,5603
5601,5604
5601,5605
5606,5607
5607,5608
5608,5609
5608,5610
5608,5611
5608,5612
5613,5614
5614,5615
5615,5616
5615,5617
5615,5618
5615,5619
5620,5621
5621,5622
5622,5623
5622,5624
5622,5625
5622,5626
5627,5628
5629,5630
5630,5631
5630,5633
5630,5669
5630,5670
5631,5632
5633,5634
5633,5668
5634,5635
5635,5636
5636,5637
5636,5640
5636,5644
5636,5649
5636,5654
5636,5659
5636,5664
5637,5638
5637,5639
5640,5641
5640,5642
5640,5643
5644,5645
5644,5646
5644,5647
5644,5648
5649,5650
5649,5651
5649,5652
5649,5653
5654,5655
5654,5656
5654,5657
5654,5658
5659,5660
5659,5661
5659,5662
5659,5663
5664,5665
5664,5666
5664,5667
5670,5671
5670,5672
5672,5673
5674,5675
5674,5676
5674,5679
5674,5682
5674,5685
5674,5686
5674,5690
5674,5692
5674,5693
5674,5694
5676,5677
5677,5678
5679,5680
5680,5681
5682,5683
5683,5684
5686,5687
5687,5688
5687,5689
5690,5691
5694,5695
5694,5700
5695,5696
5695,5697
5695,5698
5695,5699
5701,5702
5701,5703
5701,5705
5701,5707
5701,5709
5703,5704
5705,5706
5707,5708
5710,5711
5710,5712
5710,5714
5710,5741
5710,5743
5710,5745
5710,5761
5710,5763
5710,5765
5710,5783
5710,5785
5710,5816
5710,5818
5712,5713
5714,5715
5714,5718
5715,5716
5715,5717
5718,5719
5718,5724
5718,5729
5718,5734
5718,5739
5719,5720
5719,5722
5720,5721
5722,5723
5724,5725
5725,5726
5725,5728
5726,5727
5729,5730
5729,5732
5730,5731
5732,5733
5734,5735
5734,5737
5735,5736
5737,5738
5739,5740
5741,5742
5743,5744
5745,5746
5745,5748
5746,5747
5748,5749
5748,5752
5748,5755
5748,5759
5749,5750
5750,5751
5752,5753
5753,5754
5755,5756
5756,5757
5757,5758
5759,5760
5761,5762
5763,5764
5765,5766
5765,5768
5766,5767
5768,5769
5768,5771
5769,5770
5771,5772
5771,5773
5771,5777
5773,5774
5774,5775
5775,5776
5777,5778
5777,5779
5779,5780
5780,5781
5781,5782
5783,5784
5785,5786
5785,5788
5786,5787
5788,5789
5788,5791
5788,5793
5788,5797
5788,5801
5788,5807
5788,5813
5788,5815
5789,5790
5791,5792
5793,5794
5794,5795
5795,5796
5797,5798
5798,5799
5799,5800
5801,5802
5801,5805
5802,5803
5803,5804
5805,5806
5807,5808
5807,5811
5808,5809
5809,5810
5811,5812
5813,5814
5816,5817
5818,5819
5818,5822
5819,5820
5819,5821
5822,5823
5822,5829
5822,5831
5822,5833
5822,5836
5822,5838
5822,5839
5822,5841
5823,5824
5824,5825
5824,5828
5825,5826
5826,5827
5829,5830
5831,5832
5833,5834
5834,5835
5836,5837
5839,5840
5841,5842
5841,5848
5842,5843
5843,5844
5843,5847
5844,5845
5845,5846
5849,5850
5849,5851
5849,5853
5849,5855
5849,5856
5849,5859
5849,5863
5849,5867
5849,5869
5849,5871
5849,5874
5849,5876
5849,5879
5849,5882
5849,5886
5849,5888
5849,5891
5849,5894
5851,5852
5853,5854
5856,5857
5857,5858
5859,5860
5860,5861
5861,5862
5863,5864
5864,5865
5865,5866
5867,5868
5869,5870
5871,5872
5872,5873
5874,5875
5876,5877
5876,5878
5879,5880
5880,5881
5882,5883
5883,5884
5883,5885
5886,5887
5888,5889
5888,5890
5891,5892
5892,5893
5894,5895
5894,5898
5895,5896
5896,5897
5898,5899
5900,5901
5900,5902
5900,5904
5900,5905
5900,5908
5900,5911
5900,5914
5900,5916
5900,5920
5900,5922
5900,5924
5900,5928
5900,5929
5900,5932
5900,5934
5900,5938
5902,5903
5905,5906
5906,5907
5908,5909
5909,5910
5911,5912
5912,5913
5914,5915
5916,5917
5916,5919
5917,5918
5920,5921
5922,5923
5924,5925
5925,5926
5925,5927
5929,5930
5930,5931
5932,5933
5934,5935
5934,5937
5935,5936
5938,5939
5938,5942
5939,5940
5939,5941
5943,5944
5943,5945
5943,5946
5943,5952
5943,5955
5943,5957
5943,5964
5943,5966
5946,5947
5946,5950
5947,5948
5947,5949
5950,5951
5952,5953
5953,5954
5955,5956
5957,5958
5957,5961
5958,5959
5958,5960
5961,5962
5962,5963
5964,5965
5966,5967
5966,5970
5967,5968
5967,5969
5970,5971
5972,5973
5972,5980
5972,5982
5972,5984
5972,5986
5972,5989
5972,5993
5972,5994
5972,5995
5972,5997
5972,6001
5972,6003
5972,6006
5972,6007
5973,5974
5973,5975
5973,5977
5973,5979
5975,5976
5977,5978
5980,5981
5982,5983
5984,5985
5986,5987
5987,5988
5989,5990
5990,5991
5990,5992
5995,5996
5997,5998
5998,5999
5998,6000
6001,6002
6003,6004
6004,6005
6007,6008
6009,6010
6009,6011
6009,6012
6009,6014
6009,6037
6009,6038
6009,6043
6012,6013
6014,6015
6015,6016
6016,6017
6016,6022
6016,6027
6016,6032
6017,6018
6017,6019
6017,6020
6020,6021
6022,6023
6022,6024
6022,6025
6025,6026
6027,6028
6027,6029
6027,6030
6030,6031
6032,6033
6032,6034
6032,6035
6035,6036
6038,6039
6038,6042
6039,6040
6039,6041
6043,6044
6044,6045
6044,6046
6047,6048
6047,6049
6047,6050
6047,6052
6047,6054
6050,6051
6052,6053
6054,6055
6054,6058
6055,6056
6055,6057
6058,6059
6058,6061
6059,6060
6061,6062
6061,6064
6061,6112
6062,6063
6064,6065
6065,6066
6065,6068
6065,6105
6066,6067
6068,6069
6069,6070
6069,6072
6069,6085
6070,6071
6072,6073
6072,6076
6073,6074
6074,6075
6076,6077
6076,6081
6077,6078
6077,6079
6079,6080
6081,6082
6081,6084
6082,6083
6085,6086
6085,6088
6086,6087
6088,6089
6088,6090
6088,6103
6090,6091
6090,6093
6091,6092
6093,6094
6093,6096
6094,6095
6096,6097
6096,6098
6098,6099
6098,6102
6099,6100
6100,6101
6103,6104
6105,6106
6105,6108
6106,6107
6108,6109
6108,6111
6109,6110
6112,6113
6113,6114
6113,6116
6113,6154
6114,6115
6116,6117
6117,6118
6117,6120
6117,6134
6118,6119
6120,6121
6120,6124
6121,6122
6122,6123
6124,6125
6124,6129
6125,6126
6125,6127
6127,6128
6129,6130
6130,6131
6130,6132
6132,6133
6134,6135
6134,6138
6135,6136
6136,6137
6138,6139
6138,6140
6138,6149
6140,6141
6140,6143
6140,6144
6141,6142
6144,6145
6145,6146
6146,6147
6147,6148
6149,6150
6150,6151
6150,6152
6152,6153
6154,6155
6155,6156
6155,6157
6157,6158
6159,6160
6159,6164
6159,6166
6159,6170
6159,6174
6159,6178
6159,6179
6159,6180
6159,6182
6159,6183
6159,6185
6159,6187
6160,6161
6160,6162
6160,6163
6164,6165
6166,6167
6167,6168
6167,6169
6170,6171
6171,6172
6171,6173
6174,6175
6175,6176
6175,6177
6180,6181
6183,6184
6185,6186
6187,6188
6187,6189
6187,6191
6189,6190
6191,6192
6191,6196
6191,6198
6191,6201
6191,6202
6191,6203
6191,6205
6191,6207
6192,6193
6193,6194
6194,6195
6196,6197
6198,6199
6199,6200
6203,6204
6205,6206
6207,6208
6207,6210
6208,6209
6210,6211
6211,6212
6213,6214
6213,6215
6216,6217
6216,6218
6218,6219
6220,6221
6220,6222
6220,6223
6220,6225
6220,6248
6220,6253
6223,6224
6225,6226
6226,6227
6227,6228
6227,6233
6227,6238
6227,6243
6228,6229
6228,6230
6228,6231
6231,6232
6233,6234
6233,6235
6233,6236
6236,6237
6238,6239
6238,6240
6238,6241
6241,6242
6243,6244
6243,6245
6243,6246
6246,6247
6248,6249
6248,6252
6249,6250
6249,6251
6253,6254
6253,6256
6254,6255
6257,6258
6257,6259
6257,6264
6257,6269
6257,6270
6257,6353
6257,6358
6259,6260
6259,6261
6261,6262
6262,6263
6264,6265
6265,6266
6265,6267
6267,6268
6270,6271
6270,6272
6270,6274
6272,6273
6274,6275
6274,6276
6274,6278
6276,6277
6278,6279
6278,6280
6278,6282
6280,6281
6282,6283
6282,6284
6282,6286
6284,6285
6286,6287
6286,6288
6286,6297
6288,6289
6289,6290
6289,6293
6289,6295
6290,6291
6290,6292
6293,6294
6295,6296
6297,6298
6297,6299
6297,6344
6299,6300
6299,6303
6300,6301
6301,6302
6303,6304
6303,6305
6303,6307
6305,6306
6307,6308
6307,6309
6307,6311
6309,6310
6311,6312
6311,6313
6311,6315
6313,6314
6315,6316
6315,6317
6315,6319
6317,6318
6319,6320
6319,6321
6319,6323
6321,6322
6323,6324
6323,6325
6323,6327
6325,6326
6327,6328
6327,6329
6327,6331
6329,6330
6331,6332
6331,6333
6331,6335
6333,6334
6335,6336
6335,6337
6335,6339
6337,6338
6339,6340
6339,6341
6341,6342
6342,6343
6344,6345
6344,6346
6344,6348
6346,6347
6348,6349
6349,6350
6350,6351
6351,6352
6353,6354
6353,6355
6355,6356
6356,6357
6359,6360
6359,6361
6359,6362
6359,6364
6359,6387
6359,6392
6362,6363
6364,6365
6365,6366
6366,6367
6366,6372
6366,6377
6366,6382
6367,6368
6367,6369
6367,6370
6370,6371
6372,6373
6372,6374
6372,6375
6375,6376
6377,6378
6377,6379
6377,6380
6380,6381
6382,6383
6382,6384
6382,6385
6385,6386
6387,6388
6387,6391
6388,6389
6388,6390
6392,6393
6392,6396
6393,6394
6393,6395
6397,6398
6397,6399
6397,6400
6397,6402
6397,6405
6400,6401
6402,6403
6403,6404
6405,6406
6406,6407
6406,6414
6406,6421
6407,6408
6408,6409
6409,6410
6409,6411
6409,6412
6409,6413
6414,6415
6415,6416
6415,6417
6415,6418
6418,6419
6419,6420
6421,6422
6423,6424
6423,6427
6423,6429
6423,6430
6423,6432
6423,6434
6424,6425
6424,6426
6427,6428
6430,6431
6432,6433
6434,6435
6434,6436
6434,6464
6436,6437
6436,6439
6436,6442
6436,6449
6436,6453
6436,6455
6436,6460
6436,6462
6437,6438
6439,6440
6440,6441
6442,6443
6442,6445
6443,6444
6445,6446
6446,6447
6447,6448
6449,6450
6450,6451
6451,6452
6453,6454
6455,6456
6455,6457
6457,6458
6458,6459
6460,6461
6462,6463
6464,6465
6465,6466
6467,6468
6467,6469
6467,6471
6467,6472
6467,6473
6467,6475
6467,6476
6467,6477
6467,6479
6467,6481
6467,6483
6467,6485
6467,6487
6467,6489
6467,6491
6467,6494
6469,6470
6473,6474
6477,6478
6479,6480
6481,6482
6483,6484
6485,6486
6487,6488
6489,6490
6491,6492
6491,6493
6494,6495
6494,6496
6496,6497
6498,6499
6498,6500
6498,6501
6502,6503
6502,6504
6502,6505
6502,6506
6507,6508
6507,6509
6507,6510
6507,6511
6511,6512
6512,6513
6513,6514
6513,6518
6513,6519
6513,6523
6513,6524
6513,6525
6513,6526
6514,6515
6515,6516
6515,6517
6519,6520
6520,6521
6520,6522
6526,6527
6526,6528
6528,6529
6530,6531
6530,6532
6530,6534
6530,6535
6530,6538
6530,6541
6530,6543
6530,6545
6530,6548
6530,6549
6530,6550
6532,6533
6535,6536
6536,6537
6538,6539
6539,6540
6541,6542
6543,6544
6545,6546
6546,6547
6551,6552
6551,6553
6551,6554
6551,6555
6551,6556
6551,6557
6551,6558
6551,6559
6551,6561
6551,6563
6551,6565
6551,6567
6551,6569
6559,6560
6561,6562
6563,6564
6565,6566
6567,6568
6569,6570
6569,6580
6569,6590
6569,6600
6569,6610
6569,6620
6569,6630
6569,6640
6569,6650
6570,6571
6571,6572
6572,6573
6572,6574
6572,6575
6572,6576
6572,6577
6572,6578
6572,6579
6580,6581
6581,6582
6582,6583
6582,6584
6582,6585
6582,6586
6582,6587
6582,6588
6582,6589
6590,6591
6591,6592
6592,6593
6592,6594
6592,6595
6592,6596
6592,6597
6592,6598
6592,6599
6600,6601
6601,6602
6602,6603
6602,6604
6602,6605
6602,6606
6602,6607
6602,6608
6602,6609
6610,6611
6611,6612
6612,6613
6612,6614
6612,6615
6612,6616
6612,6617
6612,6618
6612,6619
6620,6621
6621,6622
6622,6623
6622,6624
6622,6625
6622,6626
6622,6627
6622,6628
6622,6629
6630,6631
6631,6632
6632,6633
6632,6634
6632,6635
6632,6636
6632,6637
6632,6638
6632,6639
6640,6641
6641,6642
6642,6643
6642,6644
6642,6645
6642,6646
6642,6647
6642,6648
6642,6649
6650,6651
6652,6653
6652,6654
6652,6656
6652,6658
6652,6666
6654,6655
6656,6657
6658,6659
6658,6662
6659,6660
6659,6661
6662,6663
6663,6664
6664,6665
6666,6667
6666,6668
6668,6669
6669,6670
6671,6672
6673,6674
6673,6675
6673,6676
6676,6677
6677,6678
6678,6679
6678,6680
6678,6683
6678,6686
6678,6695
6680,6681
6680,6682
6683,6684
6683,6685
6686,6687
6686,6688
6686,6692
6688,6689
6689,6690
6690,6691
6692,6693
6693,6694
6695,6696
6697,6698
6697,6699
6697,6701
6697,6703
6697,6705
6697,6707
6697,6709
6699,6700
6701,6702
6703,6704
6705,6706
6707,6708
6709,6710
6711,6712
6711,6713
6711,6714
6714,6715
6714,6718
6714,6720
6715,6716
6715,6717
6718,6719
6720,6721
6721,6722
6721,6725
6722,6723
6722,6724
6725,6726
6727,6728
6727,6729
6727,6731
6727,6733
6727,6735
6727,6737
6727,6739
6727,6741
6727,6742
6727,6744
6727,6749
6729,6730
6731,6732
6733,6734
6735,6736
6737,6738
6739,6740
6742,6743
6744,6745
6744,6748
6745,6746
6745,6747
6749,6750
6749,6753
6750,6751
6750,6752
6754,6755
6754,6756
6754,6757
6754,6758
6754,6759
6754,6760
6754,6762
6760,6761
6763,6764
6764,6765
6764,6767
6764,6803
6764,6804
6765,6766
6767,6768
6767,6802
6768,6769
6769,6770
6770,6771
6770,6774
6770,6779
6770,6784
6770,6788
6770,6792
6770,6797
6771,6772
6771,6773
6774,6775
6774,6776
6774,6777
6774,6778
6779,6780
6779,6781
6779,6782
6779,6783
6784,6785
6784,6786
6784,6787
6788,6789
6788,6790
6788,6791
6792,6793
6792,6794
6792,6795
6792,6796
6797,6798
6797,6799
6797,6800
6797,6801
6804,6805
6804,6806
6806,6807
6808,6809
6808,6810
6811,6812
6811,6813
6811,6814
6811,6816
6811,6845
6811,6846
6811,6851
6811,6857
6814,6815
6816,6817
6817,6818
6818,6819
6818,6830
6818,6835
6818,6840
6819,6820
6819,6821
6819,6822
6819,6824
6822,6823
6824,6825
6825,6826
6825,6827
6825,6828
6828,6829
6830,6831
6830,6832
6830,6833
6833,6834
6835,6836
6835,6837
6835,6838
6838,6839
6840,6841
6840,6842
6840,6843
6843,6844
6846,6847
6846,6850
6847,6848
6847,6849
6851,6852
6851,6856
6852,6853
6852,6855
6853,6854
6857,6858
6857,6861
6857,6862
6858,6859
6858,6860
6862,6863
6864,6865
6864,6866
6864,6867
6864,6869
6864,6892
6864,6893
6864,6898
6867,6868
6869,6870
6870,6871
6871,6872
6871,6877
6871,6882
6871,6887
6872,6873
6872,6874
6872,6875
6875,6876
6877,6878
6877,6879
6877,6880
6880,6881
6882,6883
6882,6884
6882,6885
6885,6886
6887,6888
6887,6889
6887,6890
6890,6891
6893,6894
6893,6897
6894,6895
6894,6896
6898,6899
6898,6902
6899,6900
6899,6901
6903,6904
6903,6905
6906,6907
6906,6909
6906,6911
6907,6908
6909,6910
6911,6912
6912,6913
6914,6915
6914,6916
6914,6917
6914,6919
6914,6942
6914,6943
6914,6948
6917,6918
6919,6920
6920,6921
6921,6922
6921,6927
6921,6932
6921,6937
6922,6923
6922,6924
6922,6925
6925,6926
6927,6928
6927,6929
6927,6930
6930,6931
6932,6933
6932,6934
6932,6935
6935,6936
6937,6938
6937,6939
6937,6940
6940,6941
6943,6944
6943,6947
6944,6945
6944,6946
6948,6949
6949,6950
6949,6951
6952,6953
6952,6954
6952,6955
6952,6958
6952,6987
6952,6988
6952,6993
6952,6997
6955,6956
6956,6957
6958,6959
6959,6960
6960,6961
6960,6972
6960,6977
6960,6982
6961,6962
6961,6963
6961,6964
6961,6966
6964,6965
6966,6967
6967,6968
6967,6969
6967,6970
6970,6971
6972,6973
6972,6974
6972,6975
6975,6976
6977,6978
6977,6979
6977,6980
6980,6981
6982,6983
6982,6984
6982,6985
6985,6986
6988,6989
6988,6992
6989,6990
6989,6991
6993,6994
6993,6996
6994,6995
6997,6998
6997,7000
6998,6999
7001,7002
7001,7003
7001,7006
7001,7008
7001,7016
7003,7004
7004,7005
7006,7007
7008,7009
7009,7010
7009,7011
7009,7014
7009,7015
7011,7012
7012,7013
7017,7018
7017,7021
7017,7023
7017,7024
7017,7025
7017,7027
7018,7019
7018,7020
7021,7022
7025,7026
7027,7028
7027,7030
7027,7032
7027,7036
7027,7038
7027,7042
7027,7044
7027,7046
7027,7048
7028,7029
7030,7031
7032,7033
7033,7034
7033,7035
7036,7037
7038,7039
7039,7040
7040,7041
7042,7043
7044,7045
7046,7047
7048,7049
7048,7050
7048,7051
7051,7052
7052,7053
7054,7055
7054,7056
7054,7057
7054,7058
7054,7059
7054,7060
7054,7061
7054,7062
7054,7065
7062,7063
7063,7064
7065,7066
7067,7068
7067,7069
7067,7074
7067,7077
7067,7080
7067,7083
7067,7135
7069,7070
7069,7071
7069,7072
7072,7073
7074,7075
7075,7076
7077,7078
7077,7079
7080,7081
7081,7082
7083,7084
7083,7128
7084,7085
7085,7086
7085,7088
7085,7091
7085,7127
7086,7087
7088,7089
7089,7090
7091,7092
7091,7094
7092,7093
7094,7095
7094,7098
7094,7101
7094,7103
7094,7104
7094,7106
7095,7096
7096,7097
7098,7099
7098,7100
7101,7102
7104,7105
7106,7107
7107,7108
7107,7109
7107,7112
7107,7116
7107,7119
7107,7123
7109,7110
7109,7111
7112,7113
7112,7114
7114,7115
7116,7117
7116,7118
7119,7120
7119,7121
7121,7122
7123,7124
7123,7125
7125,7126
7128,7129
7128,7131
7128,7133
7129,7130
7131,7132
7133,7134
7135,7136
7137,7138
7137,7139
7137,7140
7137,7141
7137,7142
7137,7143
7137,7144
7137,7152
7137,7155
7137,7157
7144,7145
7144,7149
7145,7146
7145,7147
7145,7148
7149,7150
7150,7151
7152,7153
7153,7154
7155,7156
7158,7159
7158,7160
7158,7161
7158,7162
7158,7164
7158,7165
7158,7166
7158,7168
7158,7171
7158,7173
7158,7174
7158,7176
7158,7178
7158,7183
7162,7163
7166,7167
7168,7169
7169,7170
7171,7172
7174,7175
7176,7177
7178,7179
7178,7180
7180,7181
7181,7182
7183,7184
7183,7185
7186,7187
7186,7188
7186,7189
7186,7195
7186,7198
7186,7200
7186,7207
7186,7209
7189,7190
7189,7193
7190,7191
7190,7192
7193,7194
7195,7196
7196,7197
7198,7199
7200,7201
7200,7204
7201,7202
7201,7203
7204,7205
7205,7206
7207,7208
7209,7210
7209,7213
7210,7211
7210,7212
7213,7214
7215,7216
7215,7217
7215,7224
7215,7236
7215,7240
7217,7218
7217,7219
7219,7220
7220,7221
7221,7222
7221,7223
7224,7225
7224,7226
7226,7227
7226,7229
7227,7228
7229,7230
7229,7231
7231,7232
7232,7233
7233,7234
7234,7235
7236,7237
7236,7238
7238,7239
7240,7241
7240,7242
7242,7243
7243,7244
7245,7246
7245,7247
7245,7248
7245,7250
7245,7273
7248,7249
7250,7251
7251,7252
7252,7253
7252,7258
7252,7263
7252,7268
7253,7254
7253,7255
7253,7256
7256,7257
7258,7259
7258,7260
7258,7261
7261,7262
7263,7264
7263,7265
7263,7266
7266,7267
7268,7269
7268,7270
7268,7271
7271,7272
7273,7274
7273,7277
7274,7275
7274,7276
7278,7279
7278,7285
7278,7287
7278,7290
7278,7291
7278,7293
7279,7280
7279,7281
7279,7283
7279,7284
7281,7282
7285,7286
7287,7288
7288,7289
7291,7292
7294,7295
7294,7296
7294,7298
7294,7316
7296,7297
7298,7299
7298,7302
7299,7300
7299,7301
7302,7303
7302,7307
7302,7311
7302,7313
7303,7304
7303,7305
7303,7306
7307,7308
7308,7309
7308,7310
7311,7312
7313,7314
7313,7315
7317,7318
7317,7319
7317,7326
7317,7338
7317,7345
7319,7320
7319,7321
7321,7322
7322,7323
7323,7324
7323,7325
7326,7327
7326,7328
7328,7329
7328,7331
7329,7330
7331,7332
7331,7333
7333,7334
7334,7335
7335,7336
7336,7337
7338,7339
7338,7340
7338,7343
7340,7341
7341,7342
7343,7344
7345,7346
7345,7347
7347,7348
7348,7349
7350,7351
7350,7352
7350,7357
7352,7353
7353,7354
7354,7355
7355,7356
7357,7358
7358,7359
7360,7361
7361,7362
7361,7364
7361,7400
7361,7401
7362,7363
7364,7365
7364,7399
7365,7366
7366,7367
7367,7368
7367,7371
7367,7375
7367,7379
7367,7384
7367,7389
7367,7394
7368,7369
7368,7370
7371,7372
7371,7373
7371,7374
7375,7376
7375,7377
7375,7378
7379,7380
7379,7381
7379,7382
7379,7383
7384,7385
7384,7386
7384,7387
7384,7388
7389,7390
7389,7391
7389,7392
7389,7393
7394,7395
7394,7396
7394,7397
7394,7398
7401,7402
7401,7403
7403,7404
7405,7406
7405,7407
7405,7408
7405,7410
7405,7433
7405,7434
7405,7439
7405,7444
7408,7409
7410,7411
7411,7412
7412,7413
7412,7418
7412,7423
7412,7428
7413,7414
7413,7415
7413,7416
7416,7417
7418,7419
7418,7420
7418,7421
7421,7422
7423,7424
7423,7425
7423,7426
7426,7427
7428,7429
7428,7430
7428,7431
7431,7432
7434,7435
7434,7438
7435,7436
7435,7437
7439,7440
7439,7443
7440,7441
7440,7442
7444,7445
7444,7447
7445,7446
7448,7449
7448,7450
7448,7451
7448,7453
7448,7471
7448,7472
7448,7477
7451,7452
7453,7454
7454,7455
7455,7456
7455,7461
7455,7466
7456,7457
7456,7458
7456,7459
7459,7460
7461,7462
7461,7463
7461,7464
7464,7465
7466,7467
7466,7468
7466,7469
7469,7470
7472,7473
7472,7476
7473,7474
7473,7475
7477,7478
7477,7481
7478,7479
7478,7480
7482,7483
7482,7484
7482,7485
7482,7486
7482,7487
7482,7488
7482,7489
7482,7490
7482,7492
7482,7494
7482,7496
7482,7498
7482,7500
7490,7491
7492,7493
7494,7495
7496,7497
7498,7499
7500,7501
7502,7503
7502,7504
7502,7505
7502,7507
7502,7508
7505,7506
7508,7509
7508,7511
7509,7510
7511,7512
7511,7517
7511,7523
7511,7529
7512,7513
7512,7514
7512,7515
7515,7516
7517,7518
7517,7520
7517,7521
7517,7522
7518,7519
7523,7524
7523,7526
7523,7527
7523,7528
7524,7525
7529,7530
7529,7532
7529,7535
7530,7531
7532,7533
7532,7534
7536,7537
7536,7538
7536,7539
7536,7543
7536,7545
7536,7547
7536,7549
7536,7551
7536,7553
7539,7540
7540,7541
7541,7542
7543,7544
7545,7546
7547,7548
7549,7550
7551,7552
7553,7554
7555,7556
7555,7557
7555,7558
7555,7559
7555,7560
7555,7561
7561,7562
7562,7563
7563,7564
7563,7566
7563,7567
7563,7571
7563,7575
7563,7579
7563,7583
7563,7587
7563,7593
7563,7607
7563,7657
7563,7666
7564,7565
7567,7568
7568,7569
7568,7570
7571,7572
7571,7573
7573,7574
7575,7576
7575,7577
7577,7578
7579,7580
7580,7581
7580,7582
7583,7584
7584,7585
7584,7586
7587,7588
7588,7589
7589,7590
7589,7591
7589,7592
7593,7594
7594,7595
7594,7596
7594,7597
7594,7600
7594,7603
7597,7598
7598,7599
7600,7601
7601,7602
7603,7604
7604,7605
7605,7606
7607,7608
7607,7612
7607,7613
7607,7621
7607,7622
7607,7626
7607,7631
7607,7636
7607,7639
7607,7646
7607,7648
7607,7651
7607,7652
7607,7653
7608,7609
7609,7610
7609,7611
7613,7614
7613,7616
7614,7615
7616,7617
7617,7618
7618,7619
7619,7620
7622,7623
7623,7624
7623,7625
7626,7627
7627,7628
7628,7629
7629,7630
7631,7632
7632,7633
7633,7634
7634,7635
7636,7637
7637,7638
7639,7640
7640,7641
7641,7642
7642,7643
7643,7644
7644,7645
7646,7647
7648,7649
7649,7650
7653,7654
7653,7655
7655,7656
7657,7658
7657,7662
7658,7659
7659,7660
7659,7661
7662,7663
7662,7664
7664,7665
7666,7667
7668,7669
7668,7672
7668,7674
7668,7675
7668,7676
7668,7678
7669,7670
7669,7671
7672,7673
7676,7677
7678,7679
7678,7681
7678,7683
7678,7687
7678,7689
7678,7693
7678,7695
7678,7697
7678,7699
7679,7680
7681,7682
7683,7684
7684,7685
7684,7686
7687,7688
7689,7690
7690,7691
7691,7692
7693,7694
7695,7696
7697,7698
7699,7700
7699,7701
7699,7702
7702,7703
7703,7704
7705,7706
7705,7707
7705,7708
7705,7709
7705,7710
7705,7711
7705,7713
7711,7712
7714,7715
7714,7716
7714,7717
7714,7718
7714,7719
7714,7720
7714,7721
7714,7723
7714,7727
7714,7732
7721,7722
7723,7724
7723,7725
7725,7726
7727,7728
7728,7729
7728,7730
7730,7731
7732,7733
7733,7734
7733,7735
7736,7737
7736,7738
7736,7739
7736,7747
7736,7749
7736,7751
7736,7752
7736,7758
7736,7759
7736,7761
7739,7740
7739,7742
7740,7741
7742,7743
7742,7744
7742,7746
7744,7745
7747,7748
7749,7750
7752,7753
7752,7756
7753,7754
7754,7755
7756,7757
7759,7760
7762,7763
7762,7764
7762,7766
7762,7768
7762,7769
7762,7771
7762,7773
7762,7775
7762,7777
7764,7765
7766,7767
7769,7770
7771,7772
7773,7774
7775,7776
7777,7778
7778,7779
7780,7781
7780,7782
7780,7783
7780,7785
7780,7814
7780,7815
7783,7784
7785,7786
7786,7787
7787,7788
7787,7799
7787,7804
7787,7809
7788,7789
7788,7790
7788,7791
7788,7793
7791,7792
7793,7794
7794,7795
7794,7796
7794,7797
7797,7798
7799,7800
7799,7801
7799,7802
7802,7803
7804,7805
7804,7806
7804,7807
7807,7808
7809,7810
7809,7811
7809,7812
7812,7813
7815,7816
7815,7818
7816,7817
7819,7820
7819,7822
7819,7825
7819,7828
7820,7821
7822,7823
7823,7824
7825,7826
7826,7827
7828,7829
7828,7830
7830,7831
7830,7833
7831,7832
7833,7834
7833,7835
7835,7836
7835,7839
7836,7837
7837,7838
7839,7840
7839,7841
7841,7842
7841,7845
7842,7843
7843,7844
7845,7846
7845,7847
7847,7848
7848,7849
7848,7850
7850,7851
7850,7854
7851,7852
7852,7853
7854,7855
7854,7856
7856,7857
7858,7859
7858,7860
7858,7864
7860,7861
7860,7862
7862,7863
7864,7865
7865,7866
7866,7867
7866,7868
7868,7869
7870,7871
7870,7872
7870,7873
7870,7875
7870,7898
7870,7899
7870,7904
7870,7908
7873,7874
7875,7876
7876,7877
7877,7878
7877,7883
7877,7888
7877,7893
7878,7879
7878,7880
7878,7881
7881,7882
7883,7884
7883,7885
7883,7886
7886,7887
7888,7889
7888,7890
7888,7891
7891,7892
7893,7894
7893,7895
7893,7896
7896,7897
7899,7900
7899,7903
7900,7901
7900,7902
7904,7905
7905,7906
7905,7907
7908,7909
7908,7911
7909,7910
7912,7913
7912,7914
7912,7915
7912,7917
7912,7930
7915,7916
7917,7918
7918,7919
7919,7920
7919,7925
7920,7921
7920,7922
7920,7923
7923,7924
7925,7926
7925,7927
7925,7928
7928,7929
7930,7931
7930,7934
7931,7932
7931,7933
7935,7936
7935,7937
7935,7938
7935,7939
7935,7940
7935,7941
7941,7942
7943,7944
7943,7945
7943,7946
7946,7947
7946,7948
7946,7951
7948,7949
7948,7950
7951,7952
7951,7957
7952,7953
7952,7954
7952,7956
7954,7955
7957,7958
7957,7959
7957,7961
7957,7962
7959,7960
7963,7964
7963,7965
7963,7966
7963,7967
7963,7968
7963,7969
7963,7971
7963,7979
7963,7981
7963,7983
7963,7985
7963,7987
7969,7970
7971,7972
7971,7973
7973,7974
7973,7975
7973,7978
7975,7976
7976,7977
7979,7980
7981,7982
7983,7984
7985,7986
7987,7988
7987,7995
7987,8139
7988,7989
7989,7990
7990,7991
7990,7994
7991,7992
7991,7993
7995,7996
7995,7999
7995,8002
7995,8004
7995,8005
7995,8006
7995,8062
7995,8075
7995,8087
7995,8099
7996,7997
7997,7998
7999,8000
8000,8001
8002,8003
8006,8007
8006,8008
8008,8009
8008,8010
8008,8012
8008,8013
8008,8028
8008,8037
8008,8041
8008,8061
8010,8011
8013,8014
8013,8015
8013,8026
8015,8016
8016,8017
8016,8019
8016,8021
8016,8023
8017,8018
8019,8020
8021,8022
8023,8024
8023,8025
8026,8027
8028,8029
8028,8030
8028,8034
8030,8031
8031,8032
8032,8033
8034,8035
8035,8036
8037,8038
8038,8039
8039,8040
8041,8042
8041,8045
8041,8059
8042,8043
8043,8044
8045,8046
8045,8058
8046,8047
8047,8048
8047,8050
8047,8052
8047,8055
8048,8049
8050,8051
8052,8053
8053,8054
8055,8056
8056,8057
8059,8060
8062,8063
8062,8064
8064,8065
8064,8072
8064,8073
8064,8074
8065,8066
8065,8067
8067,8068
8068,8069
8069,8070
8070,8071
8075,8076
8076,8077
8076,8084
8076,8085
8076,8086
8077,8078
8077,8079
8079,8080
8080,8081
8081,8082
8082,8083
8087,8088
8088,8089
8088,8096
8088,8097
8088,8098
8089,8090
8089,8091
8091,8092
8092,8093
8093,8094
8094,8095
8099,8100
8099,8137
8100,8101
8100,8105
8101,8102
8102,8103
8103,8104
8105,8106
8105,8107
8105,8112
8107,8108
8107,8110
8108,8109
8110,8111
8112,8113
8112,8115
8113,8114
8115,8116
8115,8119
8115,8130
8116,8117
8116,8118
8119,8120
8119,8124
8119,8125
8119,8126
8119,8128
8120,8121
8121,8122
8122,8123
8126,8127
8128,8129
8130,8131
8130,8134
8131,8132
8131,8133
8134,8135
8135,8136
8137,8138
8139,8140
8139,8142
8140,8141
8142,8143
8143,8144
8145,8146
8145,8147
8145,8149
8145,8150
8147,8148
8150,8151
8150,8153
8150,8155
8151,8152
8153,8154
8155,8156
8157,8158
8157,8161
8158,8159
8159,8160
8161,8162
8163,8164
8163,8166
8163,8168
8163,8170
8163,8171
8164,8165
8166,8167
8168,8169
8171,8172
8171,8174
8172,8173
8175,8176
8175,8177
8175,8178
8175,8180
8175,8203
8175,8204
8175,8209
8178,8179
8180,8181
8181,8182
8182,8183
8182,8188
8182,8193
8182,8198
8183,8184
8183,8185
8183,8186
8186,8187
8188,8189
8188,8190
8188,8191
8191,8192
8193,8194
8193,8195
8193,8196
8196,8197
8198,8199
8198,8200
8198,8201
8201,8202
8204,8205
8204,8208
8205,8206
8205,8207
8209,8210
8210,8211
8210,8212
8213,8214
8213,8215
8213,8216
8213,8218
8213,8241
8213,8246
8213,8251
8216,8217
8218,8219
8219,8220
8220,8221
8220,8226
8220,8231
8220,8236
8221,8222
8221,8223
8221,8224
8224,8225
8226,8227
8226,8228
8226,8229
8229,8230
8231,8232
8231,8233
8231,8234
8234,8235
8236,8237
8236,8238
8236,8239
8239,8240
8241,8242
8241,8245
8242,8243
8242,8244
8246,8247
8246,8250
8247,8248
8247,8249
8251,8252
8251,8254
8252,8253
8255,8256
8255,8257
8255,8258
8255,8263
8255,8271
8255,8273
8258,8259
8258,8261
8259,8260
8261,8262
8263,8264
8263,8269
8264,8265
8264,8266
8266,8267
8266,8268
8269,8270
8271,8272
8273,8274
8274,8275
8274,8284
8275,8276
8275,8283
8276,8277
8276,8282
8277,8278
8277,8281
8278,8279
8278,8280
8285,8286
8285,8287
8285,8290
8285,8294
8285,8297
8285,8299
8285,8301
8287,8288
8288,8289
8290,8291
8290,8292
8292,8293
8294,8295
8294,8296
8297,8298
8299,8300
8301,8302
8303,8304
8303,8305
8303,8306
8303,8307
8303,8308
8303,8309
8303,8310
8303,8315
8303,8320
8303,8324
8303,8326
8303,8328
8303,8330
8303,8334
8303,8336
8310,8311
8310,8312
8312,8313
8313,8314
8315,8316
8315,8317
8317,8318
8318,8319
8320,8321
8321,8322
8321,8323
8324,8325
8326,8327
8328,8329
8330,8331
8331,8332
8332,8333
8334,8335
8337,8338
8337,8339
8339,8340
8341,8342
8341,8343
8341,8344
8341,8345
8341,8346
8341,8347
8341,8348
8341,8349
8341,8350
8341,8351
8341,8352
8341,8353
8341,8355
8341,8357
8341,8359
8341,8361
8341,8363
8341,8365
8341,8367
8341,8369
8341,8371
8341,8373
8353,8354
8355,8356
8357,8358
8359,8360
8361,8362
8363,8364
8365,8366
8367,8368
8369,8370
8371,8372
8373,8374
8375,8376
8375,8377
8377,8378
8377,8381
8378,8379
8378,8380
8381,8382
8382,8383
8382,8385
8383,8384
8385,8386
8385,8397
8386,8387
8386,8388
8386,8395
8388,8389
8389,8390
8390,8391
8391,8392
8391,8393
8391,8394
8395,8396
8397,8398
8399,8400
8399,8401
8399,8402
8399,8404
8399,8427
8399,8428
8399,8433
8402,8403
8404,8405
8405,8406
8406,8407
8406,8412
8406,8417
8406,8422
8407,8408
8407,8409
8407,8410
8410,8411
8412,8413
8412,8414
8412,8415
8415,8416
8417,8418
8417,8419
8417,8420
8420,8421
8422,8423
8422,8424
8422,8425
8425,8426
8428,8429
8428,8432
8429,8430
8429,8431
8433,8434
8433,8437
8434,8435
8434,8436
8438,8439
8438,8440
8438,8441
8438,8443
8438,8466
8438,8471
8441,8442
8443,8444
8444,8445
8445,8446
8445,8451
8445,8456
8445,8461
8446,8447
8446,8448
8446,8449
8449,8450
8451,8452
8451,8453
8451,8454
8454,8455
8456,8457
8456,8458
8456,8459
8459,8460
8461,8462
8461,8463
8461,8464
8464,8465
8466,8467
8466,8470
8467,8468
8467,8469
8471,8472
8471,8474
8472,8473
8475,8476
8475,8477
8475,8481
8475,8482
8475,8483
8475,8484
8475,8487
8475,8490
8475,8491
8475,8495
8475,8501
8475,8507
8477,8478
8477,8479
8479,8480
8484,8485
8485,8486
8487,8488
8487,8489
8491,8492
8491,8493
8493,8494
8495,8496
8495,8500
8496,8497
8496,8498
8496,8499
8501,8502
8501,8506
8502,8503
8502,8504
8502,8505
8507,8508
8507,8512
8508,8509
8508,8510
8508,8511
8513,8514
8513,8515
8513,8518
8513,8520
8513,8528
8515,8516
8516,8517
8518,8519
8520,8521
8521,8522
8521,8523
8521,8526
8521,8527
8523,8524
8524,8525
8529,8530
8529,8531
8529,8532
8529,8534
8529,8552
8529,8553
8529,8558
8529,8563
8532,8533
8534,8535
8535,8536
8536,8537
8536,8542
8536,8547
8537,8538
8537,8539
8537,8540
8540,8541
8542,8543
8542,8544
8542,8545
8545,8546
8547,8548
8547,8549
8547,8550
8550,8551
8553,8554
8553,8557
8554,8555
8554,8556
8558,8559
8558,8562
8559,8560
8559,8561
8563,8564
8563,8568
8563,8569
8564,8565
8564,8567
8565,8566
8569,8570
8571,8572
8571,8573
8571,8574
8571,8576
8571,8599
8571,8600
8571,8605
8574,8575
8576,8577
8577,8578
8578,8579
8578,8584
8578,8589
8578,8594
8579,8580
8579,8581
8579,8582
8582,8583
8584,8585
8584,8586
8584,8587
8587,8588
8589,8590
8589,8591
8589,8592
8592,8593
8594,8595
8594,8596
8594,8597
8597,8598
8600,8601
8600,8604
8601,8602
8601,8603
8605,8606
8606,8607
8606,8608
8609,8610
8609,8611
8611,8612
8613,8614
8613,8615
8613,8616
8613,8617
8613,8618
8613,8619
8613,8620
8613,8621
8613,8622
8613,8624
8613,8626
8613,8628
8613,8643
8613,8645
8613,8648
8613,8654
8613,8657
8613,8658
8613,8659
8613,8660
8613,8665
8613,8674
8613,8677
8613,8683
8613,8686
8622,8623
8624,8625
8626,8627
8628,8629
8628,8630
8628,8633
8630,8631
8631,8632
8633,8634
8633,8637
8633,8639
8634,8635
8634,8636
8637,8638
8639,8640
8640,8641
8641,8642
8643,8644
8645,8646
8646,8647
8648,8649
8649,8650
8649,8651
8651,8652
8652,8653
8654,8655
8655,8656
8660,8661
8661,8662
8662,8663
8663,8664
8665,8666
8665,8670
8666,8667
8667,8668
8668,8669
8670,8671
8671,8672
8672,8673
8674,8675
8675,8676
8677,8678
8677,8679
8679,8680
8680,8681
8681,8682
8683,8684
8684,8685
8686,8687
8688,8689
8688,8690
8688,8691
8688,8693
8688,8716
8688,8717
8688,8722
8688,8727
8691,8692
8693,8694
8694,8695
8695,8696
8695,8701
8695,8706
8695,8711
8696,8697
8696,8698
8696,8699
8699,8700
8701,8702
8701,8703
8701,8704
8704,8705
8706,8707
8706,8708
8706,8709
8709,8710
8711,8712
8711,8713
8711,8714
8714,8715
8717,8718
8717,8721
8718,8719
8718,8720
8722,8723
8722,8726
8723,8724
8723,8725
8727,8728
8727,8730
8728,8729
8731,8732
8731,8733
8731,8735
8731,8736
8733,8734
8736,8737
8736,8739
8736,8741
8737,8738
8739,8740
8741,8742
8743,8744
8743,8745
8743,8747
8745,8746
8747,8748
8748,8749
8748,8751
8748,8754
8748,8758
8748,8759
8749,8750
8751,8752
8752,8753
8754,8755
8755,8756
8756,8757
8760,8761
8760,8762
8760,8767
8762,8763
8763,8764
8763,8765
8763,8766
8767,8768
8768,8769
8770,8771
8770,8772
8770,8773
8770,8775
8773,8774
8775,8776
8777,8778
8777,8783
8777,8785
8777,8788
8777,8791
8777,8792
8777,8793
8777,8795
8777,8796
8778,8779
8778,8780
8778,8782
8780,8781
8783,8784
8785,8786
8786,8787
8788,8789
8789,8790
8793,8794
8796,8797
8796,8799
8796,8801
8796,8805
8796,8807
8796,8811
8796,8813
8796,8814
8797,8798
8799,8800
8801,8802
8802,8803
8802,8804
8805,8806
8807,8808
8808,8809
8809,8810
8811,8812
8814,8815
8816,8817
8816,8818
8816,8822
8816,8823
8816,8824
8816,8826
8816,8828
8816,8830
8816,8833
8816,8835
8816,8838
8816,8841
8816,8842
8818,8819
8818,8820
8820,8821
8824,8825
8826,8827
8828,8829
8830,8831
8831,8832
8833,8834
8835,8836
8835,8837
8838,8839
8838,8840
8842,8843
8842,8844
8844,8845
8846,8847
8846,8848
8846,8849
8846,8850
8846,8851
8846,8852
8846,8853
8846,8858
8846,8863
8846,8867
8846,8869
8846,8871
8846,8873
8846,8877
8846,8879
8853,8854
8853,8855
8855,8856
8856,8857
8858,8859
8858,8860
8860,8861
8861,8862
8863,8864
8864,8865
8864,8866
8867,8868
8869,8870
8871,8872
8873,8874
8874,8875
8875,8876
8877,8878
