1,2
1,3
1,8
1,15
1,19
1,28
1,29
1,30
1,68
1,76
1,86
3,4
3,7
4,5
4,6
8,9
8,12
9,10
9,11
12,13
12,14
15,16
16,17
16,18
19,20
20,21
20,22
20,23
23,24
24,25
25,26
25,27
30,31
30,32
30,43
32,33
33,34
34,35
35,36
35,38
35,39
35,42
36,37
39,40
40,41
43,44
43,48
43,59
44,45
45,46
45,47
48,49
49,50
49,52
49,53
49,54
49,57
49,58
50,51
54,55
55,56
59,60
60,61
60,67
61,62
61,63
63,64
64,65
64,66
68,69
68,70
70,71
71,72
71,75
72,73
72,74
76,77
77,78
78,79
78,80
78,81
81,82
81,85
82,83
82,84
87,88
87,94
87,97
88,89
88,93
89,90
89,91
91,92
94,95
95,96
97,98
97,120
98,99
99,100
99,101
99,102
102,103
102,107
102,110
103,104
103,105
105,106
107,108
107,109
110,111
110,117
111,112
111,116
112,113
112,114
114,115
117,118
118,119
121,122
122,123
123,124
123,125
123,127
123,134
123,169
125,126
127,128
128,129
128,130
128,133
130,131
131,132
134,135
134,136
134,137
134,138
134,139
134,140
134,141
141,142
141,143
141,144
144,145
144,168
145,146
146,147
146,149
147,148
149,150
149,151
149,154
149,158
149,167
151,152
152,153
154,155
155,156
155,157
158,159
158,164
159,160
159,161
161,162
162,163
164,165
165,166
170,171
170,172
170,173
170,175
170,190
173,174
175,176
176,177
176,178
178,179
178,181
179,180
181,182
181,183
181,184
184,185
184,186
184,187
187,188
187,189
190,191
191,192
192,193
193,194
194,195
194,196
194,198
196,197
198,199
198,212
199,200
199,202
199,204
200,201
202,203
204,205
204,206
204,211
206,207
206,209
207,208
209,210
212,213
212,214
214,215
216,217
216,218
216,219
216,221
216,222
216,223
216,224
216,229
219,220
224,225
224,226
226,227
227,228
229,230
229,301
230,231
230,233
231,232
233,234
233,238
233,241
233,242
233,244
233,261
233,298
233,299
234,235
235,236
235,237
238,239
239,240
242,243
244,245
244,248
245,246
245,247
248,249
248,251
248,253
248,255
248,260
249,250
251,252
253,254
255,256
255,257
257,258
258,259
261,262
261,263
263,264
263,266
263,268
263,270
264,265
266,267
268,269
270,271
270,274
271,272
271,273
274,275
275,276
275,280
276,277
276,278
278,279
280,281
281,282
281,285
282,283
282,284
285,286
285,288
285,290
285,292
285,297
286,287
288,289
290,291
292,293
292,294
294,295
295,296
299,300
301,302
301,303
304,305
304,306
304,307
304,308
304,309
304,310
304,311
304,314
304,328
304,329
311,312
311,313
314,315
314,316
316,317
316,319
316,321
317,318
319,320
321,322
321,325
322,323
322,324
325,326
326,327
329,330
330,331
330,333
330,336
331,332
333,334
334,335
337,338
337,341
337,344
338,339
338,340
341,342
342,343
344,345
345,346
345,349
345,351
345,352
345,360
346,347
347,348
349,350
352,353
352,358
353,354
353,357
354,355
355,356
358,359
361,362
361,363
361,364
361,366
361,367
361,368
361,373
364,365
368,369
368,370
370,371
371,372
373,374
373,442
374,375
374,377
375,376
377,378
377,382
377,385
377,386
377,403
377,439
377,440
378,379
379,380
379,381
382,383
383,384
386,387
386,390
387,388
387,389
390,391
390,393
390,395
390,397
390,402
391,392
393,394
395,396
397,398
397,399
399,400
400,401
403,404
403,405
405,406
405,408
405,410
405,412
406,407
408,409
410,411
412,413
412,416
413,414
413,415
416,417
417,418
417,422
418,419
418,420
420,421
422,423
423,424
423,427
424,425
424,426
427,428
427,430
427,431
427,433
427,438
428,429
431,432
433,434
433,435
435,436
436,437
440,441
442,443
442,444
444,445
445,446
447,448
448,449
448,450
448,454
448,455
450,451
451,452
452,453
455,456
455,458
456,457
459,460
459,465
459,466
460,461
461,462
461,463
461,464
466,467
467,468
467,469
467,470
467,475
470,471
471,472
471,473
471,474
476,477
476,478
476,479
479,480
480,481
480,482
483,484
483,487
483,489
483,491
484,485
484,486
487,488
489,490
491,492
492,493
492,496
492,498
492,499
492,507
493,494
494,495
496,497
499,500
499,505
500,501
500,504
501,502
502,503
505,506
508,509
508,510
508,511
511,512
513,514
513,515
513,516
513,518
513,519
513,520
513,521
513,526
516,517
521,522
521,523
523,524
524,525
526,527
526,598
527,528
527,530
528,529
530,531
530,535
530,538
530,539
530,541
530,558
530,595
530,596
531,532
532,533
532,534
535,536
536,537
539,540
541,542
541,545
542,543
542,544
545,546
545,548
545,550
545,552
545,557
546,547
548,549
550,551
552,553
552,554
554,555
555,556
558,559
558,560
560,561
560,563
560,565
560,567
561,562
563,564
565,566
567,568
567,571
568,569
568,570
571,572
572,573
572,577
573,574
573,575
575,576
577,578
578,579
578,582
579,580
579,581
582,583
582,585
582,587
582,589
582,594
583,584
585,586
587,588
589,590
589,591
591,592
592,593
596,597
598,599
598,600
601,602
601,603
601,604
601,605
601,607
601,665
605,606
607,608
607,610
607,634
608,609
610,611
610,613
611,612
613,614
613,617
613,633
614,615
614,616
617,618
618,619
618,620
618,623
620,621
621,622
623,624
624,625
624,627
625,626
627,628
627,629
629,630
630,631
630,632
634,635
634,640
634,642
635,636
635,638
636,637
638,639
640,641
642,643
642,646
642,662
643,644
644,645
646,647
647,648
647,649
649,650
649,655
649,661
650,651
651,652
652,653
653,654
655,656
655,659
656,657
657,658
659,660
662,663
663,664
666,667
666,668
666,669
666,670
666,671
666,672
666,673
666,674
666,675
666,676
666,677
666,685
666,687
666,691
677,678
677,681
678,679
678,680
681,682
682,683
683,684
685,686
687,688
688,689
688,690
691,692
692,693
692,694
692,695
692,729
695,696
695,697
695,707
695,716
695,720
695,725
697,698
697,705
698,699
698,701
699,700
701,702
701,704
702,703
705,706
707,708
707,712
708,709
709,710
709,711
712,713
713,714
714,715
716,717
717,718
717,719
720,721
721,722
722,723
723,724
725,726
726,727
727,728
730,731
730,732
730,734
730,743
732,733
734,735
734,738
735,736
735,737
738,739
739,740
739,741
741,742
744,745
745,746
746,747
747,748
749,750
749,751
749,756
749,763
749,767
749,776
749,777
749,778
749,815
749,822
749,832
751,752
751,755
752,753
752,754
756,757
756,760
757,758
757,759
760,761
760,762
763,764
764,765
764,766
767,768
768,769
768,770
768,771
771,772
772,773
773,774
773,775
778,779
778,780
778,791
780,781
781,782
782,783
783,784
783,786
783,787
783,790
784,785
787,788
788,789
791,792
791,796
791,807
792,793
793,794
793,795
796,797
797,798
797,800
797,801
797,802
797,805
797,806
798,799
802,803
803,804
807,808
808,809
808,814
809,810
810,811
811,812
811,813
815,816
815,817
817,818
818,819
818,821
819,820
822,823
823,824
824,825
824,826
824,827
827,828
827,831
828,829
828,830
833,834
833,835
833,837
833,839
833,841
833,842
833,845
833,846
833,898
833,949
835,836
837,838
839,840
842,843
843,844
846,847
846,849
847,848
849,850
849,852
849,853
850,851
853,854
853,857
854,855
854,856
857,858
857,860
857,862
857,864
857,866
857,868
857,874
857,886
858,859
860,861
862,863
864,865
866,867
868,869
868,871
869,870
871,872
872,873
874,875
874,876
876,877
876,881
877,878
878,879
878,880
881,882
881,884
882,883
884,885
886,887
886,888
888,889
888,893
889,890
890,891
890,892
893,894
893,896
894,895
896,897
898,899
898,901
899,900
901,902
901,904
901,905
902,903
905,906
905,907
907,908
908,909
908,912
909,910
909,911
912,913
912,915
912,917
912,919
912,921
912,923
912,925
912,937
913,914
915,916
917,918
919,920
921,922
923,924
925,926
925,927
927,928
927,932
928,929
929,930
929,931
932,933
932,935
933,934
935,936
937,938
937,939
939,940
939,944
940,941
941,942
941,943
944,945
944,947
945,946
947,948
950,951
950,952
950,953
950,955
950,956
950,957
950,958
950,963
953,954
958,959
958,960
960,961
961,962
963,964
963,1035
964,965
964,967
965,966
967,968
967,972
967,975
967,976
967,978
967,995
967,1032
967,1033
968,969
969,970
969,971
972,973
973,974
976,977
978,979
978,982
979,980
979,981
982,983
982,985
982,987
982,989
982,994
983,984
985,986
987,988
989,990
989,991
991,992
992,993
995,996
995,997
997,998
997,1000
997,1002
997,1004
998,999
1000,1001
1002,1003
1004,1005
1004,1008
1005,1006
1005,1007
1008,1009
1009,1010
1009,1014
1010,1011
1010,1012
1012,1013
1014,1015
1015,1016
1015,1019
1016,1017
1016,1018
1019,1020
1019,1022
1019,1024
1019,1026
1019,1031
1020,1021
1022,1023
1024,1025
1026,1027
1026,1028
1028,1029
1029,1030
1033,1034
1035,1036
1035,1037
1038,1039
1038,1041
1038,1042
1038,1043
1038,1045
1038,1091
1039,1040
1043,1044
1045,1046
1045,1049
1045,1060
1046,1047
1047,1048
1049,1050
1049,1057
1050,1051
1051,1052
1051,1053
1051,1055
1051,1056
1053,1054
1057,1058
1058,1059
1060,1061
1060,1065
1060,1069
1060,1074
1060,1082
1061,1062
1062,1063
1062,1064
1065,1066
1066,1067
1066,1068
1069,1070
1070,1071
1070,1072
1070,1073
1074,1075
1075,1076
1075,1077
1075,1078
1075,1080
1075,1081
1078,1079
1082,1083
1083,1084
1084,1085
1085,1086
1085,1087
1085,1089
1087,1088
1089,1090
1091,1092
1092,1093
1093,1094
1093,1097
1093,1100
1093,1102
1093,1114
1093,1117
1093,1148
1093,1149
1093,1230
1094,1095
1095,1096
1097,1098
1098,1099
1100,1101
1102,1103
1102,1105
1103,1104
1105,1106
1105,1109
1106,1107
1106,1108
1109,1110
1109,1113
1110,1111
1111,1112
1114,1115
1115,1116
1117,1118
1117,1119
1119,1120
1119,1131
1119,1132
1120,1121
1120,1123
1121,1122
1123,1124
1123,1128
1124,1125
1124,1126
1126,1127
1128,1129
1129,1130
1132,1133
1132,1136
1133,1134
1133,1135
1136,1137
1136,1138
1138,1139
1138,1145
1139,1140
1139,1141
1141,1142
1142,1143
1142,1144
1145,1146
1146,1147
1149,1150
1150,1151
1150,1152
1150,1153
1150,1155
1150,1156
1153,1154
1156,1157
1157,1158
1157,1205
1157,1214
1158,1159
1158,1160
1158,1161
1158,1163
1158,1167
1158,1195
1161,1162
1163,1164
1164,1165
1164,1166
1167,1168
1167,1169
1169,1170
1169,1172
1170,1171
1172,1173
1172,1175
1173,1174
1175,1176
1175,1177
1175,1186
1175,1189
1177,1178
1178,1179
1178,1181
1179,1180
1181,1182
1182,1183
1182,1184
1182,1185
1186,1187
1186,1188
1189,1190
1189,1194
1190,1191
1191,1192
1192,1193
1195,1196
1196,1197
1196,1198
1196,1201
1198,1199
1199,1200
1201,1202
1201,1203
1201,1204
1205,1206
1205,1207
1207,1208
1208,1209
1208,1213
1209,1210
1209,1211
1211,1212
1214,1215
1214,1216
1214,1217
1214,1218
1218,1219
1218,1220
1220,1221
1220,1222
1222,1223
1222,1227
1223,1224
1223,1226
1224,1225
1227,1228
1228,1229
1230,1231
1230,1232
1230,1235
1232,1233
1233,1234
1235,1236
1237,1238
1237,1239
1237,1240
1237,1242
1237,1243
1237,1244
1237,1245
1237,1250
1240,1241
1245,1246
1245,1247
1247,1248
1248,1249
1250,1251
1250,1322
1251,1252
1251,1254
1252,1253
1254,1255
1254,1259
1254,1262
1254,1263
1254,1265
1254,1282
1254,1319
1254,1320
1255,1256
1256,1257
1256,1258
1259,1260
1260,1261
1263,1264
1265,1266
1265,1269
1266,1267
1266,1268
1269,1270
1269,1272
1269,1274
1269,1276
1269,1281
1270,1271
1272,1273
1274,1275
1276,1277
1276,1278
1278,1279
1279,1280
1282,1283
1282,1284
1284,1285
1284,1287
1284,1289
1284,1291
1285,1286
1287,1288
1289,1290
1291,1292
1291,1295
1292,1293
1292,1294
1295,1296
1296,1297
1296,1301
1297,1298
1297,1299
1299,1300
1301,1302
1302,1303
1302,1306
1303,1304
1303,1305
1306,1307
1306,1309
1306,1311
1306,1313
1306,1318
1307,1308
1309,1310
1311,1312
1313,1314
1313,1315
1315,1316
1316,1317
1320,1321
1322,1323
1322,1324
1325,1326
1325,1327
1325,1332
1327,1328
1328,1329
1329,1330
1329,1331
1333,1334
1333,1335
1333,1337
1333,1339
1333,1354
1333,1386
1335,1336
1337,1338
1339,1340
1339,1342
1340,1341
1342,1343
1342,1345
1342,1347
1342,1353
1343,1344
1345,1346
1347,1348
1347,1351
1348,1349
1348,1350
1351,1352
1354,1355
1354,1357
1355,1356
1357,1358
1358,1359
1358,1361
1359,1360
1361,1362
1361,1364
1361,1366
1361,1368
1361,1370
1361,1372
1361,1373
1361,1375
1361,1376
1361,1385
1362,1363
1364,1365
1366,1367
1368,1369
1370,1371
1373,1374
1376,1377
1376,1378
1378,1379
1379,1380
1379,1383
1380,1381
1380,1382
1383,1384
1387,1388
1387,1389
1387,1391
1387,1394
1389,1390
1391,1392
1392,1393
1394,1395
1394,1397
1395,1396
1397,1398
1398,1399
1398,1401
1399,1400
1401,1402
1401,1411
1401,1419
1401,1421
1402,1403
1402,1404
1404,1405
1405,1406
1406,1407
1407,1408
1407,1410
1408,1409
1411,1412
1411,1413
1413,1414
1414,1415
1415,1416
1415,1418
1416,1417
1419,1420
1421,1422
1421,1423
1423,1424
1423,1426
1424,1425
1426,1427
1426,1433
1427,1428
1427,1431
1428,1429
1428,1430
1431,1432
1433,1434
1433,1436
1434,1435
1436,1437
1436,1438
1436,1444
1438,1439
1439,1440
1440,1441
1441,1442
1442,1443
1444,1445
1444,1446
1447,1448
1447,1449
1447,1450
1447,1452
1450,1451
1452,1453
1454,1455
1454,1456
1454,1458
1454,1460
1454,1475
1454,1507
1456,1457
1458,1459
1460,1461
1460,1463
1461,1462
1463,1464
1463,1466
1463,1468
1463,1474
1464,1465
1466,1467
1468,1469
1468,1472
1469,1470
1469,1471
1472,1473
1475,1476
1475,1478
1476,1477
1478,1479
1479,1480
1479,1482
1480,1481
1482,1483
1482,1485
1482,1487
1482,1489
1482,1491
1482,1493
1482,1494
1482,1496
1482,1497
1482,1506
1483,1484
1485,1486
1487,1488
1489,1490
1491,1492
1494,1495
1497,1498
1497,1499
1499,1500
1500,1501
1500,1504
1501,1502
1501,1503
1504,1505
1508,1509
1508,1510
1510,1511
1510,1512
