1,2
1,3
1,19
1,26
1,27
1,28
3,4
4,5
4,6
4,7
4,8
4,9
4,10
4,11
4,12
4,13
4,14
4,15
4,16
4,17
4,18
19,20
20,21
21,22
21,23
21,24
21,25
29,30
29,31
31,32
33,34
33,35
33,36
33,38
33,61
36,37
38,39
39,40
40,41
40,46
40,51
40,56
41,42
41,43
41,44
44,45
46,47
46,48
46,49
49,50
51,52
51,53
51,54
54,55
56,57
56,58
56,59
59,60
61,62
61,65
62,63
62,64
66,67
66,68
66,69
66,77
66,79
66,81
66,82
66,88
66,89
66,91
69,70
69,72
70,71
72,73
72,74
72,76
74,75
77,78
79,80
82,83
82,86
83,84
84,85
86,87
89,90
92,93
92,94
92,95
92,96
92,97
92,98
92,100
92,108
92,110
92,112
92,114
92,116
98,99
100,101
100,102
102,103
102,104
102,107
104,105
105,106
108,109
110,111
112,113
114,115
116,117
116,124
116,268
117,118
118,119
119,120
119,123
120,121
120,122
124,125
124,128
124,131
124,133
124,134
124,135
124,191
124,204
124,216
124,228
125,126
126,127
128,129
129,130
131,132
135,136
135,137
137,138
137,139
137,141
137,142
137,157
137,166
137,170
137,190
139,140
142,143
142,144
142,155
144,145
145,146
145,148
145,150
145,152
146,147
148,149
150,151
152,153
152,154
155,156
157,158
157,159
157,163
159,160
160,161
161,162
163,164
164,165
166,167
167,168
168,169
170,171
170,174
170,188
171,172
172,173
174,175
174,187
175,176
176,177
176,179
176,181
176,184
177,178
179,180
181,182
182,183
184,185
185,186
188,189
191,192
191,193
193,194
193,201
193,202
193,203
194,195
194,196
196,197
197,198
198,199
199,200
204,205
205,206
205,213
205,214
205,215
206,207
206,208
208,209
209,210
210,211
211,212
216,217
217,218
217,225
217,226
217,227
218,219
218,220
220,221
221,222
222,223
223,224
228,229
228,266
229,230
229,234
230,231
231,232
232,233
234,235
234,236
234,241
236,237
236,239
237,238
239,240
241,242
241,244
242,243
244,245
244,248
244,259
245,246
245,247
248,249
248,253
248,254
248,255
248,257
249,250
250,251
251,252
255,256
257,258
259,260
259,263
260,261
260,262
263,264
264,265
266,267
268,269
268,271
269,270
271,272
272,273
274,275
274,276
274,278
274,281
274,284
274,285
276,277
278,279
278,280
281,282
281,283
285,286
287,288
287,289
287,290
287,293
287,295
287,297
290,291
291,292
293,294
295,296
297,298
297,300
298,299
301,302
301,303
301,304
301,306
301,308
304,305
306,307
308,309
308,312
309,310
309,311
312,313
312,315
313,314
315,316
315,318
315,366
316,317
318,319
319,320
319,322
319,359
320,321
322,323
323,324
323,326
323,339
324,325
326,327
326,330
327,328
328,329
330,331
330,335
331,332
331,333
333,334
335,336
335,338
336,337
339,340
339,342
340,341
342,343
342,344
342,357
344,345
344,347
345,346
347,348
347,350
348,349
350,351
350,352
352,353
352,356
353,354
354,355
357,358
359,360
359,362
360,361
362,363
362,365
363,364
366,367
367,368
367,370
367,408
368,369
370,371
371,372
371,374
371,388
372,373
374,375
374,378
375,376
376,377
378,379
378,383
379,380
379,381
381,382
383,384
384,385
384,386
386,387
388,389
388,392
389,390
390,391
392,393
392,394
392,403
394,395
394,397
394,398
395,396
398,399
399,400
400,401
401,402
403,404
404,405
404,406
406,407
408,409
409,410
409,411
411,412
413,414
414,415
414,417
414,453
414,454
415,416
417,418
417,452
418,419
419,420
420,421
420,424
420,428
420,433
420,438
420,443
420,448
421,422
421,423
424,425
424,426
424,427
428,429
428,430
428,431
428,432
433,434
433,435
433,436
433,437
438,439
438,440
438,441
438,442
443,444
443,445
443,446
443,447
448,449
448,450
448,451
454,455
454,456
456,457
458,459
458,460
458,462
458,464
458,466
458,469
458,472
458,474
458,477
458,479
458,482
458,485
460,461
462,463
464,465
466,467
467,468
469,470
470,471
472,473
474,475
474,476
477,478
479,480
479,481
482,483
482,484
485,486
485,487
488,489
488,490
488,491
488,492
488,493
488,494
494,495
496,497
496,498
496,499
496,501
496,524
496,529
496,534
499,500
501,502
502,503
503,504
503,509
503,514
503,519
504,505
504,506
504,507
507,508
509,510
509,511
509,512
512,513
514,515
514,516
514,517
517,518
519,520
519,521
519,522
522,523
524,525
524,528
525,526
525,527
529,530
529,533
530,531
530,532
534,535
534,537
535,536
538,539
539,540
539,542
539,578
539,579
540,541
542,543
542,577
543,544
544,545
545,546
545,549
545,553
545,558
545,563
545,568
545,573
546,547
546,548
549,550
549,551
549,552
553,554
553,555
553,556
553,557
558,559
558,560
558,561
558,562
563,564
563,565
563,566
563,567
568,569
568,570
568,571
568,572
573,574
573,575
573,576
579,580
579,581
581,582
583,584
583,585
583,586
583,588
583,611
583,612
583,617
586,587
588,589
589,590
590,591
590,596
590,601
590,606
591,592
591,593
591,594
594,595
596,597
596,598
596,599
599,600
601,602
601,603
601,604
604,605
606,607
606,608
606,609
609,610
612,613
612,616
613,614
613,615
617,618
618,619
618,620
621,622
621,623
621,624
621,625
626,627
626,628
626,629
626,631
626,649
629,630
631,632
632,633
633,634
633,639
633,644
634,635
634,636
634,637
637,638
639,640
639,641
639,642
642,643
644,645
644,646
644,647
647,648
649,650
649,653
650,651
650,652
654,655
654,656
654,673
656,657
656,658
658,659
658,662
659,660
660,661
662,663
662,664
664,665
664,667
665,666
667,668
667,671
668,669
668,670
671,672
674,675
674,677
674,680
674,683
675,676
677,678
678,679
680,681
681,682
683,684
683,685
685,686
685,688
686,687
688,689
688,690
690,691
690,694
691,692
692,693
694,695
694,696
696,697
696,700
697,698
698,699
700,701
700,702
702,703
703,704
703,705
705,706
705,709
706,707
707,708
709,710
709,711
711,712
713,714
713,715
713,718
713,721
713,724
713,725
713,729
713,731
713,732
713,733
715,716
716,717
718,719
719,720
721,722
722,723
725,726
726,727
726,728
729,730
733,734
733,739
734,735
734,736
734,737
734,738
740,741
740,745
740,747
740,748
740,750
740,751
740,753
740,755
740,757
740,759
740,761
740,765
740,767
741,742
741,743
741,744
745,746
748,749
751,752
753,754
755,756
757,758
759,760
761,762
762,763
763,764
765,766
767,768
769,770
769,771
769,773
769,775
769,777
771,772
773,774
775,776
778,779
778,780
778,781
778,783
778,812
778,813
778,817
781,782
783,784
784,785
785,786
785,797
785,802
785,807
786,787
786,788
786,789
786,791
789,790
791,792
792,793
792,794
792,795
795,796
797,798
797,799
797,800
800,801
802,803
802,804
802,805
805,806
807,808
807,809
807,810
810,811
813,814
813,816
814,815
817,818
817,820
818,819
821,822
821,823
821,824
821,826
821,844
821,845
821,850
824,825
826,827
827,828
828,829
828,834
828,839
829,830
829,831
829,832
832,833
834,835
834,836
834,837
837,838
839,840
839,841
839,842
842,843
845,846
845,849
846,847
846,848
850,851
851,852
851,853
854,855
854,856
854,857
854,859
854,860
857,858
860,861
860,863
861,862
863,864
863,869
863,875
863,881
864,865
864,866
864,867
867,868
869,870
869,872
869,873
869,874
870,871
875,876
875,878
875,879
875,880
876,877
881,882
881,884
881,887
882,883
884,885
884,886
888,889
888,890
888,892
888,894
888,896
888,898
888,900
888,902
888,904
888,906
888,908
888,910
888,911
888,913
888,915
888,921
888,924
888,927
888,929
890,891
892,893
894,895
896,897
898,899
900,901
902,903
904,905
906,907
908,909
911,912
913,914
915,916
916,917
916,920
917,918
917,919
921,922
922,923
924,925
925,926
927,928
929,930
931,932
931,933
931,934
931,936
931,954
931,955
931,960
931,965
934,935
936,937
937,938
938,939
938,944
938,949
939,940
939,941
939,942
942,943
944,945
944,946
944,947
947,948
949,950
949,951
949,952
952,953
955,956
955,959
956,957
956,958
960,961
960,964
961,962
961,963
965,966
965,970
965,971
966,967
966,969
967,968
971,972
973,974
973,975
973,977
973,995
975,976
977,978
977,981
978,979
978,980
981,982
981,986
981,990
981,992
982,983
982,984
982,985
986,987
987,988
987,989
990,991
992,993
992,994
996,997
996,1002
996,1004
996,1007
996,1010
996,1011
996,1012
996,1014
996,1015
997,998
997,999
997,1001
999,1000
1002,1003
1004,1005
1005,1006
1007,1008
1008,1009
1012,1013
1015,1016
1015,1018
1015,1020
1015,1024
1015,1026
1015,1030
1015,1032
1015,1033
1016,1017
1018,1019
1020,1021
1021,1022
1021,1023
1024,1025
1026,1027
1027,1028
1028,1029
1030,1031
1033,1034
1035,1036
1035,1037
1035,1039
1035,1040
1037,1038
1040,1041
1040,1043
1040,1045
1041,1042
1043,1044
1045,1046
1047,1048
1047,1049
1047,1051
1047,1057
1049,1050
1051,1052
1051,1055
1052,1053
1052,1054
1055,1056
1058,1059
1058,1060
1058,1061
1058,1062
1058,1064
1058,1066
1058,1069
1058,1070
1062,1063
1064,1065
1066,1067
1067,1068
1070,1071
1072,1073
1072,1074
1072,1075
1072,1077
1072,1095
1075,1076
1077,1078
1078,1079
1079,1080
1079,1085
1079,1090
1080,1081
1080,1082
1080,1083
1083,1084
1085,1086
1085,1087
1085,1088
1088,1089
1090,1091
1090,1092
1090,1093
1093,1094
1095,1096
1095,1099
1096,1097
1096,1098
1100,1101
1100,1102
1100,1105
1100,1114
1102,1103
1103,1104
1105,1106
1106,1107
1106,1108
1106,1110
1106,1112
1106,1113
1108,1109
1110,1111
1115,1116
1115,1117
1115,1118
1115,1120
1115,1143
1115,1144
1115,1149
1118,1119
1120,1121
1121,1122
1122,1123
1122,1128
1122,1133
1122,1138
1123,1124
1123,1125
1123,1126
1126,1127
1128,1129
1128,1130
1128,1131
1131,1132
1133,1134
1133,1135
1133,1136
1136,1137
1138,1139
1138,1140
1138,1141
1141,1142
1144,1145
1144,1148
1145,1146
1145,1147
1149,1150
1150,1151
1150,1152
1153,1154
1153,1155
1153,1160
1155,1156
1156,1157
1156,1158
1156,1159
1160,1161
1161,1162
1163,1164
1163,1165
1163,1166
1163,1167
1163,1168
1163,1170
1163,1171
1163,1179
1168,1169
1171,1172
1171,1175
1172,1173
1172,1174
1175,1176
1176,1177
1176,1178
1180,1181
1180,1184
1180,1186
1180,1187
1180,1189
1180,1191
1181,1182
1181,1183
1184,1185
1187,1188
1189,1190
1191,1192
1191,1193
1191,1221
1193,1194
1193,1196
1193,1199
1193,1206
1193,1210
1193,1212
1193,1217
1193,1219
1194,1195
1196,1197
1197,1198
1199,1200
1199,1202
1200,1201
1202,1203
1203,1204
1204,1205
1206,1207
1207,1208
1208,1209
1210,1211
1212,1213
1212,1214
1214,1215
1215,1216
1217,1218
1219,1220
1221,1222
1222,1223
1224,1225
1224,1226
1224,1228
1224,1238
1226,1227
1228,1229
1228,1234
1229,1230
1229,1231
1229,1232
1232,1233
1234,1235
1235,1236
1236,1237
1239,1240
1239,1241
1241,1242
1241,1245
1242,1243
1242,1244
1245,1246
1246,1247
1246,1249
1247,1248
1249,1250
1249,1261
1250,1251
1250,1252
1250,1259
1252,1253
1253,1254
1254,1255
1255,1256
1255,1257
1255,1258
1259,1260
1261,1262
1263,1264
1263,1265
1263,1272
1263,1284
1263,1291
1265,1266
1265,1267
1267,1268
1268,1269
1269,1270
1269,1271
1272,1273
1272,1274
1274,1275
1274,1277
1275,1276
1277,1278
1277,1279
1279,1280
1280,1281
1281,1282
1282,1283
1284,1285
1284,1286
1284,1289
1286,1287
1287,1288
1289,1290
1291,1292
1291,1293
1293,1294
1294,1295
1296,1297
1296,1298
1296,1299
1296,1301
1296,1319
1296,1320
1296,1325
1299,1300
1301,1302
1302,1303
1303,1304
1303,1309
1303,1314
1304,1305
1304,1306
1304,1307
1307,1308
1309,1310
1309,1311
1309,1312
1312,1313
1314,1315
1314,1316
1314,1317
1317,1318
1320,1321
1320,1324
1321,1322
1321,1323
1325,1326
1325,1329
1326,1327
1326,1328
1330,1331
1331,1332
1331,1333
1333,1334
1334,1335
1336,1337
1336,1338
1336,1339
1336,1341
1336,1370
1336,1371
1339,1340
1341,1342
1342,1343
1343,1344
1343,1355
1343,1360
1343,1365
1344,1345
1344,1346
1344,1347
1344,1349
1347,1348
1349,1350
1350,1351
1350,1352
1350,1353
1353,1354
1355,1356
1355,1357
1355,1358
1358,1359
1360,1361
1360,1362
1360,1363
1363,1364
1365,1366
1365,1367
1365,1368
1368,1369
1371,1372
1371,1374
1372,1373
1375,1376
1375,1377
1375,1378
1375,1379
1375,1397
1379,1380
1379,1384
1379,1393
1380,1381
1380,1383
1381,1382
1384,1385
1384,1388
1384,1390
1384,1392
1385,1386
1386,1387
1388,1389
1390,1391
1393,1394
1393,1396
1394,1395
1398,1399
1398,1400
1398,1401
1398,1402
1398,1403
1398,1404
1398,1405
1398,1406
1398,1408
1398,1410
1406,1407
1408,1409
1411,1412
1411,1413
1411,1414
1411,1422
1414,1415
1414,1417
1415,1416
1417,1418
1417,1419
1417,1421
1419,1420
1422,1423
1423,1424
1425,1426
1425,1427
1425,1428
1425,1429
1425,1430
1425,1431
1425,1433
1431,1432
1434,1435
1434,1436
1434,1437
1434,1439
1434,1457
1437,1438
1439,1440
1440,1441
1441,1442
1441,1447
1441,1452
1442,1443
1442,1444
1442,1445
1445,1446
1447,1448
1447,1449
1447,1450
1450,1451
1452,1453
1452,1454
1452,1455
1455,1456
1457,1458
1457,1461
1458,1459
1458,1460
1462,1463
1463,1464
1463,1466
1463,1502
1463,1503
1464,1465
1466,1467
1466,1501
1467,1468
1468,1469
1469,1470
1469,1473
1469,1478
1469,1483
1469,1487
1469,1491
1469,1496
1470,1471
1470,1472
1473,1474
1473,1475
1473,1476
1473,1477
1478,1479
1478,1480
1478,1481
1478,1482
1483,1484
1483,1485
1483,1486
1487,1488
1487,1489
1487,1490
1491,1492
1491,1493
1491,1494
1491,1495
1496,1497
1496,1498
1496,1499
1496,1500
1503,1504
1503,1505
1505,1506
1507,1508
1507,1509
1507,1510
1507,1512
1507,1530
1507,1535
1510,1511
1512,1513
1513,1514
1514,1515
1514,1520
1514,1525
1515,1516
1515,1517
1515,1518
1518,1519
1520,1521
1520,1522
1520,1523
1523,1524
1525,1526
1525,1527
1525,1528
1528,1529
1530,1531
1530,1534
1531,1532
1531,1533
1535,1536
1535,1539
1536,1537
1536,1538
1540,1541
1540,1542
1540,1543
1540,1544
1540,1545
1540,1546
1546,1547
1548,1549
1548,1550
1548,1551
1551,1552
1551,1555
1551,1557
1552,1553
1552,1554
1555,1556
1557,1558
1558,1559
1558,1562
1559,1560
1559,1561
1562,1563
1564,1565
1564,1566
1564,1567
1564,1573
1564,1576
1564,1578
1564,1581
1564,1586
1564,1589
1564,1592
1564,1595
1564,1598
1567,1568
1567,1571
1568,1569
1568,1570
1571,1572
1573,1574
1574,1575
1576,1577
1578,1579
1579,1580
1581,1582
1581,1583
1583,1584
1584,1585
1586,1587
1586,1588
1589,1590
1589,1591
1592,1593
1593,1594
1595,1596
1595,1597
1598,1599
1598,1600
1601,1602
1601,1603
1601,1605
1601,1623
1603,1604
1605,1606
1605,1609
1606,1607
1606,1608
1609,1610
1609,1614
1609,1618
1609,1620
1610,1611
1610,1612
1610,1613
1614,1615
1615,1616
1615,1617
1618,1619
1620,1621
1620,1622
1624,1625
1624,1626
1624,1627
1624,1628
1624,1629
1624,1630
1624,1631
1624,1632
1624,1633
1624,1634
1624,1635
1624,1636
1624,1638
1624,1640
1624,1642
1624,1644
1624,1646
1624,1648
1624,1650
1624,1652
1624,1654
1624,1656
1636,1637
1638,1639
1640,1641
1642,1643
1644,1645
1646,1647
1648,1649
1650,1651
1652,1653
1654,1655
1656,1657
1658,1659
1658,1660
1658,1662
1658,1664
1658,1666
1658,1668
1658,1670
1658,1672
1658,1673
1658,1675
1658,1680
1660,1661
1662,1663
1664,1665
1666,1667
1668,1669
1670,1671
1673,1674
1675,1676
1675,1679
1676,1677
1676,1678
1680,1681
1680,1684
1681,1682
1681,1683
1685,1686
1685,1687
1685,1688
1688,1689
1690,1691
1690,1692
1690,1693
1690,1695
1690,1718
1693,1694
1695,1696
1696,1697
1697,1698
1697,1703
1697,1708
1697,1713
1698,1699
1698,1700
1698,1701
1701,1702
1703,1704
1703,1705
1703,1706
1706,1707
1708,1709
1708,1710
1708,1711
1711,1712
1713,1714
1713,1715
1713,1716
1716,1717
1718,1719
1718,1722
1719,1720
1719,1721
1723,1724
1723,1725
1723,1726
1723,1728
1723,1741
1726,1727
1728,1729
1729,1730
1730,1731
1730,1736
1731,1732
1731,1733
1731,1734
1734,1735
1736,1737
1736,1738
1736,1739
1739,1740
1741,1742
1741,1745
1742,1743
1742,1744
1746,1747
1746,1753
1746,1754
1746,1756
1746,1759
1746,1760
1746,1761
1747,1748
1747,1749
1747,1750
1747,1752
1750,1751
1754,1755
1756,1757
1757,1758
1761,1762
1763,1764
1763,1765
1763,1766
1763,1767
1767,1768
1769,1770
1769,1776
1769,1778
1769,1781
1769,1782
1769,1784
1770,1771
1770,1772
1770,1774
1770,1775
1772,1773
1776,1777
1778,1779
1779,1780
1782,1783
1785,1786
1785,1791
1785,1793
1785,1796
1785,1799
1785,1800
1785,1801
1785,1803
1785,1804
1786,1787
1786,1788
1786,1790
1788,1789
1791,1792
1793,1794
1794,1795
1796,1797
1797,1798
1801,1802
1804,1805
1804,1807
1804,1809
1804,1813
1804,1815
1804,1819
1804,1821
1804,1822
1805,1806
1807,1808
1809,1810
1810,1811
1810,1812
1813,1814
1815,1816
1816,1817
1817,1818
1819,1820
1822,1823
1824,1825
1824,1826
1824,1827
1824,1829
1824,1847
1827,1828
1829,1830
1830,1831
1831,1832
1831,1837
1831,1842
1832,1833
1832,1834
1832,1835
1835,1836
1837,1838
1837,1839
1837,1840
1840,1841
1842,1843
1842,1844
1842,1845
1845,1846
1847,1848
1847,1851
1848,1849
1848,1850
1852,1853
1852,1854
1852,1857
1852,1859
1852,1867
1854,1855
1855,1856
1857,1858
1859,1860
1860,1861
1860,1862
1860,1865
1860,1866
1862,1863
1863,1864
1868,1869
1868,1870
1868,1872
1870,1871
1872,1873
1874,1875
1874,1876
1874,1877
1874,1885
1874,1887
1874,1888
1874,1894
1874,1895
1874,1897
1877,1878
1877,1880
1878,1879
1880,1881
1880,1882
1880,1884
1882,1883
1885,1886
1888,1889
1888,1892
1889,1890
1890,1891
1892,1893
1895,1896
1898,1899
1898,1900
1898,1902
1898,1904
1898,1906
1898,1908
1898,1910
1898,1919
1898,1938
1898,1940
1898,1942
1898,1993
1898,1995
1898,2002
1898,2004
1898,2005
1898,2008
1898,2014
1898,2019
1898,2020
1898,2040
1898,2042
1898,2061
1900,1901
1902,1903
1904,1905
1906,1907
1908,1909
1910,1911
1910,1914
1911,1912
1911,1913
1914,1915
1914,1917
1914,1918
1915,1916
1919,1920
1919,1921
1921,1922
1921,1924
1922,1923
1924,1925
1924,1926
1924,1934
1926,1927
1927,1928
1927,1930
1928,1929
1930,1931
1930,1932
1930,1933
1934,1935
1934,1936
1934,1937
1938,1939
1940,1941
1942,1943
1942,1944
1944,1945
1944,1946
1944,1949
1944,1986
1944,1992
1946,1947
1947,1948
1949,1950
1949,1951
1951,1952
1951,1954
1952,1953
1954,1955
1954,1956
1956,1957
1956,1959
1957,1958
1959,1960
1959,1961
1961,1962
1962,1963
1962,1964
1964,1965
1964,1967
1964,1974
1964,1978
1965,1966
1967,1968
1968,1969
1968,1970
1968,1972
1970,1971
1972,1973
1974,1975
1975,1976
1976,1977
1978,1979
1978,1983
1979,1980
1979,1981
1981,1982
1983,1984
1984,1985
1986,1987
1986,1988
1988,1989
1988,1990
1988,1991
1993,1994
1995,1996
1995,1997
1997,1998
1997,2000
1997,2001
1998,1999
2002,2003
2005,2006
2006,2007
2008,2009
2008,2010
2010,2011
2011,2012
2012,2013
2014,2015
2014,2016
2016,2017
2017,2018
2020,2021
2020,2022
2022,2023
2022,2026
2022,2034
2022,2036
2023,2024
2024,2025
2026,2027
2026,2028
2028,2029
2028,2032
2028,2033
2029,2030
2029,2031
2034,2035
2036,2037
2036,2038
2038,2039
2040,2041
2042,2043
2042,2046
2043,2044
2043,2045
2046,2047
2046,2049
2047,2048
2049,2050
2049,2051
2049,2057
2051,2052
2051,2054
2051,2055
2051,2056
2052,2053
2057,2058
2057,2059
2057,2060
2061,2062
2061,2063
2063,2064
2063,2065
2063,2068
2063,2070
2065,2066
2066,2067
2068,2069
2070,2071
2070,2074
2070,2120
2071,2072
2071,2073
2074,2075
2075,2076
2075,2078
2075,2079
2075,2116
2076,2077
2079,2080
2079,2081
2079,2113
2081,2082
2081,2092
2081,2097
2082,2083
2082,2085
2083,2084
2085,2086
2086,2087
2086,2088
2088,2089
2088,2090
2088,2091
2092,2093
2092,2094
2094,2095
2094,2096
2097,2098
2097,2110
2098,2099
2098,2102
2099,2100
2100,2101
2102,2103
2102,2104
2102,2106
2104,2105
2106,2107
2106,2108
2108,2109
2110,2111
2110,2112
2113,2114
2113,2115
2116,2117
2116,2118
2116,2119
2120,2121
2120,2122
2120,2125
2122,2123
2123,2124
2125,2126
2125,2127
2125,2129
2127,2128
2129,2130
2129,2131
2131,2132
2133,2134
2133,2135
2133,2136
2133,2138
2136,2137
2138,2139
2140,2141
2140,2142
2140,2143
2140,2145
2140,2168
2140,2169
2140,2174
2143,2144
2145,2146
2146,2147
2147,2148
2147,2153
2147,2158
2147,2163
2148,2149
2148,2150
2148,2151
2151,2152
2153,2154
2153,2155
2153,2156
2156,2157
2158,2159
2158,2160
2158,2161
2161,2162
2163,2164
2163,2165
2163,2166
2166,2167
2169,2170
2169,2173
2170,2171
2170,2172
2174,2175
2174,2178
2175,2176
2175,2177
2179,2180
2179,2183
2180,2181
2181,2182
2183,2184
2185,2186
2185,2187
2187,2188
2188,2189
2189,2190
2190,2191
2191,2192
2192,2193
2193,2194
2194,2195
2195,2196
2196,2197
2197,2198
2198,2199
2199,2200
2200,2201
2201,2202
2202,2203
2204,2205
2204,2208
2205,2206
2206,2207
2208,2209
2209,2210
2211,2212
2211,2213
2211,2215
2211,2217
2211,2218
2211,2220
2211,2222
2211,2224
2211,2226
2213,2214
2215,2216
2218,2219
2220,2221
2222,2223
2224,2225
2226,2227
2227,2228
2229,2230
2229,2231
2229,2232
2229,2238
2229,2241
2229,2243
2229,2250
2229,2252
2232,2233
2232,2236
2233,2234
2233,2235
2236,2237
2238,2239
2239,2240
2241,2242
2243,2244
2243,2247
2244,2245
2244,2246
2247,2248
2248,2249
2250,2251
2252,2253
2252,2256
2253,2254
2253,2255
2256,2257
2258,2259
2258,2260
2258,2262
2258,2266
2258,2268
2258,2270
2258,2272
2258,2274
2258,2276
2258,2284
2260,2261
2262,2263
2263,2264
2264,2265
2266,2267
2268,2269
2270,2271
2272,2273
2274,2275
2276,2277
2277,2278
2277,2279
2279,2280
2280,2281
2281,2282
2282,2283
2284,2285
2286,2287
2286,2288
2286,2291
2286,2293
2286,2301
2288,2289
2289,2290
2291,2292
2293,2294
2294,2295
2294,2296
2294,2299
2294,2300
2296,2297
2297,2298
2302,2303
2302,2304
2305,2306
2305,2307
2305,2308
2309,2310
2309,2311
2309,2324
2311,2312
2311,2314
2312,2313
2314,2315
2315,2316
2315,2317
2317,2318
2317,2319
2317,2322
2319,2320
2320,2321
2322,2323
2324,2325
2326,2327
2326,2328
2326,2329
2326,2330
2326,2331
2326,2332
2332,2333
2333,2334
2334,2335
2334,2337
2334,2338
2334,2342
2334,2346
2334,2350
2334,2354
2334,2358
2334,2364
2334,2378
2334,2428
2334,2437
2335,2336
2338,2339
2339,2340
2339,2341
2342,2343
2342,2344
2344,2345
2346,2347
2346,2348
2348,2349
2350,2351
2351,2352
2351,2353
2354,2355
2355,2356
2355,2357
2358,2359
2359,2360
2360,2361
2360,2362
2360,2363
2364,2365
2365,2366
2365,2367
2365,2368
2365,2371
2365,2374
2368,2369
2369,2370
2371,2372
2372,2373
2374,2375
2375,2376
2376,2377
2378,2379
2378,2383
2378,2384
2378,2392
2378,2393
2378,2397
2378,2402
2378,2407
2378,2410
2378,2417
2378,2419
2378,2422
2378,2423
2378,2424
2379,2380
2380,2381
2380,2382
2384,2385
2384,2387
2385,2386
2387,2388
2388,2389
2389,2390
2390,2391
2393,2394
2394,2395
2394,2396
2397,2398
2398,2399
2399,2400
2400,2401
2402,2403
2403,2404
2404,2405
2405,2406
2407,2408
2408,2409
2410,2411
2411,2412
2412,2413
2413,2414
2414,2415
2415,2416
2417,2418
2419,2420
2420,2421
2424,2425
2424,2426
2426,2427
2428,2429
2428,2433
2429,2430
2430,2431
2430,2432
2433,2434
2433,2435
2435,2436
2437,2438
2439,2440
2439,2441
2439,2442
2439,2444
2439,2462
2439,2463
2439,2468
2439,2474
2442,2443
2444,2445
2445,2446
2446,2447
2446,2452
2446,2457
2447,2448
2447,2449
2447,2450
2450,2451
2452,2453
2452,2454
2452,2455
2455,2456
2457,2458
2457,2459
2457,2460
2460,2461
2463,2464
2463,2467
2464,2465
2464,2466
2468,2469
2468,2473
2469,2470
2469,2472
2470,2471
2474,2475
2474,2478
2474,2479
2475,2476
2475,2477
2479,2480
2481,2482
2481,2484
2481,2485
2481,2487
2482,2483
2485,2486
2487,2488
2488,2489
2489,2490
2490,2491
2490,2492
2493,2494
2493,2495
2493,2496
2493,2499
2493,2502
2493,2504
2493,2506
2493,2507
2493,2509
2493,2511
2493,2513
2493,2514
2493,2516
2493,2519
2493,2522
2493,2523
2496,2497
2497,2498
2499,2500
2500,2501
2502,2503
2504,2505
2507,2508
2509,2510
2511,2512
2514,2515
2516,2517
2517,2518
2519,2520
2520,2521
2523,2524
2524,2525
2526,2527
2526,2528
2526,2529
2526,2530
2526,2531
2526,2532
2533,2534
2533,2535
2533,2536
2533,2538
2533,2561
2533,2562
2533,2567
2533,2572
2536,2537
2538,2539
2539,2540
2540,2541
2540,2546
2540,2551
2540,2556
2541,2542
2541,2543
2541,2544
2544,2545
2546,2547
2546,2548
2546,2549
2549,2550
2551,2552
2551,2553
2551,2554
2554,2555
2556,2557
2556,2558
2556,2559
2559,2560
2562,2563
2562,2566
2563,2564
2563,2565
2567,2568
2567,2571
2568,2569
2568,2570
2572,2573
2572,2575
2573,2574
2576,2577
2576,2578
2576,2579
2576,2581
2576,2604
2576,2609
2576,2614
2579,2580
2581,2582
2582,2583
2583,2584
2583,2589
2583,2594
2583,2599
2584,2585
2584,2586
2584,2587
2587,2588
2589,2590
2589,2591
2589,2592
2592,2593
2594,2595
2594,2596
2594,2597
2597,2598
2599,2600
2599,2601
2599,2602
2602,2603
2604,2605
2604,2608
2605,2606
2605,2607
2609,2610
2609,2613
2610,2611
2610,2612
2614,2615
2614,2617
2615,2616
2618,2619
2618,2620
2618,2621
2618,2622
2618,2623
2618,2626
2623,2624
2624,2625
2626,2627
2626,2631
2627,2628
2627,2630
2628,2629
2631,2632
2631,2634
2631,2636
2632,2633
2634,2635
2636,2637
2636,2638
2638,2639
2638,2642
2639,2640
2640,2641
2642,2643
2642,2644
2644,2645
2644,2649
2645,2646
2646,2647
2647,2648
2650,2651
2650,2652
2650,2653
2650,2654
2650,2655
2650,2656
2650,2661
2650,2664
2650,2668
2650,2670
2650,2671
2650,2672
2650,2720
2656,2657
2656,2658
2658,2659
2658,2660
2661,2662
2662,2663
2664,2665
2665,2666
2666,2667
2668,2669
2672,2673
2672,2674
2672,2705
2674,2675
2674,2678
2674,2686
2674,2689
2674,2697
2675,2676
2676,2677
2678,2679
2678,2680
2680,2681
2680,2684
2680,2685
2681,2682
2682,2683
2686,2687
2687,2688
2689,2690
2689,2691
2691,2692
2691,2695
2691,2696
2692,2693
2693,2694
2697,2698
2697,2699
2699,2700
2699,2701
2699,2704
2701,2702
2702,2703
2705,2706
2705,2708
2706,2707
2708,2709
2708,2710
2710,2711
2710,2712
2710,2715
2710,2719
2712,2713
2713,2714
2715,2716
2715,2717
2717,2718
2720,2721
2720,2722
2720,2862
2722,2723
2722,2725
2722,2727
2723,2724
2725,2726
2727,2728
2727,2733
2727,2856
2728,2729
2728,2732
2729,2730
2729,2731
2733,2734
2733,2737
2733,2740
2733,2742
2733,2743
2733,2744
2733,2803
2733,2816
2734,2735
2735,2736
2737,2738
2738,2739
2740,2741
2744,2745
2744,2746
2746,2747
2746,2748
2746,2750
2746,2751
2746,2769
2746,2778
2746,2782
2746,2802
2748,2749
2751,2752
2751,2753
2751,2767
2753,2754
2754,2755
2754,2760
2754,2763
2755,2756
2756,2757
2757,2758
2757,2759
2760,2761
2760,2762
2763,2764
2763,2765
2765,2766
2767,2768
2769,2770
2769,2771
2769,2775
2771,2772
2772,2773
2773,2774
2775,2776
2776,2777
2778,2779
2779,2780
2780,2781
2782,2783
2782,2786
2782,2800
2783,2784
2784,2785
2786,2787
2786,2799
2787,2788
2788,2789
2788,2791
2788,2793
2788,2796
2789,2790
2791,2792
2793,2794
2794,2795
2796,2797
2797,2798
2800,2801
2803,2804
2803,2805
2805,2806
2805,2813
2805,2814
2805,2815
2806,2807
2806,2808
2808,2809
2809,2810
2810,2811
2811,2812
2816,2817
2816,2854
2817,2818
2817,2822
2818,2819
2819,2820
2820,2821
2822,2823
2822,2824
2822,2829
2824,2825
2824,2827
2825,2826
2827,2828
2829,2830
2829,2832
2830,2831
2832,2833
2832,2836
2832,2847
2833,2834
2833,2835
2836,2837
2836,2841
2836,2842
2836,2843
2836,2845
2837,2838
2838,2839
2839,2840
2843,2844
2845,2846
2847,2848
2847,2851
2848,2849
2848,2850
2851,2852
2852,2853
2854,2855
2856,2857
2856,2859
2857,2858
2859,2860
2860,2861
2862,2863
2862,2864
2864,2865
2864,2866
2866,2867
2866,2870
2866,2872
2866,2874
2866,2909
2867,2868
2868,2869
2870,2871
2872,2873
2874,2875
2874,2880
2874,2905
2875,2876
2875,2879
2876,2877
2876,2878
2880,2881
2880,2882
2880,2889
2880,2899
2880,2904
2882,2883
2882,2884
2884,2885
2884,2887
2884,2888
2885,2886
2889,2890
2889,2891
2891,2892
2891,2897
2891,2898
2892,2893
2892,2894
2894,2895
2895,2896
2899,2900
2899,2901
2901,2902
2902,2903
2905,2906
2905,2908
2906,2907
2910,2911
2910,2915
2910,2917
2910,2921
2910,2925
2910,2929
2910,2930
2910,2931
2910,2933
2910,2934
2910,2936
2910,2938
2911,2912
2911,2913
2911,2914
2915,2916
2917,2918
2918,2919
2918,2920
2921,2922
2922,2923
2922,2924
2925,2926
2926,2927
2926,2928
2931,2932
2934,2935
2936,2937
2938,2939
2938,2940
2938,2942
2940,2941
2942,2943
2942,2947
2942,2949
2942,2952
2942,2953
2942,2954
2942,2956
2942,2958
2943,2944
2944,2945
2945,2946
2947,2948
2949,2950
2950,2951
2954,2955
2956,2957
2958,2959
2958,2961
2959,2960
2961,2962
2962,2963
2964,2965
2964,2972
2964,2974
2964,2976
2964,2978
2964,2981
2964,2985
2964,2986
2964,2987
2964,2989
2964,2993
2964,2995
2964,2998
2964,2999
2965,2966
2965,2967
2965,2969
2965,2971
2967,2968
2969,2970
2972,2973
2974,2975
2976,2977
2978,2979
2979,2980
2981,2982
2982,2983
2982,2984
2987,2988
2989,2990
2990,2991
2990,2992
2993,2994
2995,2996
2996,2997
2999,3000
3001,3002
3001,3003
3001,3004
3001,3006
3001,3024
3001,3029
3004,3005
3006,3007
3007,3008
3008,3009
3008,3014
3008,3019
3009,3010
3009,3011
3009,3012
3012,3013
3014,3015
3014,3016
3014,3017
3017,3018
3019,3020
3019,3021
3019,3022
3022,3023
3024,3025
3024,3028
3025,3026
3025,3027
3029,3030
3029,3033
3030,3031
3030,3032
3034,3035
3034,3036
3034,3039
3034,3043
3034,3046
3034,3048
3034,3050
3036,3037
3037,3038
3039,3040
3039,3041
3041,3042
3043,3044
3043,3045
3046,3047
3048,3049
3050,3051
3052,3053
3052,3054
3052,3061
3052,3073
3052,3077
3054,3055
3054,3056
3056,3057
3057,3058
3058,3059
3058,3060
3061,3062
3061,3063
3063,3064
3063,3066
3064,3065
3066,3067
3066,3068
3068,3069
3069,3070
3070,3071
3071,3072
3073,3074
3073,3075
3075,3076
3077,3078
3077,3079
3079,3080
3080,3081
3082,3083
3082,3084
3084,3085
3085,3086
3087,3088
3087,3092
3087,3094
3087,3095
3087,3097
3087,3098
3087,3100
3087,3102
3087,3104
3087,3106
3087,3108
3087,3112
3087,3114
3088,3089
3088,3090
3088,3091
3092,3093
3095,3096
3098,3099
3100,3101
3102,3103
3104,3105
3106,3107
3108,3109
3109,3110
3110,3111
3112,3113
3114,3115
3116,3117
3116,3118
3116,3119
3116,3121
3116,3139
3116,3140
3116,3145
3116,3150
3119,3120
3121,3122
3122,3123
3123,3124
3123,3129
3123,3134
3124,3125
3124,3126
3124,3127
3127,3128
3129,3130
3129,3131
3129,3132
3132,3133
3134,3135
3134,3136
3134,3137
3137,3138
3140,3141
3140,3144
3141,3142
3141,3143
3145,3146
3145,3149
3146,3147
3146,3148
3150,3151
3150,3155
3150,3156
3151,3152
3151,3154
3152,3153
3156,3157
3158,3159
3158,3160
3158,3161
3158,3163
3158,3165
3161,3162
3163,3164
3165,3166
3165,3169
3166,3167
3166,3168
3169,3170
3169,3172
3170,3171
3172,3173
3172,3175
3172,3223
3173,3174
3175,3176
3176,3177
3176,3179
3176,3216
3177,3178
3179,3180
3180,3181
3180,3183
3180,3196
3181,3182
3183,3184
3183,3187
3184,3185
3185,3186
3187,3188
3187,3192
3188,3189
3188,3190
3190,3191
3192,3193
3192,3195
3193,3194
3196,3197
3196,3199
3197,3198
3199,3200
3199,3201
3199,3214
3201,3202
3201,3204
3202,3203
3204,3205
3204,3207
3205,3206
3207,3208
3207,3209
3209,3210
3209,3213
3210,3211
3211,3212
3214,3215
3216,3217
3216,3219
3217,3218
3219,3220
3219,3222
3220,3221
3223,3224
3224,3225
3224,3227
3224,3265
3225,3226
3227,3228
3228,3229
3228,3231
3228,3245
3229,3230
3231,3232
3231,3235
3232,3233
3233,3234
3235,3236
3235,3240
3236,3237
3236,3238
3238,3239
3240,3241
3241,3242
3241,3243
3243,3244
3245,3246
3245,3249
3246,3247
3247,3248
3249,3250
3249,3251
3249,3260
3251,3252
3251,3254
3251,3255
3252,3253
3255,3256
3256,3257
3257,3258
3258,3259
3260,3261
3261,3262
3261,3263
3263,3264
3265,3266
3266,3267
3266,3268
3268,3269
3270,3271
3270,3272
3270,3274
3270,3276
3270,3284
3272,3273
3274,3275
3276,3277
3276,3280
3277,3278
3277,3279
3280,3281
3281,3282
3282,3283
3284,3285
3284,3286
3286,3287
3287,3288
3289,3290
3289,3291
3289,3292
3289,3294
3289,3323
3289,3324
3289,3329
3289,3335
3292,3293
3294,3295
3295,3296
3296,3297
3296,3308
3296,3313
3296,3318
3297,3298
3297,3299
3297,3300
3297,3302
3300,3301
3302,3303
3303,3304
3303,3305
3303,3306
3306,3307
3308,3309
3308,3310
3308,3311
3311,3312
3313,3314
3313,3315
3313,3316
3316,3317
3318,3319
3318,3320
3318,3321
3321,3322
3324,3325
3324,3328
3325,3326
3325,3327
3329,3330
3329,3334
3330,3331
3330,3333
3331,3332
3335,3336
3335,3339
3335,3340
3336,3337
3336,3338
3340,3341
3342,3343
3342,3348
3342,3350
3342,3353
3342,3356
3342,3357
3342,3358
3342,3360
3342,3361
3343,3344
3343,3345
3343,3347
3345,3346
3348,3349
3350,3351
3351,3352
3353,3354
3354,3355
3358,3359
3361,3362
3361,3364
3361,3366
3361,3370
3361,3372
3361,3376
3361,3378
3361,3379
3362,3363
3364,3365
3366,3367
3367,3368
3367,3369
3370,3371
3372,3373
3373,3374
3374,3375
3376,3377
3379,3380
3381,3382
3381,3383
3381,3385
3381,3387
3381,3389
3381,3391
3381,3393
3381,3395
3381,3396
3381,3398
3381,3403
3383,3384
3385,3386
3387,3388
3389,3390
3391,3392
3393,3394
3396,3397
3398,3399
3398,3402
3399,3400
3399,3401
3403,3404
3403,3407
3404,3405
3404,3406
3408,3409
3408,3410
3408,3411
3408,3414
3408,3427
3408,3428
3408,3433
3408,3438
3411,3412
3411,3413
3414,3415
3415,3416
3416,3417
3416,3422
3417,3418
3417,3419
3417,3420
3420,3421
3422,3423
3422,3424
3422,3425
3425,3426
3428,3429
3428,3432
3429,3430
3429,3431
3433,3434
3433,3437
3434,3435
3434,3436
3438,3439
3438,3441
3439,3440
3442,3443
3442,3444
3444,3445
3446,3447
3446,3448
3446,3450
3446,3468
3448,3449
3450,3451
3450,3454
3451,3452
3451,3453
3454,3455
3454,3459
3454,3463
3454,3465
3455,3456
3455,3457
3455,3458
3459,3460
3460,3461
3460,3462
3463,3464
3465,3466
3465,3467
3469,3470
3469,3471
3469,3473
3469,3500
3469,3502
3469,3504
3469,3520
3469,3522
3469,3524
3469,3542
3469,3544
3469,3575
3469,3577
3471,3472
3473,3474
3473,3477
3474,3475
3474,3476
3477,3478
3477,3483
3477,3488
3477,3493
3477,3498
3478,3479
3478,3481
3479,3480
3481,3482
3483,3484
3484,3485
3484,3487
3485,3486
3488,3489
3488,3491
3489,3490
3491,3492
3493,3494
3493,3496
3494,3495
3496,3497
3498,3499
3500,3501
3502,3503
3504,3505
3504,3507
3505,3506
3507,3508
3507,3511
3507,3514
3507,3518
3508,3509
3509,3510
3511,3512
3512,3513
3514,3515
3515,3516
3516,3517
3518,3519
3520,3521
3522,3523
3524,3525
3524,3527
3525,3526
3527,3528
3527,3530
3528,3529
3530,3531
3530,3532
3530,3536
3532,3533
3533,3534
3534,3535
3536,3537
3536,3538
3538,3539
3539,3540
3540,3541
3542,3543
3544,3545
3544,3547
3545,3546
3547,3548
3547,3550
3547,3552
3547,3556
3547,3560
3547,3566
3547,3572
3547,3574
3548,3549
3550,3551
3552,3553
3553,3554
3554,3555
3556,3557
3557,3558
3558,3559
3560,3561
3560,3564
3561,3562
3562,3563
3564,3565
3566,3567
3566,3570
3567,3568
3568,3569
3570,3571
3572,3573
3575,3576
3577,3578
3577,3581
3578,3579
3578,3580
3581,3582
3581,3588
3581,3590
3581,3592
3581,3595
3581,3597
3581,3598
3581,3600
3582,3583
3583,3584
3583,3587
3584,3585
3585,3586
3588,3589
3590,3591
3592,3593
3593,3594
3595,3596
3598,3599
3600,3601
3600,3607
3601,3602
3602,3603
3602,3606
3603,3604
3604,3605
3608,3609
3608,3610
3608,3611
3608,3612
3608,3613
3608,3614
3608,3615
3608,3617
3608,3621
3608,3626
3615,3616
3617,3618
3617,3619
3619,3620
3621,3622
3622,3623
3622,3624
3624,3625
3626,3627
3627,3628
3627,3629
3630,3631
3630,3632
3632,3633
3634,3635
3634,3636
3634,3637
3634,3639
3634,3660
3637,3638
3639,3640
3640,3641
3641,3642
3641,3645
3641,3650
3641,3655
3642,3643
3642,3644
3645,3646
3645,3647
3645,3648
3648,3649
3650,3651
3650,3652
3650,3653
3653,3654
3655,3656
3655,3657
3655,3658
3658,3659
3660,3661
3660,3664
3661,3662
3661,3663
3665,3666
3665,3667
3668,3669
3668,3670
3668,3671
3668,3672
3668,3680
3672,3673
3672,3676
3673,3674
3673,3675
3676,3677
3677,3678
3678,3679
3680,3681
3680,3684
3681,3682
3681,3683
3684,3685
3685,3686
3686,3687
3688,3689
3688,3691
3688,3693
3688,3695
3688,3696
3689,3690
3691,3692
3693,3694
3696,3697
3696,3699
3697,3698
3700,3701
3700,3702
3702,3703
3704,3705
3704,3712
3704,3714
3704,3717
3704,3720
3704,3721
3704,3723
3704,3726
3704,3728
3705,3706
3705,3707
3705,3708
3705,3710
3705,3711
3708,3709
3712,3713
3714,3715
3715,3716
3717,3718
3718,3719
3721,3722
3723,3724
3724,3725
3726,3727
3728,3729
3730,3731
3730,3732
3730,3734
3730,3761
3730,3763
3730,3765
3730,3781
3730,3783
3730,3785
3730,3803
3730,3805
3730,3836
3730,3838
3732,3733
3734,3735
3734,3738
3735,3736
3735,3737
3738,3739
3738,3744
3738,3749
3738,3754
3738,3759
3739,3740
3739,3742
3740,3741
3742,3743
3744,3745
3745,3746
3745,3748
3746,3747
3749,3750
3749,3752
3750,3751
3752,3753
3754,3755
3754,3757
3755,3756
3757,3758
3759,3760
3761,3762
3763,3764
3765,3766
3765,3768
3766,3767
3768,3769
3768,3772
3768,3775
3768,3779
3769,3770
3770,3771
3772,3773
3773,3774
3775,3776
3776,3777
3777,3778
3779,3780
3781,3782
3783,3784
3785,3786
3785,3788
3786,3787
3788,3789
3788,3791
3789,3790
3791,3792
3791,3793
3791,3797
3793,3794
3794,3795
3795,3796
3797,3798
3797,3799
3799,3800
3800,3801
3801,3802
3803,3804
3805,3806
3805,3808
3806,3807
3808,3809
3808,3811
3808,3813
3808,3817
3808,3821
3808,3827
3808,3833
3808,3835
3809,3810
3811,3812
3813,3814
3814,3815
3815,3816
3817,3818
3818,3819
3819,3820
3821,3822
3821,3825
3822,3823
3823,3824
3825,3826
3827,3828
3827,3831
3828,3829
3829,3830
3831,3832
3833,3834
3836,3837
3838,3839
3838,3842
3839,3840
3839,3841
3842,3843
3842,3849
3842,3851
3842,3853
3842,3856
3842,3858
3842,3859
3842,3861
3843,3844
3844,3845
3844,3848
3845,3846
3846,3847
3849,3850
3851,3852
3853,3854
3854,3855
3856,3857
3859,3860
3861,3862
3861,3868
3862,3863
3863,3864
3863,3867
3864,3865
3865,3866
3869,3870
3869,3875
3869,3876
3870,3871
3870,3872
3870,3873
3873,3874
3876,3877
3877,3878
3879,3880
3879,3881
3881,3882
3883,3884
3884,3885
3884,3887
3884,3923
3884,3924
3885,3886
3887,3888
3887,3922
3888,3889
3889,3890
3890,3891
3890,3894
3890,3898
3890,3902
3890,3907
3890,3912
3890,3917
3891,3892
3891,3893
3894,3895
3894,3896
3894,3897
3898,3899
3898,3900
3898,3901
3902,3903
3902,3904
3902,3905
3902,3906
3907,3908
3907,3909
3907,3910
3907,3911
3912,3913
3912,3914
3912,3915
3912,3916
3917,3918
3917,3919
3917,3920
3917,3921
3924,3925
3924,3926
3926,3927
3928,3929
3928,3930
3928,3931
3928,3932
3928,3933
3928,3934
3928,3939
3928,3942
3928,3946
3928,3948
3928,3949
3928,3950
3928,3998
3934,3935
3934,3936
3936,3937
3936,3938
3939,3940
3940,3941
3942,3943
3943,3944
3944,3945
3946,3947
3950,3951
3950,3952
3950,3983
3952,3953
3952,3956
3952,3964
3952,3967
3952,3975
3953,3954
3954,3955
3956,3957
3956,3958
3958,3959
3958,3962
3958,3963
3959,3960
3960,3961
3964,3965
3965,3966
3967,3968
3967,3969
3969,3970
3969,3973
3969,3974
3970,3971
3971,3972
3975,3976
3975,3977
3977,3978
3977,3979
3977,3982
3979,3980
3980,3981
3983,3984
3983,3986
3984,3985
3986,3987
3986,3988
3988,3989
3988,3990
3988,3993
3988,3997
3990,3991
3991,3992
3993,3994
3993,3995
3995,3996
3998,3999
3998,4000
3998,4140
4000,4001
4000,4003
4000,4005
4001,4002
4003,4004
4005,4006
4005,4011
4005,4134
4006,4007
4006,4010
4007,4008
4007,4009
4011,4012
4011,4015
4011,4018
4011,4020
4011,4021
4011,4022
4011,4081
4011,4094
4012,4013
4013,4014
4015,4016
4016,4017
4018,4019
4022,4023
4022,4024
4024,4025
4024,4026
4024,4028
4024,4029
4024,4047
4024,4056
4024,4060
4024,4080
4026,4027
4029,4030
4029,4031
4029,4045
4031,4032
4032,4033
4032,4038
4032,4041
4033,4034
4034,4035
4035,4036
4035,4037
4038,4039
4038,4040
4041,4042
4041,4043
4043,4044
4045,4046
4047,4048
4047,4049
4047,4053
4049,4050
4050,4051
4051,4052
4053,4054
4054,4055
4056,4057
4057,4058
4058,4059
4060,4061
4060,4064
4060,4078
4061,4062
4062,4063
4064,4065
4064,4077
4065,4066
4066,4067
4066,4069
4066,4071
4066,4074
4067,4068
4069,4070
4071,4072
4072,4073
4074,4075
4075,4076
4078,4079
4081,4082
4081,4083
4083,4084
4083,4091
4083,4092
4083,4093
4084,4085
4084,4086
4086,4087
4087,4088
4088,4089
4089,4090
4094,4095
4094,4132
4095,4096
4095,4100
4096,4097
4097,4098
4098,4099
4100,4101
4100,4102
4100,4107
4102,4103
4102,4105
4103,4104
4105,4106
4107,4108
4107,4110
4108,4109
4110,4111
4110,4114
4110,4125
4111,4112
4111,4113
4114,4115
4114,4119
4114,4120
4114,4121
4114,4123
4115,4116
4116,4117
4117,4118
4121,4122
4123,4124
4125,4126
4125,4129
4126,4127
4126,4128
4129,4130
4130,4131
4132,4133
4134,4135
4134,4137
4135,4136
4137,4138
4138,4139
4140,4141
4140,4142
4142,4143
4142,4144
4144,4145
4144,4148
4144,4150
4144,4152
4144,4187
4145,4146
4146,4147
4148,4149
4150,4151
4152,4153
4152,4158
4152,4183
4153,4154
4153,4157
4154,4155
4154,4156
4158,4159
4158,4160
4158,4167
4158,4177
4158,4182
4160,4161
4160,4162
4162,4163
4162,4165
4162,4166
4163,4164
4167,4168
4167,4169
4169,4170
4169,4175
4169,4176
4170,4171
4170,4172
4172,4173
4173,4174
4177,4178
4177,4179
4179,4180
4180,4181
4183,4184
4183,4186
4184,4185
4188,4189
4188,4190
4188,4192
4188,4194
4188,4198
4188,4200
4188,4204
4188,4205
4188,4207
4188,4213
4188,4214
4188,4215
4188,4217
4188,4218
4190,4191
4192,4193
4194,4195
4195,4196
4196,4197
4198,4199
4200,4201
4200,4202
4202,4203
4205,4206
4207,4208
4208,4209
4209,4210
4209,4211
4209,4212
4215,4216
4218,4219
4218,4220
4221,4222
4221,4223
4221,4226
4223,4224
4224,4225
4226,4227
4226,4228
4229,4230
4229,4231
4229,4232
4229,4236
4229,4238
4229,4240
4229,4242
4229,4244
4229,4246
4232,4233
4233,4234
4234,4235
4236,4237
4238,4239
4240,4241
4242,4243
4244,4245
4246,4247
4248,4249
4248,4250
4248,4251
4248,4253
4248,4276
4248,4281
4248,4286
4251,4252
4253,4254
4254,4255
4255,4256
4255,4261
4255,4266
4255,4271
4256,4257
4256,4258
4256,4259
4259,4260
4261,4262
4261,4263
4261,4264
4264,4265
4266,4267
4266,4268
4266,4269
4269,4270
4271,4272
4271,4273
4271,4274
4274,4275
4276,4277
4276,4280
4277,4278
4277,4279
4281,4282
4281,4285
4282,4283
4282,4284
4286,4287
4286,4289
4287,4288
4290,4291
4290,4294
4290,4296
4290,4297
4290,4298
4290,4300
4291,4292
4291,4293
4294,4295
4298,4299
4300,4301
4300,4303
4300,4305
4300,4309
4300,4311
4300,4315
4300,4317
4300,4319
4300,4321
4301,4302
4303,4304
4305,4306
4306,4307
4306,4308
4309,4310
4311,4312
4312,4313
4313,4314
4315,4316
4317,4318
4319,4320
4321,4322
4321,4323
4321,4324
4324,4325
4325,4326
4327,4328
4327,4329
4327,4331
4327,4332
4329,4330
4332,4333
4332,4335
4332,4337
4333,4334
4335,4336
4337,4338
4339,4340
4339,4341
4339,4342
4339,4343
4339,4344
4339,4345
4339,4346
4339,4348
4346,4347
4348,4349
4348,4356
4348,4363
4348,4370
4348,4377
4348,4384
4348,4391
4348,4398
4348,4405
4349,4350
4350,4351
4351,4352
4351,4353
4351,4354
4351,4355
4356,4357
4357,4358
4358,4359
4358,4360
4358,4361
4358,4362
4363,4364
4364,4365
4365,4366
4365,4367
4365,4368
4365,4369
4370,4371
4371,4372
4372,4373
4372,4374
4372,4375
4372,4376
4377,4378
4378,4379
4379,4380
4379,4381
4379,4382
4379,4383
4384,4385
4385,4386
4386,4387
4386,4388
4386,4389
4386,4390
4391,4392
4392,4393
4393,4394
4393,4395
4393,4396
4393,4397
4398,4399
4399,4400
4400,4401
4400,4402
4400,4403
4400,4404
4405,4406
4407,4408
4407,4409
4407,4410
4407,4412
4407,4435
4407,4440
4410,4411
4412,4413
4413,4414
4414,4415
4414,4420
4414,4425
4414,4430
4415,4416
4415,4417
4415,4418
4418,4419
4420,4421
4420,4422
4420,4423
4423,4424
4425,4426
4425,4427
4425,4428
4428,4429
4430,4431
4430,4432
4430,4433
4433,4434
4435,4436
4435,4439
4436,4437
4436,4438
4440,4441
4440,4443
4441,4442
4444,4445
4444,4446
4444,4447
4444,4448
4444,4449
4450,4451
4450,4452
4450,4456
4450,4457
4450,4458
4450,4459
4450,4462
4450,4465
4450,4466
4450,4470
4450,4476
4450,4482
4452,4453
4452,4454
4454,4455
4459,4460
4460,4461
4462,4463
4462,4464
4466,4467
4466,4468
4468,4469
4470,4471
4470,4475
4471,4472
4471,4473
4471,4474
4476,4477
4476,4481
4477,4478
4477,4479
4477,4480
4482,4483
4482,4487
4483,4484
4483,4485
4483,4486
4488,4489
4488,4490
4488,4491
4488,4493
4488,4511
4491,4492
4493,4494
4494,4495
4495,4496
4495,4501
4495,4506
4496,4497
4496,4498
4496,4499
4499,4500
4501,4502
4501,4503
4501,4504
4504,4505
4506,4507
4506,4508
4506,4509
4509,4510
4511,4512
4511,4515
4512,4513
4512,4514
4516,4517
4516,4520
4517,4518
4518,4519
4520,4521
4520,4522
4522,4523
4522,4526
4523,4524
4524,4525
4526,4527
4526,4528
4528,4529
4528,4531
4528,4534
4529,4530
4531,4532
4532,4533
4534,4535
4534,4536
4536,4537
4537,4538
4539,4540
4539,4541
4539,4542
4539,4545
4539,4574
4539,4575
4539,4580
4539,4584
4539,4588
4542,4543
4543,4544
4545,4546
4546,4547
4547,4548
4547,4559
4547,4564
4547,4569
4548,4549
4548,4550
4548,4551
4548,4553
4551,4552
4553,4554
4554,4555
4554,4556
4554,4557
4557,4558
4559,4560
4559,4561
4559,4562
4562,4563
4564,4565
4564,4566
4564,4567
4567,4568
4569,4570
4569,4571
4569,4572
4572,4573
4575,4576
4575,4579
4576,4577
4576,4578
4580,4581
4580,4583
4581,4582
4584,4585
4584,4587
4585,4586
4588,4589
4588,4591
4589,4590
4592,4593
4592,4594
4592,4595
4592,4598
4592,4601
4592,4604
4592,4607
4592,4610
4592,4613
4592,4616
4592,4619
4592,4622
4592,4625
4592,4628
4592,4631
4592,4634
4592,4637
4592,4639
4592,4643
4592,4648
4592,4652
4592,4657
4592,4661
4592,4666
4592,4669
4592,4672
4592,4675
4592,4678
4592,4681
4592,4685
4592,4688
4592,4691
4592,4693
4592,4696
4595,4596
4596,4597
4598,4599
4599,4600
4601,4602
4602,4603
4604,4605
4604,4606
4607,4608
4607,4609
4610,4611
4610,4612
4613,4614
4613,4615
4616,4617
4616,4618
4619,4620
4619,4621
4622,4623
4622,4624
4625,4626
4625,4627
4628,4629
4628,4630
4631,4632
4631,4633
4634,4635
4635,4636
4637,4638
4639,4640
4640,4641
4640,4642
4643,4644
4644,4645
4644,4647
4645,4646
4648,4649
4649,4650
4649,4651
4652,4653
4653,4654
4653,4656
4654,4655
4657,4658
4658,4659
4658,4660
4661,4662
4662,4663
4662,4665
4663,4664
4666,4667
4667,4668
4669,4670
4670,4671
4672,4673
4673,4674
4675,4676
4676,4677
4678,4679
4679,4680
4681,4682
4682,4683
4682,4684
4685,4686
4686,4687
4688,4689
4689,4690
4691,4692
4693,4694
4694,4695
4696,4697
4696,4698
4696,4699
4699,4700
4700,4701
4700,4702
4700,4703
4700,4705
4703,4704
4706,4707
4706,4708
4706,4709
4706,4711
4706,4729
4706,4730
4709,4710
4711,4712
4712,4713
4713,4714
4713,4719
4713,4724
4714,4715
4714,4716
4714,4717
4717,4718
4719,4720
4719,4721
4719,4722
4722,4723
4724,4725
4724,4726
4724,4727
4727,4728
4730,4731
4730,4733
4731,4732
4734,4735
4734,4740
4734,4742
4734,4744
4734,4745
4734,4747
4734,4749
4735,4736
4735,4737
4735,4739
4737,4738
4740,4741
4742,4743
4745,4746
4747,4748
4749,4750
4750,4751
4750,4754
4751,4752
4752,4753
4755,4756
4755,4757
4755,4758
4755,4760
4755,4778
4755,4779
4755,4784
4758,4759
4760,4761
4761,4762
4762,4763
4762,4768
4762,4773
4763,4764
4763,4765
4763,4766
4766,4767
4768,4769
4768,4770
4768,4771
4771,4772
4773,4774
4773,4775
4773,4776
4776,4777
4779,4780
4779,4783
4780,4781
4780,4782
4784,4785
4785,4786
4785,4787
4788,4789
4788,4790
4788,4792
4788,4794
4788,4796
4788,4799
4788,4803
4788,4806
4788,4808
4788,4811
4788,4814
4790,4791
4792,4793
4794,4795
4796,4797
4797,4798
4799,4800
4800,4801
4801,4802
4803,4804
4803,4805
4806,4807
4808,4809
4808,4810
4811,4812
4811,4813
4814,4815
4814,4816
4817,4818
4817,4819
4817,4821
4817,4823
4817,4825
4817,4827
4819,4820
4821,4822
4823,4824
4825,4826
4828,4829
4828,4830
4828,4842
4830,4831
4830,4832
4832,4833
4833,4834
4834,4835
4834,4837
4835,4836
4837,4838
4838,4839
4839,4840
4840,4841
4843,4844
4843,4847
4843,4849
4843,4850
4843,4851
4843,4853
4844,4845
4844,4846
4847,4848
4851,4852
4853,4854
4853,4856
4853,4858
4853,4862
4853,4864
4853,4868
4853,4870
4853,4872
4853,4874
4854,4855
4856,4857
4858,4859
4859,4860
4859,4861
4862,4863
4864,4865
4865,4866
4866,4867
4868,4869
4870,4871
4872,4873
4874,4875
4874,4876
4874,4877
4877,4878
4878,4879
4880,4881
4880,4882
4880,4887
4880,4892
4880,4893
4880,4976
4880,4981
4882,4883
4882,4884
4884,4885
4885,4886
4887,4888
4888,4889
4888,4890
4890,4891
4893,4894
4893,4895
4893,4897
4895,4896
4897,4898
4897,4899
4897,4901
4899,4900
4901,4902
4901,4903
4901,4905
4903,4904
4905,4906
4905,4907
4905,4909
4907,4908
4909,4910
4909,4911
4909,4920
4911,4912
4912,4913
4912,4916
4912,4918
4913,4914
4913,4915
4916,4917
4918,4919
4920,4921
4920,4922
4920,4967
4922,4923
4922,4926
4923,4924
4924,4925
4926,4927
4926,4928
4926,4930
4928,4929
4930,4931
4930,4932
4930,4934
4932,4933
4934,4935
4934,4936
4934,4938
4936,4937
4938,4939
4938,4940
4938,4942
4940,4941
4942,4943
4942,4944
4942,4946
4944,4945
4946,4947
4946,4948
4946,4950
4948,4949
4950,4951
4950,4952
4950,4954
4952,4953
4954,4955
4954,4956
4954,4958
4956,4957
4958,4959
4958,4960
4958,4962
4960,4961
4962,4963
4962,4964
4964,4965
4965,4966
4967,4968
4967,4969
4967,4971
4969,4970
4971,4972
4972,4973
4973,4974
4974,4975
4976,4977
4976,4978
4978,4979
4979,4980
4982,4983
4982,4984
4982,4985
4982,4988
4982,4995
4982,4999
4982,5001
4982,5002
4982,5003
4982,5005
4982,5008
4982,5010
4982,5019
4982,5020
4982,5021
4982,5024
4985,4986
4986,4987
4988,4989
4988,4990
4990,4991
4991,4992
4992,4993
4993,4994
4995,4996
4996,4997
4996,4998
4999,5000
5003,5004
5005,5006
5006,5007
5008,5009
5010,5011
5010,5012
5012,5013
5012,5016
5013,5014
5014,5015
5016,5017
5016,5018
5021,5022
5022,5023
5024,5025
5025,5026
5027,5028
5027,5029
5027,5031
5027,5032
5027,5035
5027,5038
5027,5040
5027,5042
5027,5045
5027,5046
5027,5047
5029,5030
5032,5033
5033,5034
5035,5036
5036,5037
5038,5039
5040,5041
5042,5043
5043,5044
5048,5049
5048,5050
5048,5051
5048,5052
5048,5053
5048,5054
5048,5055
5048,5057
5055,5056
5057,5058
5057,5067
5057,5076
5057,5085
5057,5094
5057,5103
5057,5112
5057,5121
5057,5130
5058,5059
5059,5060
5060,5061
5060,5062
5060,5063
5060,5064
5060,5065
5060,5066
5067,5068
5068,5069
5069,5070
5069,5071
5069,5072
5069,5073
5069,5074
5069,5075
5076,5077
5077,5078
5078,5079
5078,5080
5078,5081
5078,5082
5078,5083
5078,5084
5085,5086
5086,5087
5087,5088
5087,5089
5087,5090
5087,5091
5087,5092
5087,5093
5094,5095
5095,5096
5096,5097
5096,5098
5096,5099
5096,5100
5096,5101
5096,5102
5103,5104
5104,5105
5105,5106
5105,5107
5105,5108
5105,5109
5105,5110
5105,5111
5112,5113
5113,5114
5114,5115
5114,5116
5114,5117
5114,5118
5114,5119
5114,5120
5121,5122
5122,5123
5123,5124
5123,5125
5123,5126
5123,5127
5123,5128
5123,5129
5130,5131
5132,5133
5132,5134
5132,5135
5132,5137
5132,5155
5135,5136
5137,5138
5138,5139
5139,5140
5139,5145
5139,5150
5140,5141
5140,5142
5140,5143
5143,5144
5145,5146
5145,5147
5145,5148
5148,5149
5150,5151
5150,5152
5150,5153
5153,5154
5155,5156
5155,5159
5156,5157
5156,5158
5160,5161
5160,5162
5160,5163
5160,5165
5160,5188
5160,5189
5160,5194
5163,5164
5165,5166
5166,5167
5167,5168
5167,5173
5167,5178
5167,5183
5168,5169
5168,5170
5168,5171
5171,5172
5173,5174
5173,5175
5173,5176
5176,5177
5178,5179
5178,5180
5178,5181
5181,5182
5183,5184
5183,5185
5183,5186
5186,5187
5189,5190
5189,5193
5190,5191
5190,5192
5194,5195
5195,5196
5195,5197
5198,5199
5198,5200
5198,5201
5198,5203
5198,5206
5201,5202
5203,5204
5204,5205
5206,5207
5207,5208
5207,5215
5207,5222
5208,5209
5209,5210
5210,5211
5210,5212
5210,5213
5210,5214
5215,5216
5216,5217
5216,5218
5216,5219
5219,5220
5220,5221
5222,5223
5224,5225
5224,5226
5224,5227
5224,5233
5224,5236
5224,5238
5224,5245
5224,5247
5227,5228
5227,5231
5228,5229
5228,5230
5231,5232
5233,5234
5234,5235
5236,5237
5238,5239
5238,5242
5239,5240
5239,5241
5242,5243
5243,5244
5245,5246
5247,5248
5247,5251
5248,5249
5248,5250
5251,5252
5253,5254
5253,5255
5253,5256
5253,5257
5257,5258
5258,5259
5259,5260
5259,5264
5259,5265
5259,5269
5259,5270
5259,5271
5259,5272
5260,5261
5261,5262
5261,5263
5265,5266
5266,5267
5266,5268
5272,5273
5272,5274
5274,5275
5276,5277
5276,5278
5276,5279
5276,5282
5276,5298
5276,5299
5279,5280
5280,5281
5282,5283
5282,5284
5284,5285
5284,5289
5284,5292
5285,5286
5286,5287
5287,5288
5289,5290
5290,5291
5292,5293
5292,5294
5294,5295
5295,5296
5296,5297
5300,5301
5300,5302
5300,5303
5300,5304
5300,5307
5300,5314
5300,5324
5300,5326
5300,5327
5300,5333
5300,5337
5300,5339
5300,5341
5300,5342
5300,5344
5304,5305
5305,5306
5307,5308
5308,5309
5309,5310
5309,5313
5310,5311
5310,5312
5314,5315
5314,5319
5315,5316
5315,5317
5317,5318
5319,5320
5319,5322
5319,5323
5320,5321
5324,5325
5327,5328
5328,5329
5328,5330
5330,5331
5331,5332
5333,5334
5334,5335
5335,5336
5337,5338
5339,5340
5342,5343
5344,5345
5344,5347
5345,5346
5347,5348
5347,5351
5347,5353
5348,5349
5349,5350
5351,5352
5353,5354
5355,5356
5355,5357
5355,5358
5355,5359
5355,5360
5355,5361
5355,5362
5355,5367
5355,5372
5355,5376
5355,5378
5355,5380
5355,5382
5355,5386
5355,5388
5362,5363
5362,5364
5364,5365
5365,5366
5367,5368
5367,5369
5369,5370
5370,5371
5372,5373
5373,5374
5373,5375
5376,5377
5378,5379
5380,5381
5382,5383
5383,5384
5384,5385
5386,5387
5389,5390
5389,5391
5389,5392
5389,5393
5389,5394
5389,5395
5395,5396
5397,5398
5397,5399
5397,5400
5400,5401
5402,5403
5402,5404
5402,5405
5402,5407
5402,5430
5405,5406
5407,5408
5408,5409
5409,5410
5409,5415
5409,5420
5409,5425
5410,5411
5410,5412
5410,5413
5413,5414
5415,5416
5415,5417
5415,5418
5418,5419
5420,5421
5420,5422
5420,5423
5423,5424
5425,5426
5425,5427
5425,5428
5428,5429
5430,5431
5430,5434
5431,5432
5431,5433
5435,5436
5435,5437
5435,5438
5435,5440
5435,5463
5435,5464
5435,5469
5438,5439
5440,5441
5441,5442
5442,5443
5442,5448
5442,5453
5442,5458
5443,5444
5443,5445
5443,5446
5446,5447
5448,5449
5448,5450
5448,5451
5451,5452
5453,5454
5453,5455
5453,5456
5456,5457
5458,5459
5458,5460
5458,5461
5461,5462
5464,5465
5464,5468
5465,5466
5465,5467
5469,5470
5469,5473
5470,5471
5470,5472
5474,5475
5474,5476
5474,5479
5474,5485
5476,5477
5477,5478
5479,5480
5480,5481
5480,5483
5481,5482
5483,5484
5485,5486
5487,5488
5487,5489
5487,5490
5487,5491
5487,5492
5487,5493
5487,5494
5487,5499
5487,5504
5487,5508
5487,5510
5487,5512
5487,5514
5487,5518
5487,5520
5494,5495
5494,5496
5496,5497
5497,5498
5499,5500
5499,5501
5501,5502
5502,5503
5504,5505
5505,5506
5505,5507
5508,5509
5510,5511
5512,5513
5514,5515
5515,5516
5516,5517
5518,5519
5521,5522
5521,5523
5521,5525
5521,5526
5521,5527
5521,5529
5521,5530
5521,5531
5521,5533
5521,5535
5521,5537
5521,5539
5521,5541
5521,5543
5521,5545
5521,5548
5523,5524
5527,5528
5531,5532
5533,5534
5535,5536
5537,5538
5539,5540
5541,5542
5543,5544
5545,5546
5545,5547
5548,5549
5548,5550
5550,5551
5552,5553
5552,5554
5552,5555
5552,5557
5552,5580
5552,5581
5552,5586
5552,5591
5555,5556
5557,5558
5558,5559
5559,5560
5559,5565
5559,5570
5559,5575
5560,5561
5560,5562
5560,5563
5563,5564
5565,5566
5565,5567
5565,5568
5568,5569
5570,5571
5570,5572
5570,5573
5573,5574
5575,5576
5575,5577
5575,5578
5578,5579
5581,5582
5581,5585
5582,5583
5582,5584
5586,5587
5586,5590
5587,5588
5587,5589
5591,5592
5591,5594
5592,5593
5595,5596
5595,5597
5595,5598
5595,5599
5595,5601
5595,5602
5595,5603
5595,5605
5595,5607
5595,5608
5595,5610
5595,5612
5599,5600
5603,5604
5605,5606
5608,5609
5610,5611
5612,5613
5612,5614
5614,5615
5615,5616
5617,5618
5617,5619
5619,5620
5619,5624
5619,5628
5619,5630
5619,5632
5619,5635
5619,5636
5620,5621
5621,5622
5622,5623
5624,5625
5624,5626
5626,5627
5628,5629
5630,5631
5632,5633
5633,5634
5636,5637
5636,5638
5636,5640
5638,5639
5641,5642
5641,5643
5641,5644
5641,5652
5641,5654
5641,5656
5641,5657
5641,5663
5641,5664
5641,5666
5644,5645
5644,5647
5645,5646
5647,5648
5647,5649
5647,5651
5649,5650
5652,5653
5654,5655
5657,5658
5657,5661
5658,5659
5659,5660
5661,5662
5664,5665
5667,5668
5667,5669
5669,5670
5670,5671
5671,5672
5673,5674
5674,5675
5674,5677
5674,5713
5674,5714
5675,5676
5677,5678
5677,5712
5678,5679
5679,5680
5680,5681
5680,5684
5680,5688
5680,5692
5680,5697
5680,5702
5680,5707
5681,5682
5681,5683
5684,5685
5684,5686
5684,5687
5688,5689
5688,5690
5688,5691
5692,5693
5692,5694
5692,5695
5692,5696
5697,5698
5697,5699
5697,5700
5697,5701
5702,5703
5702,5704
5702,5705
5702,5706
5707,5708
5707,5709
5707,5710
5707,5711
5714,5715
5714,5716
5716,5717
5718,5719
5718,5725
5718,5727
5718,5730
5718,5731
5718,5733
5719,5720
5719,5721
5719,5723
5719,5724
5721,5722
5725,5726
5727,5728
5728,5729
5731,5732
5734,5735
5734,5736
5736,5737
5736,5740
5737,5738
5737,5739
5740,5741
5741,5742
5741,5744
5742,5743
5744,5745
5744,5756
5745,5746
5745,5747
5745,5754
5747,5748
5748,5749
5749,5750
5750,5751
5750,5752
5750,5753
5754,5755
5756,5757
5758,5759
5758,5760
5758,5763
5758,5770
5758,5773
5758,5774
5758,5779
5758,5783
5758,5784
5758,5785
5758,5788
5758,5790
5758,5791
5758,5812
5758,5813
5758,5814
5758,5816
5758,5817
5758,5820
5760,5761
5761,5762
5763,5764
5763,5765
5765,5766
5766,5767
5767,5768
5768,5769
5770,5771
5771,5772
5774,5775
5774,5776
5776,5777
5777,5778
5779,5780
5780,5781
5780,5782
5785,5786
5786,5787
5788,5789
5791,5792
5791,5793
5791,5799
5793,5794
5793,5797
5794,5795
5794,5796
5797,5798
5799,5800
5799,5803
5800,5801
5801,5802
5803,5804
5803,5808
5804,5805
5805,5806
5806,5807
5808,5809
5808,5810
5810,5811
5814,5815
5817,5818
5818,5819
5820,5821
5821,5822
5823,5824
5823,5825
5823,5826
5823,5828
5823,5851
5823,5856
5826,5827
5828,5829
5829,5830
5830,5831
5830,5836
5830,5841
5830,5846
5831,5832
5831,5833
5831,5834
5834,5835
5836,5837
5836,5838
5836,5839
5839,5840
5841,5842
5841,5843
5841,5844
5844,5845
5846,5847
5846,5848
5846,5849
5849,5850
5851,5852
5851,5855
5852,5853
5852,5854
5856,5857
5856,5859
5857,5858
5860,5861
5860,5862
5860,5864
5860,5866
5860,5868
5862,5863
5864,5865
5866,5867
5869,5870
5870,5871
5870,5873
5870,5909
5870,5910
5871,5872
5873,5874
5873,5908
5874,5875
5875,5876
5876,5877
5876,5880
5876,5884
5876,5889
5876,5894
5876,5899
5876,5904
5877,5878
5877,5879
5880,5881
5880,5882
5880,5883
5884,5885
5884,5886
5884,5887
5884,5888
5889,5890
5889,5891
5889,5892
5889,5893
5894,5895
5894,5896
5894,5897
5894,5898
5899,5900
5899,5901
5899,5902
5899,5903
5904,5905
5904,5906
5904,5907
5910,5911
5910,5912
5912,5913
5914,5915
5914,5916
5914,5919
5914,5926
5914,5929
5914,5930
5914,5935
5914,5939
5914,5940
5914,5941
5914,5944
5914,5946
5914,5947
5914,5968
5914,5969
5914,5970
5914,5972
5914,5973
5914,5976
5916,5917
5917,5918
5919,5920
5919,5921
5921,5922
5922,5923
5923,5924
5924,5925
5926,5927
5927,5928
5930,5931
5930,5932
5932,5933
5933,5934
5935,5936
5936,5937
5936,5938
5941,5942
5942,5943
5944,5945
5947,5948
5947,5949
5947,5955
5949,5950
5949,5953
5950,5951
5950,5952
5953,5954
5955,5956
5955,5959
5956,5957
5957,5958
5959,5960
5959,5964
5960,5961
5961,5962
5962,5963
5964,5965
5964,5966
5966,5967
5970,5971
5973,5974
5974,5975
5976,5977
5977,5978
5979,5980
5979,5981
5979,5983
5979,5984
5979,5987
5979,5990
5979,5992
5979,5994
5979,5997
5979,5998
5979,5999
5981,5982
5984,5985
5985,5986
5987,5988
5988,5989
5990,5991
5992,5993
5994,5995
5995,5996
5999,6000
6000,6001
6002,6003
6002,6004
6002,6005
6002,6007
6002,6030
6002,6035
6005,6006
6007,6008
6008,6009
6009,6010
6009,6015
6009,6020
6009,6025
6010,6011
6010,6012
6010,6013
6013,6014
6015,6016
6015,6017
6015,6018
6018,6019
6020,6021
6020,6022
6020,6023
6023,6024
6025,6026
6025,6027
6025,6028
6028,6029
6030,6031
6030,6034
6031,6032
6031,6033
6035,6036
6035,6038
6036,6037
6039,6040
6039,6041
6039,6043
6039,6044
6039,6047
6039,6050
6039,6053
6039,6055
6039,6059
6039,6061
6039,6063
6039,6067
6039,6068
6039,6071
6039,6073
6039,6077
6041,6042
6044,6045
6045,6046
6047,6048
6048,6049
6050,6051
6051,6052
6053,6054
6055,6056
6055,6058
6056,6057
6059,6060
6061,6062
6063,6064
6064,6065
6064,6066
6068,6069
6069,6070
6071,6072
6073,6074
6073,6076
6074,6075
6077,6078
6077,6081
6078,6079
6078,6080
6082,6083
6082,6090
6082,6092
6082,6094
6082,6096
6082,6099
6082,6103
6082,6104
6082,6105
6082,6107
6082,6111
6082,6113
6082,6116
6082,6117
6083,6084
6083,6085
6083,6087
6083,6089
6085,6086
6087,6088
6090,6091
6092,6093
6094,6095
6096,6097
6097,6098
6099,6100
6100,6101
6100,6102
6105,6106
6107,6108
6108,6109
6108,6110
6111,6112
6113,6114
6114,6115
6117,6118
6119,6120
6119,6121
6119,6122
6119,6124
6119,6147
6119,6152
6122,6123
6124,6125
6125,6126
6126,6127
6126,6132
6126,6137
6126,6142
6127,6128
6127,6129
6127,6130
6130,6131
6132,6133
6132,6134
6132,6135
6135,6136
6137,6138
6137,6139
6137,6140
6140,6141
6142,6143
6142,6144
6142,6145
6145,6146
6147,6148
6147,6151
6148,6149
6148,6150
6152,6153
6152,6156
6153,6154
6153,6155
6157,6158
6157,6159
6157,6160
6157,6161
6157,6162
6157,6163
6157,6164
6157,6165
6157,6166
6157,6168
6157,6170
6157,6172
6157,6187
6157,6189
6157,6192
6157,6198
6157,6201
6157,6202
6157,6203
6157,6204
6157,6209
6157,6218
6157,6221
6157,6227
6157,6230
6166,6167
6168,6169
6170,6171
6172,6173
6172,6174
6172,6177
6174,6175
6175,6176
6177,6178
6177,6181
6177,6183
6178,6179
6178,6180
6181,6182
6183,6184
6184,6185
6185,6186
6187,6188
6189,6190
6190,6191
6192,6193
6193,6194
6193,6195
6195,6196
6196,6197
6198,6199
6199,6200
6204,6205
6205,6206
6206,6207
6207,6208
6209,6210
6209,6214
6210,6211
6211,6212
6212,6213
6214,6215
6215,6216
6216,6217
6218,6219
6219,6220
6221,6222
6221,6223
6223,6224
6224,6225
6225,6226
6227,6228
6228,6229
6230,6231
6232,6233
6232,6234
6232,6235
6232,6240
6232,6248
6232,6250
6235,6236
6235,6238
6236,6237
6238,6239
6240,6241
6240,6246
6241,6242
6241,6243
6243,6244
6243,6245
6246,6247
6248,6249
6250,6251
6251,6252
6251,6261
6252,6253
6252,6260
6253,6254
6253,6259
6254,6255
6254,6258
6255,6256
6255,6257
6262,6263
6262,6264
6262,6266
6262,6268
6262,6270
6262,6272
6262,6274
6264,6265
6266,6267
6268,6269
6270,6271
6272,6273
6274,6275
6276,6277
6276,6278
6276,6279
6276,6281
6276,6282
6276,6284
6276,6285
6276,6289
6276,6291
6276,6295
6276,6300
6276,6302
6276,6304
6279,6280
6282,6283
6285,6286
6286,6287
6287,6288
6289,6290
6291,6292
6291,6293
6293,6294
6295,6296
6295,6297
6297,6298
6298,6299
6300,6301
6302,6303
6305,6306
6305,6307
6305,6308
6305,6310
6305,6333
6305,6334
6305,6339
6308,6309
6310,6311
6311,6312
6312,6313
6312,6318
6312,6323
6312,6328
6313,6314
6313,6315
6313,6316
6316,6317
6318,6319
6318,6320
6318,6321
6321,6322
6323,6324
6323,6325
6323,6326
6326,6327
6328,6329
6328,6330
6328,6331
6331,6332
6334,6335
6334,6338
6335,6336
6335,6337
6339,6340
6340,6341
6340,6342
6343,6344
6343,6345
6343,6346
6343,6347
6343,6348
6343,6349
6343,6351
6349,6350
6352,6353
6354,6355
6354,6356
6354,6358
6354,6360
6354,6362
6354,6364
6354,6366
6354,6375
6354,6394
6354,6396
6354,6398
6354,6449
6354,6451
6354,6458
6354,6460
6354,6461
6354,6464
6354,6470
6354,6475
6354,6476
6354,6496
6354,6498
6354,6517
6356,6357
6358,6359
6360,6361
6362,6363
6364,6365
6366,6367
6366,6370
6367,6368
6367,6369
6370,6371
6370,6373
6370,6374
6371,6372
6375,6376
6375,6377
6377,6378
6377,6380
6378,6379
6380,6381
6380,6382
6380,6390
6382,6383
6383,6384
6383,6386
6384,6385
6386,6387
6386,6388
6386,6389
6390,6391
6390,6392
6390,6393
6394,6395
6396,6397
6398,6399
6398,6400
6400,6401
6400,6402
6400,6405
6400,6442
6400,6448
6402,6403
6403,6404
6405,6406
6405,6407
6407,6408
6407,6410
6408,6409
6410,6411
6410,6412
6412,6413
6412,6415
6413,6414
6415,6416
6415,6417
6417,6418
6418,6419
6418,6420
6420,6421
6420,6423
6420,6430
6420,6434
6421,6422
6423,6424
6424,6425
6424,6426
6424,6428
6426,6427
6428,6429
6430,6431
6431,6432
6432,6433
6434,6435
6434,6439
6435,6436
6435,6437
6437,6438
6439,6440
6440,6441
6442,6443
6442,6444
6444,6445
6444,6446
6444,6447
6449,6450
6451,6452
6451,6453
6453,6454
6453,6456
6453,6457
6454,6455
6458,6459
6461,6462
6462,6463
6464,6465
6464,6466
6466,6467
6467,6468
6468,6469
6470,6471
6470,6472
6472,6473
6473,6474
6476,6477
6476,6478
6478,6479
6478,6482
6478,6490
6478,6492
6479,6480
6480,6481
6482,6483
6482,6484
6484,6485
6484,6488
6484,6489
6485,6486
6485,6487
6490,6491
6492,6493
6492,6494
6494,6495
6496,6497
6498,6499
6498,6502
6499,6500
6499,6501
6502,6503
6502,6505
6503,6504
6505,6506
6505,6507
6505,6513
6507,6508
6507,6510
6507,6511
6507,6512
6508,6509
6513,6514
6513,6515
6513,6516
6517,6518
6517,6519
6519,6520
6519,6521
6519,6524
6519,6526
6521,6522
6522,6523
6524,6525
6526,6527
6526,6530
6526,6576
6527,6528
6527,6529
6530,6531
6531,6532
6531,6534
6531,6535
6531,6572
6532,6533
6535,6536
6535,6537
6535,6569
6537,6538
6537,6548
6537,6553
6538,6539
6538,6541
6539,6540
6541,6542
6542,6543
6542,6544
6544,6545
6544,6546
6544,6547
6548,6549
6548,6550
6550,6551
6550,6552
6553,6554
6553,6566
6554,6555
6554,6558
6555,6556
6556,6557
6558,6559
6558,6560
6558,6562
6560,6561
6562,6563
6562,6564
6564,6565
6566,6567
6566,6568
6569,6570
6569,6571
6572,6573
6572,6574
6572,6575
6576,6577
6576,6578
6576,6581
6578,6579
6579,6580
6581,6582
6581,6583
6581,6585
6583,6584
6585,6586
6585,6587
6587,6588
6589,6590
6589,6591
6589,6596
6591,6592
6592,6593
6593,6594
6594,6595
6596,6597
6597,6598
6599,6600
6599,6601
6599,6602
6599,6604
6599,6627
6602,6603
6604,6605
6605,6606
6606,6607
6606,6612
6606,6617
6606,6622
6607,6608
6607,6609
6607,6610
6610,6611
6612,6613
6612,6614
6612,6615
6615,6616
6617,6618
6617,6619
6617,6620
6620,6621
6622,6623
6622,6624
6622,6625
6625,6626
6627,6628
6627,6631
6628,6629
6628,6630
6632,6633
6632,6634
6632,6635
6632,6638
6632,6656
6632,6657
6632,6662
6632,6666
6635,6636
6636,6637
6638,6639
6639,6640
6640,6641
6640,6646
6640,6651
6641,6642
6641,6643
6641,6644
6644,6645
6646,6647
6646,6648
6646,6649
6649,6650
6651,6652
6651,6653
6651,6654
6654,6655
6657,6658
6657,6661
6658,6659
6658,6660
6662,6663
6662,6665
6663,6664
6666,6667
6666,6669
6667,6668
6670,6671
6670,6672
6670,6674
6670,6676
6670,6678
6670,6680
6670,6682
6670,6691
6670,6710
6670,6712
6670,6714
6670,6765
6670,6767
6670,6774
6670,6776
6670,6777
6670,6780
6670,6786
6670,6791
6670,6792
6670,6812
6670,6814
6670,6833
6672,6673
6674,6675
6676,6677
6678,6679
6680,6681
6682,6683
6682,6686
6683,6684
6683,6685
6686,6687
6686,6689
6686,6690
6687,6688
6691,6692
6691,6693
6693,6694
6693,6696
6694,6695
6696,6697
6696,6698
6696,6706
6698,6699
6699,6700
6699,6702
6700,6701
6702,6703
6702,6704
6702,6705
6706,6707
6706,6708
6706,6709
6710,6711
6712,6713
6714,6715
6714,6716
6716,6717
6716,6718
6716,6721
6716,6758
6716,6764
6718,6719
6719,6720
6721,6722
6721,6723
6723,6724
6723,6726
6724,6725
6726,6727
6726,6728
6728,6729
6728,6731
6729,6730
6731,6732
6731,6733
6733,6734
6734,6735
6734,6736
6736,6737
6736,6739
6736,6746
6736,6750
6737,6738
6739,6740
6740,6741
6740,6742
6740,6744
6742,6743
6744,6745
6746,6747
6747,6748
6748,6749
6750,6751
6750,6755
6751,6752
6751,6753
6753,6754
6755,6756
6756,6757
6758,6759
6758,6760
6760,6761
6760,6762
6760,6763
6765,6766
6767,6768
6767,6769
6769,6770
6769,6772
6769,6773
6770,6771
6774,6775
6777,6778
6778,6779
6780,6781
6780,6782
6782,6783
6783,6784
6784,6785
6786,6787
6786,6788
6788,6789
6789,6790
6792,6793
6792,6794
6794,6795
6794,6798
6794,6806
6794,6808
6795,6796
6796,6797
6798,6799
6798,6800
6800,6801
6800,6804
6800,6805
6801,6802
6801,6803
6806,6807
6808,6809
6808,6810
6810,6811
6812,6813
6814,6815
6814,6818
6815,6816
6815,6817
6818,6819
6818,6821
6819,6820
6821,6822
6821,6823
6821,6829
6823,6824
6823,6826
6823,6827
6823,6828
6824,6825
6829,6830
6829,6831
6829,6832
6833,6834
6833,6835
6835,6836
6835,6837
6835,6840
6835,6842
6837,6838
6838,6839
6840,6841
6842,6843
6842,6846
6842,6892
6843,6844
6843,6845
6846,6847
6847,6848
6847,6850
6847,6851
6847,6888
6848,6849
6851,6852
6851,6853
6851,6885
6853,6854
6853,6864
6853,6869
6854,6855
6854,6857
6855,6856
6857,6858
6858,6859
6858,6860
6860,6861
6860,6862
6860,6863
6864,6865
6864,6866
6866,6867
6866,6868
6869,6870
6869,6882
6870,6871
6870,6874
6871,6872
6872,6873
6874,6875
6874,6876
6874,6878
6876,6877
6878,6879
6878,6880
6880,6881
6882,6883
6882,6884
6885,6886
6885,6887
6888,6889
6888,6890
6888,6891
6892,6893
6892,6894
6892,6897
6894,6895
6895,6896
6897,6898
6897,6899
6897,6901
6899,6900
6901,6902
6901,6903
6903,6904
6905,6906
6905,6907
6905,6908
6905,6910
6905,6928
6905,6929
6905,6934
6908,6909
6910,6911
6911,6912
6912,6913
6912,6918
6912,6923
6913,6914
6913,6915
6913,6916
6916,6917
6918,6919
6918,6920
6918,6921
6921,6922
6923,6924
6923,6925
6923,6926
6926,6927
6929,6930
6929,6933
6930,6931
6930,6932
6934,6935
6935,6936
6935,6937
6938,6939
6938,6940
6938,6941
6938,6944
6938,6947
6938,6950
6938,6952
6938,7003
6941,6942
6942,6943
6944,6945
6945,6946
6947,6948
6948,6949
6950,6951
6952,6953
6952,6954
6954,6955
6954,6958
6955,6956
6956,6957
6958,6959
6958,6960
6958,6999
6960,6961
6960,6964
6961,6962
6962,6963
6964,6965
6964,6966
6964,6995
6966,6967
6966,6973
6966,6987
6967,6968
6967,6971
6968,6969
6969,6970
6971,6972
6973,6974
6973,6975
6975,6976
6975,6978
6975,6983
6976,6977
6978,6979
6978,6980
6980,6981
6981,6982
6983,6984
6983,6985
6985,6986
6987,6988
6988,6989
6988,6991
6989,6990
6991,6992
6991,6993
6993,6994
6995,6996
6996,6997
6997,6998
6999,7000
7000,7001
7001,7002
7003,7004
7004,7005
7004,7007
7004,7021
7004,7023
7004,7034
7004,7035
7005,7006
7007,7008
7008,7009
7008,7016
7009,7010
7009,7015
7010,7011
7011,7012
7012,7013
7013,7014
7016,7017
7016,7018
7018,7019
7019,7020
7021,7022
7023,7024
7023,7025
7025,7026
7025,7030
7026,7027
7027,7028
7028,7029
7030,7031
7031,7032
7032,7033
7036,7037
7036,7038
7036,7039
7036,7040
7036,7041
7036,7042
7036,7043
7043,7044
7043,7047
7043,7057
7043,7059
7043,7061
7043,7063
7043,7065
7043,7121
7044,7045
7045,7046
7047,7048
7047,7050
7048,7049
7050,7051
7050,7052
7050,7056
7052,7053
7052,7054
7054,7055
7057,7058
7059,7060
7061,7062
7063,7064
7065,7066
7065,7067
7067,7068
7068,7069
7068,7076
7068,7117
7069,7070
7070,7071
7071,7072
7071,7075
7072,7073
7072,7074
7076,7077
7076,7078
7076,7085
7076,7095
7076,7103
7076,7111
7076,7116
7078,7079
7078,7080
7080,7081
7080,7083
7080,7084
7081,7082
7085,7086
7085,7087
7087,7088
7087,7093
7087,7094
7088,7089
7088,7090
7090,7091
7091,7092
7095,7096
7096,7097
7096,7102
7097,7098
7097,7099
7099,7100
7100,7101
7103,7104
7104,7105
7104,7110
7105,7106
7105,7107
7107,7108
7108,7109
7111,7112
7111,7113
7113,7114
7114,7115
7117,7118
7117,7120
7118,7119
7122,7123
7122,7124
7124,7125
7126,7127
7126,7128
7126,7132
7126,7133
7126,7134
7126,7136
7126,7138
7126,7140
7126,7143
7126,7145
7126,7148
7126,7151
7126,7152
7128,7129
7128,7130
7130,7131
7134,7135
7136,7137
7138,7139
7140,7141
7141,7142
7143,7144
7145,7146
7145,7147
7148,7149
7148,7150
7152,7153
7152,7154
7154,7155
7156,7157
7156,7159
7156,7160
7156,7163
7156,7165
7156,7175
7157,7158
7160,7161
7161,7162
7163,7164
7165,7166
7165,7167
7167,7168
7167,7170
7168,7169
7170,7171
7170,7173
7171,7172
7173,7174
7176,7177
7176,7178
7176,7179
7176,7181
7176,7204
7176,7205
7176,7210
7179,7180
7181,7182
7182,7183
7183,7184
7183,7189
7183,7194
7183,7199
7184,7185
7184,7186
7184,7187
7187,7188
7189,7190
7189,7191
7189,7192
7192,7193
7194,7195
7194,7196
7194,7197
7197,7198
7199,7200
7199,7201
7199,7202
7202,7203
7205,7206
7205,7209
7206,7207
7206,7208
7210,7211
7211,7212
7211,7213
7214,7215
7214,7216
7214,7220
7214,7221
7214,7222
7214,7224
7214,7226
7214,7228
7214,7231
7214,7233
7214,7236
7214,7239
7214,7240
7216,7217
7216,7218
7218,7219
7222,7223
7224,7225
7226,7227
7228,7229
7229,7230
7231,7232
7233,7234
7233,7235
7236,7237
7236,7238
7240,7241
7240,7242
7242,7243
7244,7245
7244,7246
7244,7249
7244,7251
7244,7259
7246,7247
7247,7248
7249,7250
7251,7252
7252,7253
7252,7254
7252,7257
7252,7258
7254,7255
7255,7256
7260,7261
7260,7262
7260,7263
7260,7265
7260,7283
7263,7264
7265,7266
7266,7267
7267,7268
7267,7273
7267,7278
7268,7269
7268,7270
7268,7271
7271,7272
7273,7274
7273,7275
7273,7276
7276,7277
7278,7279
7278,7280
7278,7281
7281,7282
7283,7284
7283,7287
7284,7285
7284,7286
7288,7289
7288,7290
7288,7291
7288,7294
7288,7323
7288,7324
7288,7329
7288,7333
7291,7292
7292,7293
7294,7295
7295,7296
7296,7297
7296,7308
7296,7313
7296,7318
7297,7298
7297,7299
7297,7300
7297,7302
7300,7301
7302,7303
7303,7304
7303,7305
7303,7306
7306,7307
7308,7309
7308,7310
7308,7311
7311,7312
7313,7314
7313,7315
7313,7316
7316,7317
7318,7319
7318,7320
7318,7321
7321,7322
7324,7325
7324,7328
7325,7326
7325,7327
7329,7330
7329,7332
7330,7331
7333,7334
7333,7336
7334,7335
7337,7338
7337,7339
7337,7340
7337,7343
7337,7346
7337,7348
7337,7350
7337,7356
7337,7357
7337,7361
7337,7362
7337,7363
7337,7366
7337,7367
7337,7371
7337,7373
7337,7375
7337,7378
7337,7387
7337,7388
7337,7391
7337,7394
7340,7341
7341,7342
7343,7344
7344,7345
7346,7347
7348,7349
7350,7351
7350,7352
7352,7353
7353,7354
7353,7355
7357,7358
7358,7359
7358,7360
7363,7364
7364,7365
7367,7368
7367,7369
7369,7370
7371,7372
7373,7374
7375,7376
7376,7377
7378,7379
7378,7383
7379,7380
7380,7381
7381,7382
7383,7384
7383,7385
7385,7386
7388,7389
7389,7390
7391,7392
7392,7393
7394,7395
7395,7396
7397,7398
7397,7399
7397,7404
7397,7407
7397,7410
7397,7413
7397,7465
7399,7400
7399,7401
7399,7402
7402,7403
7404,7405
7405,7406
7407,7408
7407,7409
7410,7411
7411,7412
7413,7414
7413,7458
7414,7415
7415,7416
7415,7418
7415,7421
7415,7457
7416,7417
7418,7419
7419,7420
7421,7422
7421,7424
7422,7423
7424,7425
7424,7428
7424,7431
7424,7433
7424,7434
7424,7436
7425,7426
7426,7427
7428,7429
7428,7430
7431,7432
7434,7435
7436,7437
7437,7438
7437,7439
7437,7442
7437,7446
7437,7449
7437,7453
7439,7440
7439,7441
7442,7443
7442,7444
7444,7445
7446,7447
7446,7448
7449,7450
7449,7451
7451,7452
7453,7454
7453,7455
7455,7456
7458,7459
7458,7461
7458,7463
7459,7460
7461,7462
7463,7464
7465,7466
7467,7468
7467,7469
7467,7470
7467,7471
7467,7472
7467,7473
7473,7474
7475,7476
7475,7477
7475,7481
7477,7478
7477,7479
7479,7480
7481,7482
7482,7483
7483,7484
7483,7485
7485,7486
