3.797, 24.462, 4.889
10.21, 22.13, 8.415
2.052, 17.275, 4.193
0.431, 1.332, 0.381
0.492, 1.307, 0.459
0.798, 4.079, 1.038
0.468, 2.193, 0.612
0.569, 2.154, 0.758
5.438, 16.569, 5.363
5.754, 9.686, 4.43
6.373, 15.709, 5.558
8.294, 15.709, 8.174
3.483, 16.243, 4.201
0.902, 2.78, 1.295
3.673, 16.188, 4.377
3.111, 11.14, 3.862
3.306, 11.14, 5.303
3.998, 16.188, 4.622
3.346, 16.188, 4.552
4.223, 16.156, 5.289
5.508, 10.457, 4.522
2.492, 14.316, 4.332
2.811, 7.732, 3.47
7.654, 11.971, 4.388
4.863, 11.407, 6.005
4.089, 27.359, 5.195
0.328, 0.499, 0.223
11.083, 20.222, 9.718
7.158, 9.882, 3.908
7.551, 9.882, 5.317
6.431, 11.562, 4.397
5.867, 11.562, 4.851
7.717, 10.467, 5.418
6.122, 11.277, 5.843
2.317, 22.097, 5.297
0.435, 1.328, 0.379
0.496, 1.303, 0.456
0.78, 4.509, 1.124
0.465, 2.192, 0.611
0.567, 2.152, 0.758
7.653, 27.026, 6.914
7.216, 27.026, 7.348
7.33, 27.026, 7.725
4.583, 10.361, 4.704
3.342, 16.123, 4.237
1.83, 8.382, 2.857
1.784, 6.531, 2.818
2.238, 8.382, 3.403
2.052, 5.695, 3.204
3.925, 16.122, 4.649
2.28, 13.369, 4.05
0.452, 0.552, 0.248
4.885, 16.034, 4.865
5.468, 16.034, 6.175
4.491, 12.048, 4.237
3.544, 12.048, 4.23
1.769, 4.061, 1.606
3.899, 17.0, 4.698
3.935, 17.0, 5.136
3.891, 17.0, 5.691
2.873, 17.0, 6.281
0.325, 0.579, 0.292
1.735, 14.449, 2.76
0.549, 1.146, 0.509
0.495, 0.869, 0.385
3.242, 10.642, 4.276
1.218, 2.765, 0.999
0.987, 1.9, 0.883
1.92, 11.11, 2.834
1.787, 11.11, 2.874
0.855, 3.86, 1.272
1.282, 3.79, 1.766
4.005, 11.048, 5.12
0.628, 0.803, 0.359
1.298, 8.986, 2.626
0.353, 0.719, 0.273
1.453, 10.328, 2.716
1.899, 10.219, 4.15
1.393, 9.426, 2.315
1.511, 9.426, 2.461
1.535, 9.426, 2.628
1.521, 9.426, 3.026
2.385, 9.413, 4.0
2.641, 10.585, 3.396
1.508, 4.354, 2.509
1.163, 8.772, 2.372
0.23, 0.09, 0.047
2.77, 8.772, 4.143
1.442, 4.7, 1.968
0.999, 3.248, 1.219
2.016, 14.436, 3.303
3.325, 14.314, 6.26
2.452, 11.51, 3.538
2.937, 11.51, 3.838
1.285, 3.682, 2.117
1.619, 10.343, 2.634
1.75, 9.421, 2.657
0.786, 2.107, 1.201
3.367, 9.39, 3.806
1.531, 10.323, 2.926
0.682, 1.593, 0.868
3.422, 10.321, 4.843
1.74, 13.206, 3.027
1.568, 11.299, 3.322
2.906, 11.299, 4.832
0.457, 0.941, 0.418
1.823, 13.206, 3.061
1.859, 13.206, 3.134
2.842, 13.206, 4.281
3.201, 11.069, 4.577
3.61, 13.146, 5.499
1.315, 10.207, 2.22
2.277, 10.196, 3.949
0.805, 1.927, 0.695
1.02, 2.605, 1.005
1.857, 10.975, 2.648
2.123, 10.935, 3.48
2.876, 10.935, 4.59
1.573, 7.026, 2.041
1.62, 7.026, 2.248
1.524, 7.026, 2.327
1.908, 7.026, 2.942
1.751, 12.439, 2.553
1.504, 7.283, 2.316
2.297, 7.283, 2.965
1.845, 12.439, 2.737
1.946, 12.439, 2.841
1.996, 12.439, 2.965
2.151, 12.439, 3.189
1.222, 6.312, 2.01
1.843, 6.311, 2.606
3.67, 12.409, 5.05
0.809, 4.462, 0.959
0.31, 0.49, 0.225
0.647, 2.027, 0.978
0.982, 2.526, 1.177
0.518, 0.683, 0.351
0.455, 0.907, 0.35
0.852, 1.842, 0.75
1.423, 4.342, 2.091
0.98, 22.614, 2.129
0.181, 0.221, 0.113
0.303, 0.617, 0.224
0.322, 0.573, 0.26
0.272, 0.454, 0.238
0.754, 5.369, 1.113
0.548, 2.384, 0.666
0.331, 0.868, 0.301
0.382, 0.868, 0.341
0.218, 0.376, 0.192
0.48, 0.761, 0.288
0.692, 2.319, 0.974
0.628, 4.553, 1.222
0.562, 3.407, 1.111
0.733, 3.391, 1.353
1.419, 3.391, 1.778
0.452, 1.981, 0.714
0.595, 1.966, 0.826
0.924, 1.966, 1.006
0.632, 4.418, 1.313
0.833, 4.409, 1.514
1.243, 4.392, 2.149
0.606, 4.455, 1.307
0.764, 4.446, 1.525
1.247, 4.429, 2.17
0.609, 4.491, 1.318
0.768, 4.482, 1.537
1.256, 4.465, 2.188
0.611, 4.527, 1.328
0.772, 4.518, 1.55
1.265, 4.5, 2.206
0.37, 0.954, 0.291
0.384, 0.907, 0.341
0.147, 0.133, 0.069
1.153, 11.31, 2.317
0.71, 3.434, 0.876
0.685, 3.434, 0.94
0.54, 2.432, 0.761
0.215, 0.346, 0.125
1.456, 3.225, 1.75
1.155, 8.214, 1.855
0.738, 4.717, 1.053
0.754, 4.683, 1.343
0.928, 4.683, 1.564
0.222, 0.388, 0.199
0.511, 0.761, 0.287
0.692, 2.319, 0.974
0.588, 5.075, 1.005
0.438, 3.316, 1.087
0.628, 3.3, 1.326
1.18, 3.3, 1.865
0.452, 1.981, 0.714
0.595, 1.966, 0.826
0.924, 1.966, 1.007
0.452, 1.572, 0.543
0.598, 1.571, 0.576
0.706, 1.568, 0.684
0.421, 1.554, 0.483
0.521, 1.553, 0.527
0.697, 1.55, 0.679
1.16, 7.778, 2.353
1.655, 7.604, 3.025
0.34, 0.355, 0.201
1.684, 11.154, 3.25
0.553, 0.69, 0.276
3.704, 16.3, 7.135
0.659, 4.241, 1.054
0.728, 4.241, 1.236
0.66, 4.241, 1.385
0.771, 5.305, 1.25
0.485, 1.932, 0.525
0.52, 1.856, 0.602
0.984, 6.241, 1.707
0.82, 6.241, 1.448
0.882, 6.241, 1.576
0.676, 2.387, 0.837
0.214, 0.346, 0.124
2.399, 6.011, 3.358
0.956, 6.959, 1.656
0.543, 1.401, 0.433
0.247, 0.041, 0.02
2.283, 10.119, 3.804
0.447, 0.538, 0.254
0.412, 0.938, 0.37
0.504, 0.71, 0.359
3.903, 12.834, 6.109
0.851, 5.188, 1.341
0.742, 5.129, 1.121
0.768, 5.096, 1.472
0.955, 5.096, 1.716
0.224, 0.397, 0.204
0.51, 0.761, 0.287
0.692, 2.318, 0.974
0.552, 4.924, 0.993
0.33, 2.452, 0.803
0.469, 2.439, 0.98
0.881, 2.439, 1.376
0.451, 1.98, 0.714
0.579, 1.965, 0.832
0.923, 1.965, 1.006
0.45, 1.537, 0.536
0.594, 1.536, 0.568
0.698, 1.533, 0.668
1.198, 8.525, 1.868
0.941, 8.525, 1.828
0.601, 3.84, 1.115
0.753, 3.84, 1.295
0.224, 0.394, 0.202
0.479, 0.761, 0.288
0.692, 2.317, 0.973
0.767, 9.143, 1.908
0.158, 0.811, 0.26
0.21, 0.81, 0.313
0.362, 0.81, 0.418
0.45, 1.98, 0.712
0.578, 1.965, 0.83
0.921, 1.965, 1.004
1.459, 4.163, 1.473
1.131, 3.281, 1.519
0.666, 6.893, 1.327
0.16, 0.797, 0.266
0.217, 0.796, 0.317
0.392, 0.796, 0.4
0.448, 1.978, 0.71
0.576, 1.963, 0.828
0.918, 1.963, 1.001
0.451, 1.521, 0.534
0.594, 1.52, 0.566
0.694, 1.517, 0.661
1.793, 4.831, 2.784
4.821, 13.998, 6.459
0.974, 6.895, 1.655
0.804, 5.506, 1.284
0.568, 3.263, 0.942
0.698, 3.263, 1.092
0.223, 0.392, 0.201
0.479, 0.761, 0.288
0.691, 2.316, 0.973
1.164, 14.199, 2.631
0.318, 2.33, 0.762
0.449, 2.317, 0.93
0.84, 2.317, 1.306
0.447, 1.978, 0.709
0.575, 1.963, 0.827
0.917, 1.963, 1.0
1.682, 14.197, 3.702
2.116, 14.145, 4.105
2.982, 14.131, 5.05
4.297, 14.131, 6.724
1.256, 13.97, 2.081
0.25, 0.622, 0.282
0.141, 0.258, 0.113
1.084, 4.99, 1.607
0.217, 0.333, 0.156
0.832, 3.064, 0.977
0.414, 1.075, 0.477
1.457, 13.97, 2.366
1.49, 4.698, 1.917
0.918, 6.422, 1.32
0.745, 6.422, 1.486
0.341, 1.161, 0.359
0.175, 0.368, 0.15
0.345, 0.802, 0.34
1.064, 2.632, 0.998
1.154, 2.6, 1.103
1.91, 13.97, 3.046
1.906, 12.297, 3.534
3.797, 12.296, 5.787
0.75, 1.52, 0.655
2.044, 13.97, 2.975
1.869, 13.97, 3.357
4.367, 13.866, 6.461
1.076, 2.647, 1.036
0.843, 2.354, 0.917
2.495, 0.34, 0.241
2.999, 5.569, 2.083
1.731, 10.352, 2.448
1.152, 1.548, 0.629
2.188, 10.214, 3.09
0.69, 1.718, 0.822
1.813, 8.648, 2.477
2.468, 7.929, 3.168
2.717, 7.837, 3.566
1.475, 8.645, 2.298
1.729, 8.575, 2.51
1.024, 3.643, 1.376
0.261, 0.264, 0.134
1.267, 5.646, 1.764
1.588, 5.634, 1.99
1.352, 5.634, 2.455
1.31, 10.306, 2.209
1.335, 3.263, 1.361
1.271, 10.306, 2.322
2.565, 7.581, 3.174
1.757, 6.488, 3.216
0.391, 0.99, 0.28
0.369, 0.722, 0.235
0.353, 0.722, 0.261
0.382, 0.71, 0.265
1.561, 10.273, 2.888
0.456, 0.929, 0.5
0.268, 0.351, 0.145
2.612, 6.837, 2.636
2.819, 6.837, 3.105
1.385, 12.058, 2.054
0.225, 0.075, 0.035
0.781, 0.825, 0.396
1.042, 6.257, 1.448
1.216, 6.257, 1.669
1.175, 2.249, 0.865
1.857, 6.205, 2.981
2.033, 10.452, 2.968
1.081, 2.851, 1.11
2.934, 10.393, 3.852
3.786, 10.393, 4.156
0.713, 2.53, 0.893
0.209, 0.276, 0.141
1.474, 2.886, 1.135
2.03, 9.529, 2.747
1.669, 9.529, 2.399
1.125, 3.418, 1.265
1.617, 3.418, 1.523
3.021, 9.529, 4.442
1.507, 12.045, 3.046
0.824, 4.855, 1.396
1.014, 4.855, 1.756
1.613, 4.855, 2.24
1.051, 4.896, 1.62
1.134, 4.896, 2.137
1.009, 1.751, 0.672
0.773, 1.017, 0.459
0.747, 1.434, 0.53
0.518, 0.528, 0.287
1.093, 4.017, 1.028
0.861, 4.017, 0.902
0.678, 1.366, 0.497
0.464, 0.697, 0.349
0.825, 1.366, 0.712
0.52, 0.549, 0.275
0.802, 3.004, 0.872
0.924, 3.004, 0.985
0.466, 0.882, 0.455
0.789, 2.32, 0.862
0.95, 2.32, 0.948
1.108, 2.32, 1.121
1.181, 5.626, 1.411
1.336, 5.626, 1.865
2.147, 5.626, 2.629
1.034, 3.23, 1.087
1.145, 3.23, 1.131
1.133, 3.23, 1.157
1.069, 3.23, 1.144
1.362, 3.23, 1.489
2.986, 12.042, 3.725
2.958, 12.042, 4.076
0.76, 1.192, 0.507
2.54, 6.172, 3.249
0.904, 6.32, 1.293
0.548, 1.032, 0.516
0.193, 0.26, 0.121
0.652, 2.037, 0.981
0.982, 2.525, 1.177
0.524, 0.68, 0.351
0.459, 0.894, 0.347
0.856, 1.838, 0.75
1.416, 4.31, 2.075
1.187, 3.265, 1.331
1.703, 29.538, 5.244
0.184, 0.223, 0.112
0.9, 6.701, 1.611
0.37, 1.238, 0.399
0.486, 1.238, 0.573
0.162, 0.108, 0.044
0.996, 2.694, 0.921
1.299, 2.647, 1.155
0.888, 12.332, 1.941
0.355, 0.299, 0.144
0.859, 1.25, 0.529
0.444, 1.291, 0.419
0.372, 0.897, 0.386
0.55, 1.291, 0.543
0.751, 1.291, 0.649
1.902, 12.203, 3.975
0.573, 0.962, 0.454
0.469, 0.881, 0.332
0.515, 0.766, 0.332
0.466, 0.888, 0.348
0.353, 0.27, 0.155
1.56, 8.275, 1.879
1.675, 2.009, 0.933
1.126, 4.728, 1.425
1.012, 4.728, 1.432
0.527, 1.287, 0.375
0.618, 1.287, 0.512
0.447, 0.748, 0.318
1.353, 14.687, 2.808
0.514, 0.803, 0.332
0.341, 0.347, 0.15
0.966, 2.118, 0.926
0.859, 2.732, 0.799
0.767, 0.814, 0.321
1.44, 12.633, 2.875
0.916, 2.054, 1.003
1.548, 12.633, 3.074
2.906, 12.489, 4.875
1.429, 11.386, 3.218
0.4, 0.443, 0.177
2.021, 10.469, 4.181
0.571, 1.073, 0.463
1.26, 8.125, 2.35
1.539, 8.097, 2.736
2.384, 8.097, 3.892
0.88, 14.717, 1.943
0.407, 0.666, 0.266
1.94, 4.836, 2.13
1.515, 2.252, 1.203
0.45, 6.216, 0.852
0.217, 0.244, 0.14
0.228, 0.127, 0.071
0.174, 0.156, 0.085
1.121, 6.168, 2.117
1.995, 6.1, 2.9
0.513, 0.704, 0.355
0.321, 0.98, 0.31
0.273, 0.557, 0.235
0.286, 0.858, 0.284
0.206, 0.357, 0.15
0.409, 1.437, 0.397
0.42, 1.022, 0.427
0.359, 1.437, 0.414
0.294, 0.751, 0.274
0.181, 0.284, 0.123
1.053, 1.889, 0.945
1.546, 17.325, 3.107
0.333, 0.618, 0.309
0.263, 0.149, 0.074
0.725, 2.72, 0.764
0.843, 1.15, 0.517
0.775, 2.697, 0.962
0.931, 2.697, 1.085
1.191, 2.697, 1.285
3.632, 14.084, 5.32
1.813, 14.068, 3.285
2.471, 13.576, 4.713
4.578, 13.549, 6.318
1.749, 14.068, 3.14
2.48, 13.054, 4.177
0.373, 0.185, 0.106
1.989, 14.048, 4.578
0.303, 0.322, 0.142
0.875, 2.77, 0.977
0.381, 0.277, 0.139
1.409, 6.124, 1.996
1.673, 6.092, 2.411
1.004, 5.228, 1.41
0.539, 0.896, 0.51
1.443, 5.14, 1.831
1.629, 5.123, 2.135
2.579, 12.035, 4.297
0.553, 1.305, 0.597
2.613, 13.967, 4.792
0.318, 0.327, 0.186
0.682, 2.13, 0.612
0.666, 2.13, 0.64
0.578, 0.807, 0.352
0.543, 0.685, 0.382
1.958, 14.834, 3.93
2.574, 14.834, 4.769
2.881, 14.829, 5.278
3.525, 14.249, 6.155
3.235, 14.829, 6.547
2.854, 13.063, 5.105
1.207, 9.172, 2.365
1.317, 9.172, 2.553
0.608, 1.464, 0.499
0.797, 1.464, 0.631
0.883, 6.679, 1.287
2.09, 6.607, 3.113
0.671, 3.091, 0.685
0.697, 3.091, 0.743
0.748, 3.091, 0.765
0.617, 0.809, 0.371
0.985, 1.886, 0.821
0.554, 1.196, 0.42
0.695, 1.173, 0.589
0.446, 1.329, 0.389
0.325, 0.504, 0.198
0.371, 0.493, 0.221
1.599, 4.571, 1.926
1.313, 4.188, 1.648
1.411, 4.134, 1.972
1.868, 20.84, 3.531
0.297, 0.333, 0.158
0.439, 0.775, 0.282
0.281, 0.4, 0.151
2.253, 11.727, 3.798
0.487, 0.293, 0.169
1.611, 18.112, 3.283
2.821, 18.107, 6.257
4.305, 18.107, 7.821
1.419, 14.543, 2.762
1.435, 14.543, 2.805
2.05, 13.837, 4.483
0.265, 0.338, 0.139
1.344, 14.543, 2.479
1.31, 6.457, 2.205
0.272, 0.427, 0.158
1.334, 14.543, 2.646
2.225, 6.192, 3.487
0.561, 1.055, 0.511
0.583, 1.629, 0.563
0.6, 1.629, 0.615
0.377, 0.694, 0.387
1.045, 4.782, 1.303
1.076, 4.782, 1.398
0.614, 1.553, 0.893
0.924, 2.245, 1.28
3.75, 12.293, 3.703
2.559, 6.331, 2.663
2.338, 7.371, 2.368
2.093, 5.063, 2.021
1.47, 12.987, 2.85
1.71, 12.987, 3.494
3.437, 12.982, 5.472
0.584, 1.849, 0.765
0.875, 1.636, 0.785
1.132, 1.636, 0.934
2.214, 16.473, 5.102
0.491, 0.732, 0.302
1.972, 3.905, 1.998
1.637, 14.078, 2.529
0.847, 3.052, 0.992
1.191, 3.052, 1.337
1.961, 3.052, 1.617
1.766, 14.078, 2.677
1.946, 9.538, 2.796
1.618, 6.399, 2.218
0.744, 1.591, 0.845
2.044, 14.078, 3.86
0.588, 2.241, 0.803
0.401, 0.908, 0.389
0.982, 3.936, 1.291
0.596, 0.86, 0.355
1.3, 8.486, 2.135
1.164, 3.058, 1.27
1.59, 8.428, 2.719
1.932, 8.428, 3.04
2.529, 8.428, 3.504
1.887, 12.191, 2.698
3.554, 8.349, 4.101
1.494, 7.967, 2.367
2.623, 7.967, 3.667
1.367, 7.435, 2.08
1.351, 7.424, 2.739
0.206, 0.165, 0.093
1.726, 12.191, 2.507
1.328, 3.771, 1.107
1.08, 1.589, 0.72
1.175, 3.323, 1.045
1.485, 3.323, 1.525
2.223, 12.175, 3.352
2.36, 12.175, 3.538
2.512, 12.175, 3.764
1.642, 7.393, 2.648
0.275, 0.326, 0.118
5.766, 9.516, 5.003
6.389, 26.504, 6.702
2.601, 7.523, 2.986
6.722, 11.674, 4.988
2.462, 6.273, 2.454
0.813, 1.141, 0.571
7.719, 23.903, 8.745
9.205, 23.1, 10.183
8.866, 21.235, 9.754
10.645, 25.053, 8.23
6.227, 13.4, 4.686
8.087, 11.943, 5.293
7.663, 23.338, 8.632
12.359, 21.706, 10.198
6.051, 15.632, 5.63
8.805, 15.613, 6.806
10.041, 25.013, 11.527
5.539, 7.513, 4.173
1.861, 21.309, 3.215
1.253, 2.785, 1.461
0.672, 2.007, 0.78
2.319, 12.018, 3.423
1.632, 3.205, 1.304
1.1, 3.787, 1.146
0.67, 1.357, 0.575
1.178, 6.133, 1.915
0.435, 1.039, 0.452
2.496, 11.589, 3.319
1.556, 5.81, 2.256
1.788, 10.281, 3.816
1.286, 3.387, 1.227
0.773, 1.541, 0.566
1.398, 3.354, 1.336
0.641, 1.123, 0.433
2.148, 10.505, 3.287
2.372, 10.502, 4.586
1.094, 12.241, 1.865
0.73, 2.146, 0.887
0.721, 3.222, 1.014
0.405, 0.774, 0.365
0.649, 1.57, 0.549
0.688, 1.57, 0.596
1.279, 12.162, 2.375
0.626, 1.512, 0.619
0.998, 7.213, 1.742
1.044, 7.213, 1.828
1.178, 7.213, 1.97
1.298, 7.213, 2.162
0.476, 1.075, 0.35
0.443, 0.717, 0.288
2.317, 12.156, 3.963
2.613, 12.156, 4.504
4.249, 12.102, 5.665
2.089, 3.618, 1.836
0.908, 12.258, 1.972
0.358, 1.066, 0.337
0.325, 0.973, 0.316
0.173, 0.356, 0.144
0.345, 0.741, 0.322
0.536, 2.001, 0.596
0.581, 2.001, 0.726
0.935, 1.977, 0.933
0.966, 2.31, 0.949
0.715, 1.803, 0.808
1.21, 8.054, 2.818
0.274, 0.031, 0.017
1.415, 18.238, 2.6
1.236, 3.672, 1.507
1.185, 3.672, 1.706
0.466, 0.966, 0.364
1.267, 6.483, 1.769
0.987, 4.211, 1.191
0.289, 0.406, 0.172
0.763, 1.032, 0.428
1.787, 6.464, 1.953
1.637, 6.464, 2.105
0.941, 1.607, 0.807
0.971, 1.574, 0.61
0.93, 1.178, 0.482
1.101, 4.497, 1.392
0.986, 4.497, 1.233
0.569, 0.855, 0.34
0.576, 0.708, 0.409
1.465, 2.326, 0.922
0.852, 3.263, 0.879
0.825, 3.263, 1.064
1.473, 3.221, 1.664
2.134, 8.622, 3.273
1.724, 7.756, 3.434
2.678, 8.563, 3.781
3.625, 8.563, 4.185
2.018, 9.862, 2.943
1.479, 6.718, 2.197
0.889, 1.493, 0.75
1.247, 6.77, 1.774
0.554, 1.134, 0.419
0.75, 1.094, 0.574
1.13, 7.186, 1.871
0.553, 0.955, 0.359
0.685, 0.915, 0.506
2.306, 14.795, 4.311
0.755, 1.928, 0.79
1.143, 4.477, 1.519
1.004, 2.45, 1.121
0.807, 2.675, 0.747
0.768, 2.675, 0.856
1.288, 2.632, 1.336
1.205, 7.186, 1.858
0.586, 0.965, 0.366
0.71, 0.924, 0.526
1.114, 7.187, 1.873
0.543, 0.921, 0.354
0.677, 0.88, 0.498
1.529, 7.495, 2.122
1.094, 4.082, 1.365
1.775, 3.995, 2.117
1.276, 7.186, 1.908
0.803, 2.55, 0.813
0.674, 0.865, 0.496
1.097, 7.187, 1.878
0.54, 0.883, 0.357
0.653, 0.842, 0.478
1.097, 7.45, 2.307
0.395, 0.446, 0.187
0.506, 2.675, 0.494
0.517, 2.675, 0.508
0.671, 0.691, 0.313
0.874, 2.548, 1.259
0.786, 1.598, 0.657
0.786, 1.57, 0.671
0.463, 0.426, 0.233
0.322, 0.302, 0.141
0.342, 0.302, 0.136
0.321, 0.303, 0.142
0.321, 0.304, 0.142
0.342, 0.305, 0.137
0.286, 0.422, 0.217
0.719, 1.995, 0.828
0.569, 0.873, 0.312
0.589, 0.873, 0.338
0.636, 0.833, 0.465
1.56, 16.259, 3.574
1.795, 8.171, 3.627
1.532, 16.259, 3.863
2.078, 16.259, 5.041
0.26, 0.443, 0.166
0.929, 1.735, 0.757
1.636, 14.685, 3.952
0.491, 0.865, 0.346
0.622, 0.825, 0.454
1.618, 4.691, 1.984
1.816, 13.579, 3.825
1.207, 2.793, 1.184
1.48, 16.303, 3.425
0.989, 4.058, 1.779
1.597, 16.291, 3.99
2.332, 16.248, 5.301
0.553, 0.739, 0.392
0.723, 2.045, 0.831
1.941, 11.758, 3.228
1.184, 4.704, 1.564
1.987, 4.592, 2.462
2.26, 15.084, 3.956
2.572, 15.084, 5.23
4.808, 15.084, 7.097
2.212, 8.406, 3.016
2.803, 8.406, 3.473
1.379, 4.317, 1.56
0.984, 4.01, 1.317
0.493, 0.879, 0.448
0.966, 4.317, 1.201
0.603, 1.6, 0.526
0.482, 0.851, 0.433
1.429, 12.817, 3.192
0.925, 3.943, 1.288
1.685, 3.894, 2.05
2.472, 13.994, 4.355
0.571, 1.824, 0.905
1.912, 18.238, 3.345
2.043, 8.487, 2.657
2.213, 8.487, 2.935
1.925, 18.214, 3.6
1.931, 13.215, 3.302
0.906, 1.636, 0.562
0.759, 1.2, 0.601
2.287, 7.029, 2.574
2.569, 5.433, 2.47
1.872, 18.214, 4.76
0.665, 2.126, 0.907
3.129, 18.168, 6.697
4.242, 18.168, 7.865
3.172, 9.111, 3.797
0.451, 0.371, 0.195
1.398, 14.575, 2.252
0.81, 2.496, 0.774
0.859, 2.454, 0.897
1.108, 2.454, 1.031
1.924, 7.117, 2.503
0.823, 1.108, 0.554
1.388, 5.688, 2.075
0.824, 1.982, 0.759
0.64, 2.146, 0.745
0.622, 1.946, 0.575
0.553, 1.056, 0.364
0.394, 0.345, 0.161
1.275, 4.261, 1.506
1.828, 4.216, 2.009
1.347, 7.919, 2.226
0.52, 1.465, 0.561
1.609, 10.556, 2.467
1.277, 7.949, 2.322
0.401, 0.742, 0.295
0.509, 0.68, 0.368
2.717, 10.463, 3.507
2.886, 10.463, 3.886
3.537, 10.463, 4.502
1.436, 9.694, 2.248
1.837, 9.694, 2.665
2.25, 9.621, 3.789
1.731, 4.347, 2.339
2.578, 7.302, 4.169
1.699, 4.047, 1.953
0.683, 2.049, 0.733
0.812, 2.049, 0.793
1.025, 2.049, 0.862
2.38, 12.861, 3.512
1.462, 5.056, 1.693
1.628, 5.056, 1.936
0.504, 0.825, 0.458
1.043, 19.348, 2.085
0.399, 0.686, 0.349
0.529, 1.969, 0.616
0.552, 1.969, 0.766
0.175, 0.349, 0.185
0.731, 3.702, 1.076
0.985, 3.662, 1.823
0.522, 1.402, 0.648
0.724, 3.235, 1.047
0.872, 3.195, 1.587
0.659, 1.968, 0.922
1.05, 4.539, 1.453
0.441, 1.115, 0.495
0.49, 1.05, 0.587
0.801, 3.08, 1.024
1.063, 3.077, 1.281
1.79, 3.043, 1.279
0.366, 0.802, 0.371
0.527, 1.696, 0.547
0.535, 1.696, 0.699
0.984, 3.947, 1.313
1.1, 3.947, 1.933
1.267, 2.655, 1.383
1.189, 3.558, 1.406
0.903, 4.235, 1.155
1.382, 4.214, 1.757
0.717, 1.945, 0.901
1.123, 15.498, 2.432
1.068, 15.491, 2.427
0.817, 1.62, 0.823
1.071, 15.491, 2.586
1.028, 15.491, 2.645
1.081, 15.491, 2.864
1.169, 15.491, 3.086
1.339, 15.486, 3.462
1.565, 15.486, 3.886
2.015, 15.426, 4.763
3.002, 15.345, 6.145
1.272, 6.457, 1.593
1.238, 6.455, 1.716
1.061, 2.749, 1.49
1.167, 6.416, 1.984
1.453, 6.385, 2.492
1.237, 14.812, 2.16
0.391, 0.705, 0.296
1.043, 2.392, 0.936
2.164, 4.955, 1.879
3.454, 5.984, 3.003
0.911, 7.863, 1.535
0.471, 0.542, 0.306
0.405, 0.22, 0.114
0.334, 0.309, 0.171
1.876, 7.734, 2.868
3.051, 7.734, 3.543
0.616, 0.829, 0.417
0.537, 1.954, 0.586
0.632, 1.511, 0.626
0.329, 0.859, 0.297
0.194, 0.306, 0.127
1.096, 6.718, 1.595
1.817, 6.695, 2.828
0.739, 3.616, 0.981
0.554, 1.352, 0.487
0.35, 0.578, 0.25
1.796, 3.508, 1.77
1.577, 14.61, 2.589
0.426, 0.677, 0.286
1.67, 3.413, 1.51
0.905, 1.974, 0.78
0.643, 0.711, 0.397
1.585, 10.51, 2.416
1.843, 10.031, 3.46
2.629, 10.026, 4.321
1.59, 10.501, 2.263
2.03, 6.684, 2.238
1.732, 6.659, 2.604
1.503, 6.568, 2.593
0.987, 3.714, 1.075
1.036, 3.714, 1.257
0.564, 1.16, 0.431
2.61, 10.371, 3.953
1.236, 18.228, 2.144
0.174, 0.282, 0.149
0.605, 2.274, 0.662
0.327, 0.589, 0.249
0.276, 0.398, 0.2
0.947, 2.438, 0.985
0.331, 0.49, 0.222
0.842, 1.834, 0.617
0.706, 1.834, 0.721
0.465, 0.747, 0.378
0.567, 1.243, 0.517
0.407, 1.067, 0.502
0.916, 3.553, 0.983
0.641, 1.677, 0.566
0.789, 1.677, 0.652
2.484, 9.337, 3.954
0.75, 2.716, 0.848
0.642, 2.716, 0.913
0.846, 2.716, 1.145
2.0, 6.58, 2.774
0.921, 2.774, 0.856
0.596, 1.28, 0.446
0.634, 1.28, 0.472
1.112, 7.882, 1.647
1.056, 7.882, 1.715
0.776, 4.42, 1.3
0.964, 4.42, 1.504
0.255, 0.479, 0.249
0.522, 0.763, 0.292
0.695, 2.323, 0.975
2.058, 7.787, 2.809
1.748, 4.691, 2.088
1.124, 3.785, 1.175
1.043, 2.739, 0.963
1.249, 2.705, 1.148
1.129, 7.838, 2.19
0.456, 3.537, 1.162
0.656, 3.533, 1.42
1.242, 3.533, 2.002
0.587, 3.066, 0.97
0.767, 3.015, 1.132
1.183, 3.015, 1.42
1.085, 6.623, 1.981
1.49, 6.517, 2.547
0.387, 0.645, 0.354
1.148, 6.616, 1.861
0.379, 1.285, 0.412
0.481, 1.285, 0.482
0.929, 3.499, 1.49
0.477, 1.836, 0.588
0.413, 1.836, 0.62
0.557, 1.836, 0.775
0.468, 1.646, 0.696
1.65, 13.825, 2.584
2.144, 10.408, 3.468
2.936, 10.408, 4.529
2.03, 6.503, 3.101
1.573, 13.825, 2.477
1.6, 13.825, 2.506
1.248, 13.77, 2.657
1.675, 13.742, 3.868
0.297, 0.346, 0.15
0.617, 2.184, 0.79
0.272, 0.303, 0.143
1.971, 7.769, 2.486
1.998, 7.769, 2.632
1.497, 7.769, 2.229
2.056, 7.769, 2.583
3.275, 7.769, 3.333
1.836, 10.639, 2.475
1.22, 4.043, 1.428
0.926, 3.77, 1.104
1.22, 3.77, 1.254
1.796, 3.77, 1.57
4.27, 10.611, 4.673
1.562, 8.489, 2.586
0.641, 2.835, 0.932
0.833, 2.835, 1.121
0.749, 1.94, 0.827
1.177, 4.214, 1.488
0.266, 0.506, 0.253
1.059, 3.355, 1.598
0.889, 2.638, 0.957
0.932, 2.638, 1.113
1.065, 16.634, 1.917
0.296, 0.338, 0.159
0.445, 0.856, 0.412
0.446, 0.858, 0.412
0.666, 0.931, 0.475
1.48, 14.424, 2.995
1.708, 14.379, 3.91
0.837, 2.603, 1.086
3.124, 14.379, 6.368
1.204, 3.121, 1.209
1.353, 3.121, 1.379
1.312, 3.121, 1.449
1.743, 16.564, 4.176
3.622, 16.519, 7.288
0.711, 1.535, 0.603
0.786, 1.535, 0.692
0.864, 1.535, 0.797
1.646, 9.226, 2.477
3.499, 9.182, 3.708
0.647, 2.071, 0.676
0.695, 2.071, 0.788
0.868, 2.071, 0.946
1.485, 11.254, 2.863
1.088, 10.034, 2.225
0.783, 1.465, 0.57
0.836, 2.867, 1.185
2.424, 9.951, 4.31
0.82, 2.464, 0.909
0.666, 2.241, 0.916
1.04, 2.439, 1.011
1.312, 2.439, 1.037
0.34, 0.981, 0.34
0.162, 0.22, 0.113
0.991, 1.955, 0.73
1.349, 6.08, 1.626
1.097, 6.08, 1.83
1.636, 6.024, 2.259
0.466, 0.902, 0.475
0.509, 1.135, 0.389
0.35, 0.404, 0.186
0.344, 0.631, 0.226
0.25, 0.254, 0.136
0.536, 2.047, 0.532
0.429, 2.047, 0.468
0.354, 0.833, 0.284
0.217, 0.314, 0.157
0.415, 0.635, 0.346
0.242, 0.236, 0.119
0.598, 1.843, 0.627
0.67, 1.76, 0.665
0.345, 0.653, 0.335
0.612, 1.831, 0.673
0.747, 1.831, 0.733
0.87, 1.831, 0.875
0.787, 2.855, 0.882
0.832, 2.451, 0.967
1.225, 2.451, 1.29
0.733, 2.847, 0.852
0.813, 2.847, 0.892
0.814, 2.847, 0.929
0.78, 2.847, 0.933
0.958, 2.847, 1.323
2.051, 11.82, 2.839
1.616, 9.162, 2.185
0.64, 1.465, 0.535
2.001, 9.15, 2.568
2.064, 9.15, 2.736
0.8, 1.847, 0.78
1.08, 2.369, 1.208
0.779, 1.481, 0.613
1.077, 3.882, 1.23
0.969, 3.882, 1.302
1.034, 3.882, 1.678
0.381, 1.174, 0.36
0.305, 1.105, 0.322
0.318, 1.105, 0.394
0.465, 1.105, 0.487
1.094, 2.857, 0.997
0.791, 3.199, 1.032
0.753, 3.199, 1.396
1.478, 3.183, 1.179
1.002, 2.354, 0.961
0.684, 3.783, 0.869
0.487, 2.047, 0.494
0.364, 0.833, 0.285
0.214, 0.314, 0.158
0.414, 0.633, 0.345
0.241, 0.236, 0.119
0.729, 3.095, 0.849
0.866, 3.095, 1.059
1.179, 3.095, 1.442
0.608, 1.831, 0.672
0.743, 1.831, 0.732
0.866, 1.831, 0.874
0.756, 2.583, 0.836
0.793, 2.42, 0.925
1.171, 2.42, 1.236
0.711, 2.576, 0.804
0.788, 2.576, 0.84
0.784, 2.576, 0.87
0.74, 2.576, 0.845
0.887, 2.576, 1.191
1.493, 5.405, 1.601
1.266, 5.405, 1.645
0.347, 0.512, 0.218
1.076, 2.364, 1.206
1.548, 17.571, 3.02
0.495, 1.088, 0.557
0.975, 2.506, 1.137
1.95, 4.425, 2.08
0.928, 1.59, 0.653
0.278, 0.429, 0.149
0.264, 0.42, 0.168
1.72, 9.515, 2.648
0.713, 0.6, 0.247
2.196, 10.082, 3.925
1.398, 3.312, 1.295
1.69, 14.203, 2.617
0.293, 0.245, 0.108
0.457, 0.609, 0.267
1.84, 13.002, 2.799
1.024, 4.071, 1.204
0.987, 2.433, 1.047
1.273, 3.978, 1.71
2.409, 12.949, 3.478
2.151, 9.499, 2.732
1.065, 3.241, 1.122
1.28, 3.241, 1.443
4.212, 12.8, 5.969
1.825, 10.336, 2.252
1.921, 5.25, 1.977
1.894, 10.315, 2.423
1.968, 10.315, 2.518
2.243, 5.443, 2.267
1.875, 10.315, 2.769
2.045, 10.315, 2.969
2.103, 10.315, 3.425
3.574, 10.315, 4.611
1.869, 6.687, 2.14
0.899, 2.366, 0.823
1.152, 2.366, 0.996
3.083, 12.463, 5.383
0.659, 1.906, 0.571
0.734, 1.906, 0.851
1.851, 6.14, 2.392
1.039, 3.144, 1.347
1.315, 4.811, 1.682
0.67, 1.572, 0.865
0.3, 0.334, 0.133
1.685, 9.659, 2.405
1.708, 4.038, 1.862
0.705, 1.802, 0.567
0.997, 1.802, 0.751
1.903, 9.659, 3.082
2.199, 9.659, 3.494
3.548, 9.651, 4.325
4.751, 29.561, 6.355
1.8, 5.173, 2.366
2.706, 6.69, 2.508
5.313, 25.502, 7.563
2.644, 20.144, 5.573
0.579, 1.268, 0.506
0.303, 0.502, 0.262
6.198, 27.879, 7.049
5.522, 12.495, 4.539
6.867, 12.34, 6.404
3.745, 29.561, 6.048
2.589, 11.591, 3.482
6.635, 9.048, 4.593
1.63, 6.787, 2.266
2.285, 6.782, 2.726
0.665, 2.436, 0.9
1.095, 2.436, 1.019
6.452, 23.028, 6.862
7.297, 16.57, 7.809
7.133, 22.391, 7.27
8.224, 22.391, 8.01
9.646, 22.391, 9.241
1.455, 2.46, 1.249
1.065, 16.634, 1.917
0.296, 0.338, 0.159
0.445, 0.856, 0.412
0.446, 0.858, 0.412
0.666, 0.931, 0.475
1.48, 14.424, 2.995
1.708, 14.379, 3.91
0.837, 2.603, 1.086
3.124, 14.379, 6.368
1.204, 3.121, 1.209
1.353, 3.121, 1.379
1.312, 3.121, 1.449
1.743, 16.564, 4.176
3.622, 16.519, 7.288
0.711, 1.535, 0.603
0.786, 1.535, 0.692
0.864, 1.535, 0.797
1.646, 9.226, 2.477
3.499, 9.182, 3.708
0.647, 2.071, 0.676
0.695, 2.071, 0.788
0.868, 2.071, 0.946
1.485, 11.254, 2.863
1.088, 10.034, 2.225
0.783, 1.465, 0.57
0.836, 2.867, 1.185
2.424, 9.951, 4.31
0.82, 2.464, 0.909
0.666, 2.241, 0.916
1.04, 2.439, 1.011
1.312, 2.439, 1.037
0.34, 0.981, 0.34
0.162, 0.22, 0.113
0.991, 1.955, 0.73
1.349, 6.08, 1.626
1.097, 6.08, 1.83
1.636, 6.024, 2.259
0.466, 0.902, 0.475
0.509, 1.135, 0.389
0.35, 0.404, 0.186
0.344, 0.631, 0.226
0.25, 0.254, 0.136
0.536, 2.047, 0.532
0.429, 2.047, 0.468
0.354, 0.833, 0.284
0.217, 0.314, 0.157
0.415, 0.635, 0.346
0.242, 0.236, 0.119
0.598, 1.843, 0.627
0.67, 1.76, 0.665
0.345, 0.653, 0.335
0.612, 1.831, 0.673
0.747, 1.831, 0.733
0.87, 1.831, 0.875
0.787, 2.855, 0.882
0.832, 2.451, 0.967
1.225, 2.451, 1.29
0.733, 2.847, 0.852
0.813, 2.847, 0.892
0.814, 2.847, 0.929
0.78, 2.847, 0.933
0.958, 2.847, 1.323
2.051, 11.82, 2.839
1.616, 9.162, 2.185
0.64, 1.465, 0.535
2.001, 9.15, 2.568
2.064, 9.15, 2.736
0.8, 1.847, 0.78
1.08, 2.369, 1.208
0.779, 1.481, 0.613
1.077, 3.882, 1.23
0.969, 3.882, 1.302
1.034, 3.882, 1.678
0.381, 1.174, 0.36
0.305, 1.105, 0.322
0.318, 1.105, 0.394
0.465, 1.105, 0.487
1.094, 2.857, 0.997
0.791, 3.199, 1.032
0.753, 3.199, 1.396
1.478, 3.183, 1.179
1.002, 2.354, 0.961
0.684, 3.783, 0.869
0.487, 2.047, 0.494
0.364, 0.833, 0.285
0.214, 0.314, 0.158
0.414, 0.633, 0.345
0.241, 0.236, 0.119
0.729, 3.095, 0.849
0.866, 3.095, 1.059
1.179, 3.095, 1.442
0.608, 1.831, 0.672
0.743, 1.831, 0.732
0.866, 1.831, 0.874
0.756, 2.583, 0.836
0.793, 2.42, 0.925
1.171, 2.42, 1.236
0.711, 2.576, 0.804
0.788, 2.576, 0.84
0.784, 2.576, 0.87
0.74, 2.576, 0.845
0.887, 2.576, 1.191
1.493, 5.405, 1.601
1.266, 5.405, 1.645
0.347, 0.512, 0.218
1.076, 2.364, 1.206
1.191, 4.836, 1.533
0.266, 0.506, 0.253
1.048, 3.26, 1.552
0.885, 2.638, 0.962
0.941, 2.638, 1.109
8.606, 14.955, 6.331
9.621, 8.672, 6.132
1.884, 21.309, 3.245
1.253, 2.785, 1.461
0.672, 2.007, 0.781
2.369, 12.196, 3.485
1.711, 3.572, 1.453
1.126, 3.878, 1.176
0.672, 1.362, 0.577
1.201, 6.338, 1.982
0.436, 1.043, 0.453
2.512, 11.668, 3.34
1.557, 5.812, 2.257
1.846, 10.683, 3.968
1.31, 3.482, 1.259
0.781, 1.541, 0.568
1.421, 3.4, 1.361
0.647, 1.148, 0.441
2.158, 10.515, 3.297
2.374, 10.513, 4.59
1.363, 10.212, 1.86
0.126, 0.148, 0.062
0.167, 0.326, 0.147
1.479, 10.212, 1.948
2.043, 4.844, 2.585
1.445, 10.212, 1.979
1.394, 3.177, 1.353
1.027, 4.551, 1.324
0.605, 2.168, 0.762
0.279, 0.767, 0.315
0.369, 0.902, 0.38
1.094, 7.019, 1.9
1.292, 6.988, 2.413
2.228, 6.958, 3.35
2.009, 10.144, 2.656
1.904, 10.144, 2.545
2.133, 10.144, 2.718
2.131, 10.144, 3.102
1.779, 4.669, 2.592
1.403, 3.428, 1.576
1.185, 2.677, 1.069
1.444, 5.393, 1.73
1.517, 5.393, 2.036
1.479, 10.224, 2.012
0.552, 0.977, 0.443
0.468, 0.573, 0.324
1.534, 10.224, 2.081
1.513, 10.224, 2.086
1.55, 7.691, 2.578
1.069, 3.361, 1.614
1.439, 7.79, 1.937
1.572, 7.79, 2.278
1.111, 3.124, 1.139
0.745, 1.673, 0.887
0.485, 1.302, 0.443
0.35, 0.291, 0.153
0.481, 0.007, 0.005
1.515, 10.224, 2.051
2.37, 10.224, 3.137
3.797, 10.224, 4.45
0.963, 2.636, 0.821
1.127, 2.636, 0.907
1.084, 2.636, 1.054
1.057, 2.631, 1.473
0.626, 0.279, 0.198
2.067, 6.481, 2.555
2.587, 6.435, 3.134
1.458, 5.182, 1.933
1.141, 3.538, 1.678
3.288, 3.924, 2.774
1.471, 15.987, 2.443
0.306, 0.189, 0.082
1.353, 8.383, 1.834
1.529, 5.161, 1.922
2.05, 5.153, 2.361
1.618, 6.006, 2.034
2.074, 5.991, 2.177
1.853, 5.991, 2.465
1.912, 8.383, 3.134
3.233, 8.272, 3.767
1.02, 3.688, 1.271
0.738, 1.162, 0.492
1.259, 5.137, 1.664
1.322, 5.137, 1.767
2.319, 4.535, 2.267
0.074, 0.098, 0.055
1.524, 5.122, 2.136
1.434, 5.745, 1.834
1.727, 5.726, 2.082
0.363, 0.703, 0.271
1.735, 24.493, 3.873
0.337, 0.471, 0.206
1.204, 6.221, 1.817
0.813, 1.141, 0.571
1.455, 8.143, 2.628
0.247, 0.222, 0.112
0.844, 3.162, 1.034
0.24, 0.161, 0.06
0.757, 2.716, 0.895
0.677, 2.716, 0.901
4.903, 24.333, 8.207
5.743, 24.333, 8.93
4.267, 17.054, 6.638
1.324, 3.004, 1.233
0.995, 2.994, 1.405
0.758, 19.816, 1.871
0.18, 0.21, 0.106
0.41, 2.27, 0.553
0.427, 2.27, 0.644
0.534, 2.27, 0.802
0.235, 0.494, 0.265
0.254, 1.147, 0.308
0.299, 1.147, 0.409
0.16, 0.34, 0.188
0.836, 5.425, 1.362
1.137, 5.389, 1.874
1.77, 5.337, 2.193
0.437, 0.882, 0.437
0.777, 3.553, 1.164
0.952, 3.514, 1.745
0.508, 1.367, 0.631
0.873, 4.578, 1.301
0.413, 1.098, 0.462
0.436, 0.892, 0.495
0.781, 2.833, 0.981
1.025, 2.831, 1.213
1.725, 2.796, 1.192
0.358, 0.773, 0.358
0.564, 1.688, 0.54
0.532, 1.688, 0.695
0.642, 3.024, 0.89
0.868, 3.024, 1.473
0.669, 1.391, 0.706
0.654, 1.72, 0.677
0.527, 1.89, 0.573
0.759, 1.886, 0.851
0.35, 0.885, 0.409
1.101, 9.121, 1.817
0.337, 0.471, 0.206
1.204, 6.221, 1.817
0.813, 1.141, 0.571
1.455, 8.143, 2.628
0.247, 0.222, 0.112
0.844, 3.162, 1.034
0.24, 0.161, 0.06
0.757, 2.716, 0.895
0.677, 2.716, 0.901
0.998, 5.037, 1.453
1.106, 5.037, 1.602
1.428, 5.037, 1.924
1.812, 11.184, 2.593
0.337, 0.567, 0.287
2.435, 7.023, 2.697
1.683, 11.171, 2.593
1.579, 8.391, 2.687
0.498, 0.895, 0.464
1.656, 11.171, 2.627
0.587, 1.482, 0.452
0.545, 0.409, 0.211
1.999, 11.171, 2.994
1.853, 4.761, 2.187
2.117, 11.171, 3.261
2.147, 11.171, 3.383
3.248, 7.403, 3.868
2.395, 10.25, 3.812
4.048, 10.152, 4.532
2.309, 11.109, 4.028
3.909, 10.986, 4.948
0.693, 4.117, 1.065
0.276, 0.211, 0.087
0.708, 2.241, 0.811
0.477, 0.862, 0.493
0.248, 0.196, 0.085
0.228, 0.046, 0.033
1.688, 22.316, 3.819
0.461, 0.459, 0.231
0.869, 3.654, 1.475
1.716, 12.379, 4.017
3.354, 12.355, 6.038
1.734, 4.832, 2.057
0.467, 1.725, 0.523
0.604, 1.712, 0.78
1.986, 8.857, 2.765
2.846, 8.857, 4.092
1.624, 5.389, 2.599
0.808, 4.427, 1.032
0.189, 0.254, 0.119
0.646, 2.023, 0.976
0.981, 2.525, 1.177
0.516, 0.678, 0.351
0.455, 0.906, 0.35
0.851, 1.839, 0.749
1.415, 4.306, 2.073
0.907, 22.603, 2.309
0.228, 0.219, 0.126
0.343, 0.655, 0.252
0.837, 2.417, 0.866
0.753, 1.688, 0.692
0.423, 0.954, 0.312
0.312, 0.607, 0.254
0.699, 2.867, 0.879
0.308, 0.596, 0.249
1.03, 2.937, 0.976
0.528, 0.934, 0.366
0.545, 2.548, 0.926
0.525, 1.786, 0.474
0.372, 0.594, 0.216
0.606, 1.765, 0.592
0.297, 0.466, 0.185
0.907, 2.417, 0.92
0.653, 2.409, 1.017
0.844, 2.407, 0.852
0.65, 2.4, 1.013
5.008, 29.137, 6.39
1.163, 1.929, 0.965
2.277, 8.576, 4.222
4.892, 22.793, 7.375
5.546, 6.756, 3.496
5.991, 29.067, 7.021
6.92, 12.627, 6.321
2.191, 2.86, 1.586
4.837, 25.678, 5.8
5.472, 25.678, 5.998
5.201, 25.678, 6.229
6.119, 25.678, 7.957
2.51, 7.097, 3.181
3.516, 5.095, 2.343
11.073, 28.875, 11.307
17.727, 25.107, 10.588
2.308, 4.986, 2.572
1.311, 10.533, 2.264
2.574, 6.953, 3.834
1.671, 10.533, 2.909
2.104, 3.23, 1.761
2.023, 10.533, 3.84
1.128, 1.73, 0.956
1.07, 2.587, 1.141
0.3, 0.389, 0.206
1.704, 7.799, 3.058
0.324, 0.526, 0.28
1.774, 8.714, 3.461
0.284, 0.384, 0.197
1.733, 8.714, 3.48
0.205, 0.138, 0.077
3.09, 6.425, 3.259
0.403, 0.666, 0.241
0.584, 1.052, 0.448
0.393, 0.954, 0.32
0.976, 4.396, 1.571
1.422, 16.313, 2.724
0.711, 1.675, 0.88
0.191, 0.257, 0.12
0.651, 2.031, 0.978
0.981, 2.522, 1.177
0.522, 0.67, 0.348
0.458, 0.894, 0.347
0.854, 1.827, 0.746
1.412, 4.293, 2.066
1.014, 5.309, 1.514
0.46, 0.561, 0.225
1.312, 8.497, 2.402
0.766, 2.726, 0.971
0.234, 0.263, 0.132
1.65, 6.469, 2.49
0.956, 2.492, 1.03
1.49, 11.053, 2.814
0.519, 1.657, 0.699
2.166, 11.051, 3.757
2.608, 11.051, 4.319
1.612, 16.26, 3.039
3.543, 16.226, 7.158
1.262, 10.387, 1.973
1.214, 5.188, 1.632
2.068, 5.143, 2.223
1.281, 10.381, 2.209
1.841, 10.319, 3.551
3.322, 10.286, 4.85
0.917, 1.995, 0.684
0.955, 1.995, 0.756
1.132, 1.945, 0.826
2.529, 9.866, 3.872
2.94, 12.893, 5.672
0.599, 1.365, 0.567
1.091, 3.548, 1.153
1.142, 3.548, 1.292
1.33, 3.504, 1.385
1.528, 3.504, 1.516
1.24, 3.04, 1.747
1.654, 12.444, 3.512
0.42, 0.595, 0.282
0.733, 2.906, 0.9
0.618, 2.906, 0.976
0.288, 0.415, 0.209
2.258, 13.467, 4.016
2.425, 13.467, 4.296
3.765, 13.464, 5.63
2.065, 12.685, 4.357
3.583, 12.685, 6.155
2.397, 11.432, 4.141
3.184, 11.432, 4.796
1.597, 13.412, 3.503
1.429, 13.412, 3.304
3.36, 13.412, 5.783
0.49, 1.618, 0.547
0.66, 1.618, 0.764
2.28, 12.447, 4.561
3.068, 12.447, 5.337
1.281, 12.565, 2.21
0.544, 1.196, 0.445
0.454, 0.572, 0.237
1.174, 3.224, 1.47
1.305, 6.762, 2.113
0.422, 0.488, 0.189
1.805, 11.482, 3.562
0.469, 0.693, 0.265
1.499, 8.924, 2.727
0.437, 0.814, 0.318
1.061, 2.726, 1.256
0.704, 2.492, 0.859
0.624, 2.484, 0.888
0.175, 0.176, 0.1
1.462, 7.106, 2.219
0.935, 7.066, 1.813
1.124, 7.045, 2.019
0.747, 1.138, 0.494
0.265, 0.125, 0.068
1.601, 12.468, 3.517
0.433, 0.893, 0.372
0.933, 3.397, 1.237
1.001, 3.397, 1.392
0.255, 0.317, 0.159
1.335, 17.64, 3.104
0.612, 1.675, 0.946
0.312, 0.317, 0.148
0.78, 1.716, 0.774
0.859, 1.614, 0.668
0.333, 0.747, 0.225
0.268, 0.422, 0.17
0.717, 1.602, 0.591
0.418, 0.69, 0.301
0.721, 2.629, 0.978
0.994, 2.989, 0.941
0.602, 0.859, 0.342
1.664, 14.872, 3.589
0.707, 2.045, 0.868
1.944, 14.872, 3.977
2.07, 14.872, 4.113
2.123, 14.872, 4.283
1.93, 14.872, 4.101
2.435, 14.872, 4.608
1.753, 9.839, 3.188
2.53, 9.816, 4.17
4.033, 13.618, 6.564
1.432, 14.191, 2.215
0.565, 1.967, 0.578
0.376, 0.424, 0.207
0.49, 1.424, 0.432
1.908, 13.109, 4.297
1.514, 13.787, 3.935
2.69, 13.787, 5.543
2.226, 12.265, 3.636
0.427, 0.465, 0.206
2.167, 12.543, 3.64
0.413, 0.423, 0.187
1.83, 12.857, 2.932
2.135, 8.233, 2.813
2.15, 8.233, 3.54
3.185, 4.51, 2.502
1.781, 12.821, 3.028
1.825, 12.821, 3.077
1.905, 8.072, 2.746
2.678, 8.053, 3.63
0.36, 0.526, 0.259
1.562, 5.829, 2.249
2.171, 12.231, 4.486
2.774, 12.231, 5.347
1.656, 12.821, 3.054
1.496, 8.014, 2.448
2.57, 8.007, 3.298
0.252, 0.381, 0.165
0.55, 1.759, 0.677
2.115, 12.794, 4.748
2.787, 12.794, 5.642
2.374, 13.538, 3.55
3.497, 13.441, 5.694
1.869, 10.915, 2.997
2.034, 10.872, 3.303
2.662, 10.872, 3.765
3.593, 10.802, 4.726
1.88, 13.685, 3.11
3.478, 13.605, 5.769
1.287, 8.678, 2.118
1.333, 8.645, 2.306
1.739, 8.645, 2.648
2.369, 8.592, 3.348
1.212, 14.187, 1.857
1.387, 6.707, 2.066
1.672, 6.707, 2.85
1.369, 2.883, 1.514
1.185, 14.148, 1.831
1.184, 14.148, 1.835
1.019, 5.017, 1.462
1.38, 5.017, 2.111
0.945, 1.551, 0.753
1.193, 14.148, 1.858
2.333, 13.437, 4.592
4.173, 13.437, 6.335
0.659, 1.488, 0.524
0.776, 1.488, 0.687
0.646, 1.773, 0.59
0.794, 1.773, 0.797
0.579, 3.225, 0.739
0.643, 3.225, 0.837
0.675, 3.225, 0.908
0.417, 0.817, 0.323
0.465, 0.779, 0.394
0.463, 1.138, 0.349
0.65, 1.138, 0.513
1.241, 9.3, 1.943
1.389, 9.3, 2.123
1.763, 9.3, 2.631
3.023, 9.3, 4.282
0.668, 1.213, 0.588
1.104, 1.954, 0.92
0.685, 2.481, 0.712
0.874, 1.999, 0.787
0.613, 2.481, 0.764
0.219, 0.185, 0.077
1.566, 8.444, 2.088
1.603, 8.408, 1.959
3.347, 8.401, 3.29
1.005, 2.712, 0.902
1.275, 2.712, 1.225
1.015, 2.055, 0.88
1.342, 7.825, 2.519
0.194, 0.201, 0.078
1.122, 8.656, 1.664
1.023, 2.986, 1.001
1.459, 2.473, 1.055
0.958, 2.986, 1.082
1.02, 2.986, 1.385
0.988, 2.717, 1.108
1.326, 8.656, 2.794
0.192, 0.201, 0.079
1.397, 14.148, 2.049
1.36, 14.148, 2.007
1.554, 14.137, 2.397
1.936, 14.114, 3.183
3.585, 14.114, 6.051
1.264, 4.407, 1.467
1.791, 4.407, 1.968
1.154, 3.735, 1.566
1.299, 8.016, 1.823
2.42, 7.993, 3.282
0.964, 5.609, 1.357
2.062, 5.594, 2.327
0.613, 2.052, 0.692
0.812, 2.052, 0.929
0.628, 1.776, 0.725
0.951, 2.541, 0.927
1.534, 2.506, 1.258
0.714, 2.393, 0.743
0.968, 2.367, 0.911
0.685, 2.202, 0.77
0.854, 2.202, 0.998
0.666, 1.973, 0.809
2.377, 9.678, 3.393
2.886, 9.678, 3.972
0.764, 1.552, 0.628
0.756, 1.552, 0.614
0.944, 3.611, 0.934
1.929, 3.523, 1.531
0.679, 1.672, 0.558
0.827, 1.409, 0.561
0.624, 1.672, 0.671
2.308, 9.949, 3.261
1.426, 9.949, 2.453
1.647, 9.935, 2.838
1.77, 9.935, 3.37
0.658, 1.293, 0.578
2.151, 7.03, 2.815
1.678, 5.943, 2.538
1.25, 6.191, 2.067
1.597, 6.191, 2.654
1.249, 6.191, 2.068
1.597, 6.191, 2.654
1.248, 6.191, 2.069
1.596, 6.191, 2.655
1.232, 6.206, 2.082
1.573, 6.206, 2.677
1.231, 6.206, 2.083
1.573, 6.206, 2.677
1.244, 6.192, 2.07
1.596, 6.192, 2.655
1.243, 6.192, 2.07
1.596, 6.192, 2.655
1.228, 6.206, 2.084
1.572, 6.206, 2.677
1.472, 5.543, 1.574
1.459, 5.543, 1.65
1.571, 5.505, 1.747
1.065, 2.868, 1.086
0.862, 2.868, 1.237
1.171, 2.868, 1.637
1.643, 7.162, 1.911
1.496, 7.162, 2.124
1.87, 7.151, 2.516
2.615, 7.102, 3.282
1.106, 3.53, 1.039
0.977, 3.53, 1.063
1.111, 3.511, 1.161
1.085, 3.427, 1.147
0.927, 3.427, 1.481
1.276, 3.427, 1.977
1.464, 8.141, 2.028
1.484, 8.141, 2.28
1.922, 8.116, 2.711
2.599, 8.085, 3.787
2.41, 6.462, 2.761
2.287, 6.462, 2.905
1.515, 6.96, 2.338
1.822, 6.96, 2.98
1.501, 6.96, 2.336
1.822, 6.96, 2.981
1.505, 4.802, 1.464
1.461, 4.802, 1.625
1.689, 4.802, 1.918
1.317, 3.255, 1.177
1.233, 3.255, 1.24
1.357, 3.249, 1.399
1.025, 4.452, 1.164
0.943, 4.452, 1.225
1.093, 4.416, 1.419
0.6, 1.278, 0.572
0.909, 3.28, 0.996
0.839, 3.28, 1.042
0.972, 3.252, 1.185
0.664, 2.251, 0.958
1.69, 6.978, 2.268
1.92, 6.978, 2.926
1.574, 6.969, 2.275
1.898, 6.969, 2.935
1.643, 6.072, 2.072
1.512, 6.072, 2.195
1.346, 5.999, 2.171
0.246, 0.117, 0.061
0.949, 3.092, 1.003
0.887, 3.092, 1.026
0.985, 3.065, 1.12
1.034, 2.753, 1.589
0.673, 2.227, 0.835
1.583, 4.87, 1.739
1.713, 4.87, 2.084
3.187, 4.748, 2.592
1.488, 4.61, 1.442
1.464, 4.61, 1.633
1.703, 4.571, 1.905
0.395, 0.553, 0.249
1.241, 4.63, 1.356
1.22, 4.63, 1.536
1.543, 4.6, 1.837
0.392, 0.584, 0.257
1.54, 5.491, 1.466
1.521, 5.491, 1.614
1.863, 5.466, 1.811
1.294, 3.253, 1.292
0.919, 1.483, 0.754
1.312, 6.023, 1.732
1.319, 6.023, 2.027
2.066, 6.004, 2.773
1.729, 16.958, 3.456
0.603, 1.296, 0.616
0.572, 0.86, 0.341
0.542, 0.58, 0.318
1.712, 16.958, 3.742
2.486, 15.839, 5.181
3.638, 15.839, 6.914
2.438, 13.144, 5.307
1.379, 16.958, 3.042
1.404, 16.958, 3.15
2.594, 16.958, 5.841
3.914, 16.958, 7.341
0.85, 2.678, 0.807
0.903, 2.678, 0.835
0.851, 2.503, 0.789
0.71, 2.503, 0.809
0.312, 0.693, 0.269
0.517, 0.52, 0.368
3.069, 6.489, 3.269
2.249, 27.574, 4.306
1.822, 6.997, 2.473
1.273, 2.062, 1.034
2.401, 4.188, 1.814
0.483, 0.86, 0.405
0.475, 0.861, 0.406
1.048, 5.008, 1.59
0.21, 0.258, 0.13
0.912, 4.147, 1.104
0.721, 1.28, 0.599
1.403, 3.862, 1.846
3.077, 17.426, 4.782
0.711, 1.69, 0.753
6.494, 16.891, 7.881
3.17, 17.459, 4.839
0.796, 2.071, 0.916
6.48, 16.924, 7.894
2.85, 17.491, 4.826
0.759, 2.024, 0.896
6.468, 16.956, 7.908
1.53, 5.369, 2.242
0.915, 3.146, 1.504
1.189, 3.087, 1.148
0.98, 3.087, 1.465
1.188, 3.003, 1.114
0.969, 2.992, 1.42
3.025, 28.578, 4.144
2.131, 6.014, 2.673
3.5, 9.196, 4.225
3.237, 10.614, 4.267
1.222, 2.764, 1.005
0.987, 1.9, 0.883
1.92, 11.109, 2.834
1.787, 11.109, 2.874
0.855, 3.86, 1.272
1.282, 3.79, 1.766
4.005, 11.047, 5.12
0.628, 0.803, 0.359
5.234, 28.552, 7.736
3.863, 11.664, 4.605
4.115, 11.194, 6.294
3.938, 20.571, 4.511
2.361, 10.796, 3.498
2.404, 10.796, 4.718
3.307, 5.65, 2.694
4.172, 20.57, 4.651
4.259, 20.57, 4.677
5.262, 20.545, 6.602
3.199, 11.069, 4.577
9.378, 20.053, 8.587
4.107, 16.787, 4.284
6.21, 16.508, 6.564
3.969, 15.449, 4.042
4.572, 13.406, 4.519
5.06, 13.406, 6.02
5.574, 11.468, 4.719
4.431, 15.449, 4.861
4.719, 15.449, 5.03
5.334, 15.435, 5.479
5.619, 14.886, 6.314
6.563, 14.885, 7.941
3.043, 9.75, 2.933
3.57, 9.75, 3.403
2.876, 7.256, 3.143
5.735, 9.57, 4.204
2.618, 7.21, 2.602
2.594, 7.21, 2.863
1.854, 10.974, 2.668
2.194, 10.937, 3.482
3.017, 10.937, 4.559
1.644, 7.627, 2.217
1.705, 7.627, 2.441
1.624, 7.627, 2.563
2.027, 7.627, 3.216
1.802, 12.447, 2.653
1.546, 7.64, 2.426
2.366, 7.64, 3.117
1.904, 12.447, 2.842
2.01, 12.447, 2.949
2.065, 12.447, 3.078
2.23, 12.447, 3.31
1.387, 7.614, 2.42
2.051, 7.613, 3.19
3.673, 12.423, 5.056
1.46, 11.245, 2.288
0.624, 0.999, 0.446
0.613, 2.081, 0.56
0.599, 0.957, 0.363
0.698, 2.059, 0.69
0.809, 2.059, 0.755
0.99, 2.059, 0.84
2.442, 11.225, 3.263
1.725, 3.842, 1.951
1.152, 6.078, 1.669
1.24, 6.078, 1.81
1.029, 2.096, 0.99
1.608, 7.229, 2.533
1.003, 7.227, 2.113
1.735, 7.227, 3.139
2.289, 6.953, 2.944
2.827, 6.953, 3.277
0.98, 22.614, 2.129
0.181, 0.221, 0.113
0.303, 0.617, 0.224
0.322, 0.573, 0.26
0.272, 0.454, 0.238
0.754, 5.369, 1.113
0.548, 2.384, 0.666
0.331, 0.868, 0.301
0.382, 0.868, 0.341
0.218, 0.376, 0.192
0.48, 0.761, 0.288
0.692, 2.319, 0.974
0.628, 4.553, 1.222
0.562, 3.407, 1.111
0.733, 3.391, 1.353
1.419, 3.391, 1.778
0.452, 1.981, 0.714
0.595, 1.966, 0.826
0.924, 1.966, 1.006
0.632, 4.418, 1.313
0.833, 4.409, 1.514
1.243, 4.392, 2.149
0.606, 4.455, 1.307
0.764, 4.446, 1.525
1.247, 4.429, 2.17
0.609, 4.491, 1.318
0.768, 4.482, 1.537
1.256, 4.465, 2.188
0.611, 4.527, 1.328
0.772, 4.518, 1.55
1.265, 4.5, 2.206
0.37, 0.954, 0.291
0.384, 0.907, 0.341
0.147, 0.133, 0.069
1.153, 11.31, 2.317
0.71, 3.434, 0.876
0.685, 3.434, 0.94
0.54, 2.432, 0.761
0.215, 0.346, 0.125
1.456, 3.225, 1.75
1.155, 8.214, 1.855
0.738, 4.717, 1.053
0.754, 4.683, 1.343
0.928, 4.683, 1.564
0.222, 0.388, 0.199
0.511, 0.761, 0.287
0.692, 2.319, 0.974
0.588, 5.075, 1.005
0.438, 3.316, 1.087
0.628, 3.3, 1.326
1.18, 3.3, 1.865
0.452, 1.981, 0.714
0.595, 1.966, 0.826
0.924, 1.966, 1.007
0.452, 1.572, 0.543
0.598, 1.571, 0.576
0.706, 1.568, 0.684
0.421, 1.554, 0.483
0.521, 1.553, 0.527
0.697, 1.55, 0.679
1.16, 7.778, 2.353
1.655, 7.604, 3.025
0.34, 0.355, 0.201
1.684, 11.154, 3.25
0.553, 0.69, 0.276
3.704, 16.3, 7.135
0.659, 4.241, 1.054
0.728, 4.241, 1.236
0.66, 4.241, 1.385
0.771, 5.305, 1.25
0.485, 1.932, 0.525
0.52, 1.856, 0.602
0.984, 6.241, 1.707
0.82, 6.241, 1.448
0.882, 6.241, 1.576
0.676, 2.387, 0.837
0.214, 0.346, 0.124
2.399, 6.011, 3.358
0.956, 6.959, 1.656
0.543, 1.401, 0.433
0.247, 0.041, 0.02
2.283, 10.119, 3.804
0.447, 0.538, 0.254
0.412, 0.938, 0.37
0.504, 0.71, 0.359
3.903, 12.834, 6.109
0.851, 5.188, 1.341
0.742, 5.129, 1.121
0.768, 5.096, 1.472
0.955, 5.096, 1.716
0.224, 0.397, 0.204
0.51, 0.761, 0.287
0.692, 2.318, 0.974
0.552, 4.924, 0.993
0.33, 2.452, 0.803
0.469, 2.439, 0.98
0.881, 2.439, 1.376
0.451, 1.98, 0.714
0.579, 1.965, 0.832
0.923, 1.965, 1.006
0.45, 1.537, 0.536
0.594, 1.536, 0.568
0.698, 1.533, 0.668
1.198, 8.525, 1.868
0.941, 8.525, 1.828
0.601, 3.84, 1.115
0.753, 3.84, 1.295
0.224, 0.394, 0.202
0.479, 0.761, 0.288
0.692, 2.317, 0.973
0.767, 9.143, 1.908
0.158, 0.811, 0.26
0.21, 0.81, 0.313
0.362, 0.81, 0.418
0.45, 1.98, 0.712
0.578, 1.965, 0.83
0.921, 1.965, 1.004
1.459, 4.163, 1.473
1.131, 3.281, 1.519
0.666, 6.893, 1.327
0.16, 0.797, 0.266
0.217, 0.796, 0.317
0.392, 0.796, 0.4
0.448, 1.978, 0.71
0.576, 1.963, 0.828
0.918, 1.963, 1.001
0.451, 1.521, 0.534
0.594, 1.52, 0.566
0.694, 1.517, 0.661
1.793, 4.831, 2.784
4.821, 13.998, 6.459
0.974, 6.895, 1.655
0.804, 5.506, 1.284
0.568, 3.263, 0.942
0.698, 3.263, 1.092
0.223, 0.392, 0.201
0.479, 0.761, 0.288
0.691, 2.316, 0.973
1.164, 14.199, 2.631
0.318, 2.33, 0.762
0.449, 2.317, 0.93
0.84, 2.317, 1.306
0.447, 1.978, 0.709
0.575, 1.963, 0.827
0.917, 1.963, 1.0
1.682, 14.197, 3.702
2.116, 14.145, 4.105
2.982, 14.131, 5.05
4.297, 14.131, 6.724
1.432, 14.191, 2.215
0.565, 1.967, 0.578
0.376, 0.424, 0.207
0.49, 1.424, 0.432
1.908, 13.109, 4.297
1.514, 13.787, 3.935
2.69, 13.787, 5.543
2.226, 12.265, 3.636
0.427, 0.465, 0.206
2.167, 12.543, 3.64
0.413, 0.423, 0.187
1.83, 12.857, 2.932
2.135, 8.233, 2.813
2.15, 8.233, 3.54
3.185, 4.51, 2.502
1.781, 12.821, 3.028
1.825, 12.821, 3.077
1.905, 8.072, 2.746
2.678, 8.053, 3.63
0.36, 0.526, 0.259
1.562, 5.829, 2.249
2.171, 12.231, 4.486
2.774, 12.231, 5.347
1.656, 12.821, 3.054
1.496, 8.014, 2.448
2.57, 8.007, 3.298
0.252, 0.381, 0.165
0.55, 1.759, 0.677
2.115, 12.794, 4.748
2.787, 12.794, 5.642
2.374, 13.538, 3.55
3.497, 13.441, 5.694
1.869, 10.915, 2.997
2.034, 10.872, 3.303
2.662, 10.872, 3.765
3.593, 10.802, 4.726
1.88, 13.685, 3.11
3.478, 13.605, 5.769
1.287, 8.678, 2.118
1.333, 8.645, 2.306
1.739, 8.645, 2.648
2.369, 8.592, 3.348
1.212, 14.187, 1.857
1.387, 6.707, 2.066
1.672, 6.707, 2.85
1.369, 2.883, 1.514
1.185, 14.148, 1.831
1.184, 14.148, 1.835
1.019, 5.017, 1.462
1.38, 5.017, 2.111
0.945, 1.551, 0.753
1.193, 14.148, 1.858
2.333, 13.437, 4.592
4.173, 13.437, 6.335
0.659, 1.488, 0.524
0.776, 1.488, 0.687
0.646, 1.773, 0.59
0.794, 1.773, 0.797
0.579, 3.225, 0.739
0.643, 3.225, 0.837
0.675, 3.225, 0.908
0.417, 0.817, 0.323
0.465, 0.779, 0.394
0.463, 1.138, 0.349
0.65, 1.138, 0.513
1.241, 9.3, 1.943
1.389, 9.3, 2.123
1.763, 9.3, 2.631
3.023, 9.3, 4.282
0.668, 1.213, 0.588
1.104, 1.954, 0.92
0.685, 2.481, 0.712
0.874, 1.999, 0.787
0.613, 2.481, 0.764
0.219, 0.185, 0.077
1.566, 8.444, 2.088
1.603, 8.408, 1.959
3.347, 8.401, 3.29
1.005, 2.712, 0.902
1.275, 2.712, 1.225
1.015, 2.055, 0.88
1.342, 7.825, 2.519
0.194, 0.201, 0.078
1.122, 8.656, 1.664
1.023, 2.986, 1.001
1.459, 2.473, 1.055
0.958, 2.986, 1.082
1.02, 2.986, 1.385
0.988, 2.717, 1.108
1.326, 8.656, 2.794
0.192, 0.201, 0.079
1.397, 14.148, 2.049
1.36, 14.148, 2.007
1.554, 14.137, 2.397
1.936, 14.114, 3.183
3.585, 14.114, 6.051
1.264, 4.407, 1.467
1.791, 4.407, 1.968
1.154, 3.735, 1.566
1.299, 8.016, 1.823
2.42, 7.993, 3.282
0.964, 5.609, 1.357
2.062, 5.594, 2.327
0.613, 2.052, 0.692
0.812, 2.052, 0.929
0.628, 1.776, 0.725
0.951, 2.541, 0.927
1.534, 2.506, 1.258
0.714, 2.393, 0.743
0.968, 2.367, 0.911
0.685, 2.202, 0.77
0.854, 2.202, 0.998
0.666, 1.973, 0.809
2.377, 9.678, 3.393
2.886, 9.678, 3.972
0.764, 1.552, 0.628
0.756, 1.552, 0.614
0.944, 3.611, 0.934
1.929, 3.523, 1.531
0.679, 1.672, 0.558
0.827, 1.409, 0.561
0.624, 1.672, 0.671
2.308, 9.949, 3.261
1.426, 9.949, 2.453
1.647, 9.935, 2.838
1.77, 9.935, 3.37
0.658, 1.293, 0.578
2.151, 7.03, 2.815
1.678, 5.943, 2.538
1.25, 6.191, 2.067
1.597, 6.191, 2.654
1.249, 6.191, 2.068
1.597, 6.191, 2.654
1.248, 6.191, 2.069
1.596, 6.191, 2.655
1.232, 6.206, 2.082
1.573, 6.206, 2.677
1.231, 6.206, 2.083
1.573, 6.206, 2.677
1.244, 6.192, 2.07
1.596, 6.192, 2.655
1.243, 6.192, 2.07
1.596, 6.192, 2.655
1.228, 6.206, 2.084
1.572, 6.206, 2.677
1.472, 5.543, 1.574
1.459, 5.543, 1.65
1.571, 5.505, 1.747
1.065, 2.868, 1.086
0.862, 2.868, 1.237
1.171, 2.868, 1.637
1.643, 7.162, 1.911
1.496, 7.162, 2.124
1.87, 7.151, 2.516
2.615, 7.102, 3.282
1.106, 3.53, 1.039
0.977, 3.53, 1.063
1.111, 3.511, 1.161
1.085, 3.427, 1.147
0.927, 3.427, 1.481
1.276, 3.427, 1.977
1.464, 8.141, 2.028
1.484, 8.141, 2.28
1.922, 8.116, 2.711
2.599, 8.085, 3.787
2.41, 6.462, 2.761
2.287, 6.462, 2.905
1.515, 6.96, 2.338
1.822, 6.96, 2.98
1.501, 6.96, 2.336
1.822, 6.96, 2.981
1.505, 4.802, 1.464
1.461, 4.802, 1.625
1.689, 4.802, 1.918
1.317, 3.255, 1.177
1.233, 3.255, 1.24
1.357, 3.249, 1.399
1.025, 4.452, 1.164
0.943, 4.452, 1.225
1.093, 4.416, 1.419
0.6, 1.278, 0.572
0.909, 3.28, 0.996
0.839, 3.28, 1.042
0.972, 3.252, 1.185
0.664, 2.251, 0.958
1.69, 6.978, 2.268
1.92, 6.978, 2.926
1.574, 6.969, 2.275
1.898, 6.969, 2.935
1.643, 6.072, 2.072
1.512, 6.072, 2.195
1.346, 5.999, 2.171
0.246, 0.117, 0.061
0.949, 3.092, 1.003
0.887, 3.092, 1.026
0.985, 3.065, 1.12
1.034, 2.753, 1.589
0.673, 2.227, 0.835
1.583, 4.87, 1.739
1.713, 4.87, 2.084
3.187, 4.748, 2.592
1.488, 4.61, 1.442
1.464, 4.61, 1.633
1.703, 4.571, 1.905
0.395, 0.553, 0.249
1.241, 4.63, 1.356
1.22, 4.63, 1.536
1.543, 4.6, 1.837
0.392, 0.584, 0.257
1.54, 5.491, 1.466
1.521, 5.491, 1.614
1.863, 5.466, 1.811
1.294, 3.253, 1.292
0.919, 1.483, 0.754
1.312, 6.023, 1.732
1.319, 6.023, 2.027
2.066, 6.004, 2.773
1.776, 14.983, 2.97
1.358, 5.755, 1.927
0.276, 0.213, 0.082
1.341, 8.78, 2.564
0.508, 1.324, 0.542
1.434, 9.528, 2.73
0.859, 3.208, 1.268
1.643, 14.983, 2.816
1.518, 14.983, 2.64
1.113, 5.36, 1.253
1.103, 5.345, 1.233
1.255, 5.245, 1.457
0.843, 1.389, 0.692
1.753, 5.245, 1.94
0.733, 1.988, 0.621
0.578, 1.072, 0.498
0.907, 1.958, 0.788
6.458, 13.172, 7.202
1.375, 18.74, 2.507
1.319, 15.805, 2.292
0.389, 1.069, 0.359
0.494, 1.069, 0.507
0.292, 0.125, 0.069
1.358, 15.805, 2.336
1.363, 15.805, 2.343
1.189, 8.539, 2.138
0.371, 0.792, 0.227
0.406, 0.73, 0.244
0.377, 0.396, 0.21
1.286, 15.792, 3.084
2.463, 15.792, 5.432
3.425, 15.792, 6.938
0.651, 1.794, 0.57
0.598, 1.542, 0.473
0.565, 1.542, 0.533
0.564, 1.493, 0.508
0.828, 1.461, 0.742
0.924, 5.823, 1.563
0.231, 0.472, 0.149
0.205, 0.335, 0.103
0.204, 0.171, 0.086
1.382, 14.343, 2.21
0.805, 2.707, 1.149
0.646, 2.557, 1.089
1.424, 14.336, 2.264
0.408, 1.004, 0.314
0.342, 0.874, 0.282
0.363, 0.858, 0.308
0.512, 0.842, 0.421
2.119, 5.897, 2.436
0.717, 3.488, 0.806
0.777, 3.488, 0.88
0.752, 3.488, 1.065
0.514, 0.958, 0.491
1.4, 3.464, 1.901
0.84, 1.793, 0.668
1.157, 1.773, 0.925
0.99, 2.615, 1.194
0.91, 5.314, 1.334
0.523, 1.594, 0.497
0.574, 1.594, 0.56
0.935, 1.5, 0.758
1.919, 14.336, 2.764
1.932, 9.715, 2.379
2.214, 9.694, 2.722
2.549, 9.694, 3.1
2.622, 4.774, 2.403
0.94, 2.306, 1.281
1.862, 7.851, 2.296
1.52, 5.401, 1.663
1.329, 5.401, 1.701
0.993, 1.773, 0.888
0.58, 1.334, 0.711
1.838, 14.336, 2.826
1.78, 14.318, 2.817
1.914, 14.318, 2.935
2.049, 14.318, 3.416
2.322, 14.318, 3.69
1.903, 8.761, 2.479
2.435, 8.761, 2.721
2.956, 8.754, 3.238
2.906, 4.8, 2.497
1.857, 5.22, 2.096
2.688, 5.199, 2.6
0.492, 1.068, 0.561
3.115, 11.36, 4.903
1.692, 12.248, 2.973
3.229, 12.183, 6.031
1.417, 9.883, 2.338
1.425, 9.883, 2.581
1.606, 9.806, 3.212
2.649, 9.74, 4.19
1.876, 4.448, 2.028
3.535, 27.453, 5.53
2.342, 3.133, 1.494
0.275, 0.255, 0.12
1.463, 3.097, 1.384
0.485, 0.88, 0.41
0.483, 0.88, 0.41
4.46, 14.186, 4.242
6.178, 13.862, 5.847
0.867, 3.807, 1.072
0.317, 0.613, 0.209
0.357, 0.613, 0.24
4.483, 23.537, 6.333
4.664, 23.537, 6.444
3.137, 23.535, 5.933
3.81, 23.535, 6.481
0.858, 2.403, 1.124
0.28, 0.306, 0.17
0.767, 1.122, 0.615
9.352, 23.391, 9.045
6.457, 23.182, 6.906
5.724, 13.711, 5.006
5.387, 13.711, 4.941
8.529, 13.469, 7.016
7.284, 17.891, 6.729
8.679, 14.132, 5.67
2.11, 14.412, 3.671
2.094, 14.382, 3.921
2.574, 14.382, 4.271
2.945, 14.382, 4.812
4.169, 14.348, 5.575
7.313, 13.33, 6.668
9.978, 13.297, 6.706
1.631, 10.97, 2.579
0.44, 0.715, 0.278
1.44, 10.64, 2.563
1.274, 10.306, 2.203
0.825, 1.379, 0.727
1.463, 5.19, 1.947
2.472, 5.089, 2.099
0.666, 2.919, 1.065
1.124, 2.919, 1.272
2.445, 10.202, 4.039
2.264, 8.979, 2.833
1.088, 2.678, 1.483
1.347, 10.951, 2.295
3.228, 9.452, 4.425
1.096, 10.951, 1.956
1.029, 10.951, 1.943
0.773, 3.504, 1.003
0.904, 3.504, 1.135
1.011, 3.504, 1.395
1.158, 10.931, 2.528
1.32, 10.884, 2.754
0.495, 1.514, 0.469
0.288, 0.265, 0.138
0.498, 0.971, 0.546
3.276, 6.929, 3.544
1.46, 10.7, 2.179
0.491, 0.636, 0.268
1.454, 3.316, 1.422
1.015, 2.665, 0.933
0.966, 1.593, 0.803
1.538, 10.7, 2.339
1.859, 10.117, 3.494
2.654, 10.112, 4.364
1.528, 10.691, 2.15
1.78, 5.844, 1.785
1.607, 5.819, 2.271
1.519, 6.687, 2.625
1.015, 3.713, 1.083
1.101, 3.713, 1.272
0.56, 1.396, 0.529
2.646, 10.56, 4.029
1.19, 12.209, 2.038
0.411, 0.601, 0.287
0.844, 3.481, 1.048
0.788, 3.413, 1.055
0.69, 3.117, 0.863
0.403, 0.66, 0.226
1.39, 4.069, 1.691
1.007, 4.069, 1.541
1.16, 3.913, 1.904
0.554, 0.636, 0.319
2.218, 22.611, 4.716
0.286, 0.33, 0.178
0.889, 3.641, 1.457
1.92, 13.587, 4.392
3.616, 13.56, 6.662
2.454, 12.532, 3.549
3.864, 12.532, 5.868
1.756, 5.206, 2.407
1.303, 6.568, 1.727
0.266, 0.506, 0.253
1.069, 3.261, 1.541
1.123, 2.439, 1.039
0.994, 1.963, 0.932
1.413, 7.229, 2.234
1.165, 7.151, 2.175
2.15, 7.149, 3.087
1.48, 6.401, 2.124
1.791, 6.401, 2.419
0.741, 19.816, 1.852
0.183, 0.219, 0.111
0.414, 2.278, 0.556
0.432, 2.278, 0.646
0.537, 2.278, 0.805
0.238, 0.499, 0.268
0.255, 1.148, 0.308
0.299, 1.148, 0.409
0.161, 0.343, 0.189
0.743, 3.859, 1.116
1.024, 3.819, 1.901
0.523, 1.419, 0.656
0.785, 5.015, 1.297
1.045, 4.979, 1.756
1.62, 4.924, 2.072
0.439, 0.889, 0.44
0.798, 2.773, 0.989
0.42, 1.097, 0.471
0.451, 0.936, 0.521
0.786, 2.892, 0.991
1.035, 2.889, 1.23
1.742, 2.855, 1.212
0.36, 0.78, 0.361
0.56, 1.69, 0.541
0.533, 1.69, 0.696
0.671, 3.221, 0.95
0.917, 3.221, 1.571
0.708, 1.505, 0.755
0.636, 1.604, 0.637
0.468, 2.133, 0.59
0.741, 2.129, 0.897
0.363, 0.937, 0.434
1.092, 15.885, 2.772
2.096, 4.294, 2.064
0.671, 1.804, 0.859
0.52, 2.294, 0.727
0.402, 1.141, 0.479
0.84, 14.862, 2.329
1.427, 14.86, 3.554
0.733, 1.884, 0.889
2.106, 14.849, 4.861
0.185, 0.17, 0.079
0.431, 1.601, 0.485
0.396, 1.392, 0.456
0.405, 1.392, 0.594
0.481, 1.599, 0.565
0.326, 1.12, 0.482
0.768, 1.57, 0.761
1.499, 12.885, 2.209
0.324, 0.314, 0.149
1.426, 2.727, 1.353
1.969, 5.588, 2.516
1.118, 3.772, 1.358
0.506, 1.082, 0.507
0.956, 2.285, 0.756
0.757, 1.627, 0.612
1.427, 8.335, 2.545
2.054, 8.335, 3.596
2.022, 10.605, 3.21
0.793, 1.335, 0.65
1.485, 12.885, 2.265
1.225, 5.836, 2.012
1.635, 5.836, 2.518
1.528, 12.876, 2.383
1.056, 3.334, 1.209
0.876, 3.334, 1.403
1.786, 12.875, 2.713
1.512, 8.439, 2.09
1.489, 3.428, 1.541
1.654, 8.439, 2.818
0.802, 1.574, 0.79
2.355, 12.827, 3.813
2.604, 12.827, 4.275
0.475, 1.008, 0.574
2.316, 8.206, 2.602
2.225, 8.206, 2.686
3.431, 8.206, 3.912
1.059, 8.272, 1.602
1.729, 8.272, 2.879
2.292, 8.272, 3.567
0.927, 5.302, 1.167
0.988, 3.323, 1.1
0.679, 2.969, 0.963
0.825, 2.969, 1.302
0.931, 5.246, 1.307
0.458, 1.046, 0.355
4.149, 10.528, 5.701
2.711, 23.963, 4.153
0.337, 0.567, 0.287
3.386, 8.686, 3.317
2.681, 23.945, 4.46
1.644, 8.391, 2.69
0.498, 0.895, 0.464
2.968, 23.945, 4.888
0.587, 1.482, 0.452
0.545, 0.409, 0.211
3.909, 23.945, 5.576
1.853, 4.761, 2.187
4.643, 23.945, 6.131
4.882, 23.945, 6.388
5.874, 23.945, 6.919
1.538, 2.147, 1.214
0.162, 0.324, 0.18
8.944, 22.727, 8.238
2.282, 11.089, 3.572
0.69, 1.344, 0.621
1.598, 22.595, 3.707
0.337, 0.068, 0.036
0.868, 3.645, 1.471
0.774, 2.918, 0.845
0.867, 1.299, 0.653
0.531, 0.809, 0.36
1.391, 3.615, 1.385
1.471, 3.177, 1.556
1.882, 11.832, 3.468
3.627, 11.832, 5.547
1.59, 5.205, 2.499
1.426, 14.965, 2.671
0.58, 1.352, 0.502
0.929, 1.078, 0.45
0.704, 1.181, 0.498
0.769, 2.683, 0.809
0.611, 0.858, 0.349
1.599, 14.902, 3.455
0.71, 2.024, 0.865
2.222, 14.862, 4.345
2.612, 14.862, 4.759
1.057, 2.942, 1.231
2.751, 10.992, 4.262
1.471, 11.386, 3.214
0.424, 0.495, 0.192
2.014, 10.453, 4.183
0.492, 0.962, 0.372
1.111, 6.95, 1.942
0.446, 0.51, 0.205
1.939, 8.576, 2.941
2.473, 8.562, 3.256
3.371, 8.553, 4.039
1.108, 17.404, 2.744
0.395, 0.585, 0.267
0.473, 0.871, 0.407
2.346, 8.403, 3.523
0.353, 0.386, 0.203
0.443, 1.344, 0.402
0.524, 1.344, 0.57
0.666, 1.805, 0.576
0.402, 0.845, 0.27
0.284, 0.289, 0.145
1.528, 11.474, 3.361
0.338, 0.52, 0.203
2.869, 12.168, 5.297
0.422, 1.736, 0.377
0.413, 1.736, 0.412
0.305, 0.583, 0.172
0.33, 0.51, 0.223
1.376, 17.404, 3.709
0.406, 1.848, 0.477
0.425, 1.824, 0.571
0.252, 0.237, 0.088
0.293, 0.413, 0.292
1.616, 17.399, 4.614
0.481, 2.791, 0.89
0.169, 0.229, 0.086
0.217, 0.261, 0.184
1.624, 17.404, 4.613
0.478, 2.791, 0.892
0.165, 0.22, 0.083
0.293, 0.412, 0.291
2.91, 10.936, 4.473
4.255, 10.895, 5.108
0.592, 1.559, 0.574
0.536, 0.646, 0.334
0.792, 19.816, 2.258
0.205, 0.197, 0.112
0.408, 2.265, 0.552
0.424, 2.265, 0.643
0.533, 2.265, 0.8
0.234, 0.491, 0.264
0.253, 1.147, 0.308
0.298, 1.147, 0.408
0.159, 0.335, 0.185
0.773, 4.825, 1.222
1.012, 4.789, 1.677
1.57, 4.743, 1.971
0.436, 0.878, 0.435
0.735, 3.369, 1.091
0.906, 3.329, 1.653
0.491, 1.301, 0.6
1.304, 3.662, 1.675
0.436, 1.782, 0.506
0.666, 1.778, 0.756
0.343, 0.86, 0.397
1.105, 14.066, 1.75
0.707, 1.703, 0.781
0.132, 0.251, 0.115
0.97, 3.585, 1.064
1.423, 3.516, 1.53
0.682, 1.622, 0.65
0.532, 1.244, 0.518
1.636, 0.01, 0.007
0.799, 2.455, 0.792
0.667, 1.928, 0.696
0.692, 1.927, 0.711
0.739, 1.927, 0.766
0.74, 1.927, 0.836
0.685, 1.828, 1.02
0.718, 2.565, 0.749
0.376, 0.863, 0.3
0.334, 0.436, 0.219
1.444, 9.38, 3.043
0.714, 0.713, 0.385
1.023, 2.368, 1.084
0.66, 1.812, 0.659
0.721, 1.812, 0.765
1.015, 1.812, 0.858
1.163, 13.454, 1.696
2.395, 7.504, 3.03
0.977, 3.359, 0.853
0.918, 1.945, 0.807
0.928, 3.338, 0.874
0.974, 3.338, 0.944
1.087, 3.333, 1.038
1.217, 3.333, 1.485
1.046, 2.74, 0.96
1.136, 13.454, 1.795
2.282, 4.356, 1.792
1.05, 4.6, 1.048
1.07, 2.831, 1.159
0.897, 2.927, 0.8
0.934, 2.927, 0.851
1.034, 2.922, 0.928
1.099, 2.922, 1.29
1.384, 4.6, 1.655
1.059, 13.454, 2.038
1.041, 2.594, 1.176
0.818, 2.781, 0.84
0.964, 2.781, 0.964
1.195, 2.764, 1.063
1.095, 5.526, 1.785
0.657, 2.647, 1.035
1.254, 13.454, 2.89
1.305, 8.645, 2.657
0.584, 1.827, 0.664
0.477, 1.373, 0.388
0.446, 1.279, 0.397
0.387, 0.518, 0.201
0.313, 0.407, 0.169
0.921, 2.612, 1.0
3.663, 23.558, 4.733
0.589, 1.249, 0.641
3.837, 6.551, 2.76
2.016, 4.9, 2.084
1.562, 5.906, 1.978
0.804, 1.619, 0.649
1.858, 3.905, 1.396
7.049, 8.99, 2.871
8.062, 5.864, 2.28
1.181, 11.54, 1.827
0.135, 0.193, 0.107
0.133, 0.252, 0.116
1.341, 6.235, 1.823
0.59, 1.124, 0.488
1.762, 9.332, 2.785
2.054, 9.326, 4.128
1.81, 8.664, 2.57
2.286, 8.664, 2.83
3.763, 8.657, 3.695
0.638, 1.064, 0.478
0.303, 0.078, 0.055
1.24, 5.395, 1.475
2.287, 5.326, 2.24
0.716, 1.762, 0.7
0.565, 1.516, 0.586
1.706, 0.148, 0.105
1.18, 8.567, 1.801
0.723, 1.94, 0.693
0.718, 1.939, 0.717
0.745, 1.939, 0.772
0.744, 1.939, 0.841
0.69, 1.838, 1.025
1.293, 5.491, 1.539
0.682, 1.677, 0.638
0.713, 1.114, 0.557
0.485, 1.66, 0.572
0.133, 0.091, 0.047
2.267, 7.587, 2.949
1.248, 5.357, 1.551
0.959, 2.655, 1.005
1.34, 2.655, 1.13
1.003, 11.49, 1.475
0.842, 3.893, 1.025
0.64, 1.59, 0.676
0.93, 1.456, 0.771
0.127, 0.216, 0.109
1.145, 11.458, 2.116
2.003, 11.447, 3.115
3.979, 11.447, 5.124
1.121, 2.727, 1.017
0.742, 7.848, 1.476
1.466, 7.744, 2.44
0.676, 2.611, 1.029
0.377, 1.035, 0.336
0.356, 0.98, 0.304
0.384, 0.575, 0.247
0.348, 0.631, 0.277
0.947, 3.197, 0.838
0.67, 1.845, 0.673
0.781, 1.845, 0.816
0.953, 2.697, 0.834
1.493, 2.697, 1.044
0.797, 2.599, 0.806
0.948, 2.599, 0.924
1.17, 2.581, 1.011
0.739, 1.449, 0.644
1.273, 3.193, 1.066
1.18, 3.193, 1.15
0.812, 2.905, 0.907
0.801, 1.572, 0.85
0.381, 1.111, 0.434
3.964, 27.579, 4.879
3.599, 8.666, 3.957
6.249, 26.747, 8.244
3.742, 3.121, 1.747
4.784, 25.554, 5.555
3.579, 11.827, 4.069
3.544, 8.554, 3.145
5.084, 25.554, 5.838
5.206, 25.554, 5.916
6.038, 25.554, 8.35
4.682, 19.703, 8.478
7.726, 23.934, 10.086
5.048, 23.905, 5.182
5.264, 23.905, 5.241
6.2, 13.047, 5.722
5.479, 23.905, 5.815
5.27, 23.905, 6.216
4.469, 13.498, 4.083
5.631, 12.959, 5.068
7.116, 14.625, 5.918
4.726, 8.77, 4.019
5.72, 8.77, 4.439
2.855, 12.861, 3.512
4.016, 12.2, 3.861
4.447, 11.958, 4.442
6.649, 10.452, 5.215
4.092, 12.029, 3.993
4.307, 7.854, 3.358
4.037, 7.854, 3.927
2.333, 12.861, 3.292
2.395, 12.861, 3.352
1.941, 11.917, 3.358
2.745, 11.917, 5.177
1.737, 3.22, 1.489
2.594, 12.816, 3.475
2.744, 12.816, 3.545
5.537, 12.655, 5.4
2.231, 9.853, 2.964
2.895, 9.827, 3.374
3.834, 9.827, 3.817
4.962, 7.944, 3.578
0.837, 2.328, 1.01
8.148, 10.83, 5.416
