1,2
1,3
1,4
4,5
4,8
5,6
6,7
8,9
8,10
8,11
8,24
11,12
12,13
12,19
13,14
13,15
13,16
13,17
13,18
19,20
19,21
19,22
19,23
24,25
24,26
24,29
26,27
27,28
29,30
29,32
30,31
32,33
34,35
34,36
34,38
34,40
34,54
36,37
38,39
40,41
41,42
41,50
42,43
42,44
42,45
42,46
42,47
42,49
47,48
50,51
50,52
50,53
55,56
57,58
57,59
57,61
57,76
59,60
61,62
61,63
63,64
63,72
64,65
64,66
64,67
64,68
64,69
64,71
69,70
72,73
72,74
72,75
77,78
77,80
77,81
78,79
81,82
81,83
83,84
83,88
84,85
84,86
84,87
88,89
88,90
88,91
92,93
92,94
92,95
92,100
95,96
95,97
97,98
98,99
100,101
100,103
101,102
103,104
104,105
104,122
105,106
105,107
105,108
105,109
105,110
105,115
110,111
110,112
112,113
113,114
115,116
115,117
115,120
117,118
118,119
120,121
122,123
122,124
122,125
126,127
126,128
126,129
126,130
130,131
131,132
133,134
133,135
133,136
133,137
133,138
138,139
139,140
141,142
141,143
141,147
143,144
143,145
145,146
147,148
147,150
147,162
148,149
150,151
151,152
151,158
152,153
152,154
152,155
152,156
152,157
158,159
158,160
158,161
163,164
163,165
163,166
163,167
163,168
163,169
169,170
170,171
171,172
172,173
175,176
175,177
175,178
178,179
179,180
180,181
180,186
181,182
181,183
181,184
181,185
186,187
186,188
186,189
186,190
190,191
190,192
190,193
194,195
194,196
197,198
197,199
200,201
200,202
200,203
200,206
200,209
200,216
203,204
204,205
206,207
207,208
209,210
210,211
210,214
211,212
212,213
214,215
216,217
217,218
217,220
217,224
217,226
218,219
220,221
221,222
221,223
224,225
226,227
227,228
227,245
228,229
228,230
228,231
228,243
231,232
231,233
233,234
233,236
233,240
234,235
236,237
237,238
238,239
240,241
241,242
243,244
245,246
245,247
245,248
248,249
250,251
250,252
250,260
252,253
252,257
253,254
253,255
253,256
257,258
257,259
261,262
261,263
261,264
261,267
261,269
261,270
261,271
261,273
261,291
264,265
265,266
267,268
271,272
273,274
274,275
274,286
275,276
275,277
275,278
275,279
275,282
275,285
279,280
280,281
282,283
282,284
286,287
286,288
286,289
289,290
292,293
292,294
292,295
292,300
295,296
295,297
297,298
298,299
300,301
301,302
301,304
301,315
302,303
304,305
305,306
306,307
306,308
306,309
309,310
310,311
310,313
311,312
313,314
315,316
317,318
317,321
318,319
319,320
321,322
322,323
323,324
323,325
323,326
323,327
323,328
323,329
323,330
330,331
330,332
330,333
333,334
334,335
334,336
334,337
338,339
338,340
338,342
338,344
338,349
338,370
340,341
342,343
344,345
345,346
345,347
345,348
349,350
350,351
350,365
351,352
351,353
351,354
351,355
351,357
351,361
351,364
355,356
357,358
358,359
358,360
361,362
361,363
365,366
365,367
365,368
368,369
371,372
371,373
373,374
375,376
375,377
375,378
375,379
375,380
375,382
375,383
375,384
375,385
375,386
375,387
380,381
387,388
388,389
390,391
390,392
390,393
390,394
394,395
396,397
396,398
396,400
396,402
396,404
396,406
396,408
398,399
400,401
402,403
404,405
406,407
408,409
410,411
410,412
410,414
410,415
410,416
410,418
410,421
412,413
416,417
418,419
419,420
421,422
422,423
422,424
425,426
425,427
427,428
428,429
428,433
429,430
429,431
429,432
433,434
433,435
433,436
437,438
437,439
437,440
437,441
441,442
442,443
444,445
444,446
444,447
444,448
448,449
448,453
448,459
449,450
449,451
451,452
453,454
453,455
455,456
456,457
457,458
459,460
459,461
459,463
459,465
459,466
461,462
463,464
466,467
468,469
468,470
468,471
468,472
472,473
473,474
474,475
475,476
477,478
478,479
480,481
480,482
480,483
480,484
480,489
480,494
484,485
484,486
486,487
487,488
489,490
489,491
491,492
492,493
494,495
495,496
495,498
495,515
495,517
495,518
496,497
498,499
499,500
500,501
500,502
500,503
500,514
503,504
503,506
504,505
506,507
506,510
506,511
507,508
508,509
511,512
512,513
515,516
519,520
519,521
519,522
519,526
522,523
523,524
524,525
526,527
528,529
528,530
528,532
528,546
530,531
532,533
532,534
534,535
534,542
535,536
535,537
535,538
535,539
535,541
539,540
542,543
542,544
542,545
547,548
547,552
548,549
549,550
549,551
552,553
552,555
552,565
553,554
555,556
555,559
555,563
555,564
556,557
557,558
559,560
560,561
560,562
565,566
567,568
567,569
567,571
567,583
569,570
571,572
572,573
572,579
573,574
573,575
573,576
573,578
576,577
579,580
579,581
579,582
584,585
584,586
584,588
586,587
588,589
590,591
590,592
590,593
590,594
594,595
595,596
596,597
597,598
599,600
599,601
599,602
599,607
602,603
602,604
604,605
605,606
607,608
607,610
608,609
610,611
611,612
611,631
612,613
612,614
612,615
612,616
612,617
612,630
617,618
617,619
619,620
619,622
620,621
622,623
622,627
623,624
623,625
625,626
627,628
628,629
631,632
631,633
631,634
635,636
635,637
637,638
638,639
638,657
639,640
639,641
639,642
642,643
642,644
642,653
644,645
644,648
644,650
644,652
645,646
646,647
648,649
650,651
653,654
654,655
655,656
657,658
657,659
657,660
660,661
661,662
663,664
663,665
663,667
663,669
663,671
663,673
663,675
663,677
663,679
663,681
663,683
663,686
663,689
663,691
663,695
663,697
663,700
663,702
663,705
663,708
663,710
663,713
663,716
663,719
663,722
663,724
663,730
663,732
663,734
663,736
663,738
663,740
663,743
663,745
663,747
663,750
663,752
663,755
663,757
663,759
663,761
663,764
663,766
663,769
663,771
665,666
667,668
669,670
671,672
673,674
675,676
677,678
679,680
681,682
683,684
684,685
686,687
687,688
689,690
691,692
692,693
692,694
695,696
697,698
698,699
700,701
702,703
703,704
705,706
706,707
708,709
710,711
711,712
713,714
714,715
716,717
717,718
719,720
720,721
722,723
724,725
725,726
726,727
727,728
727,729
730,731
732,733
734,735
736,737
738,739
740,741
741,742
743,744
745,746
747,748
748,749
750,751
752,753
753,754
755,756
757,758
759,760
761,762
762,763
764,765
766,767
767,768
769,770
771,772
772,773
774,775
774,776
774,777
774,782
777,778
777,779
779,780
780,781
782,783
783,784
783,786
783,793
783,795
784,785
786,787
787,788
788,789
788,790
788,791
791,792
793,794
796,797
796,798
796,799
796,804
799,800
799,801
801,802
802,803
804,805
804,807
805,806
807,808
808,809
808,815
809,810
809,811
809,812
809,813
813,814
815,816
815,817
815,818
819,820
819,821
819,822
819,823
823,824
824,825
825,826
826,827
828,829
828,830
830,831
831,832
833,834
833,835
833,840
833,842
835,836
835,837
837,838
838,839
840,841
842,843
844,845
844,846
844,847
844,848
844,853
844,858
844,860
844,862
848,849
848,850
850,851
851,852
853,854
853,855
855,856
856,857
858,859
860,861
862,863
863,864
863,866
863,868
863,874
863,880
863,881
863,882
864,865
866,867
868,869
869,870
870,871
870,872
870,873
874,875
875,876
876,877
876,878
876,879
883,884
883,885
883,886
883,887
883,888
883,893
883,898
883,900
888,889
888,890
890,891
891,892
893,894
893,895
895,896
896,897
898,899
900,901
901,902
901,904
901,915
902,903
904,905
905,906
906,907
906,908
906,909
909,910
910,911
910,913
911,912
913,914
915,916
917,918
917,919
917,920
917,921
921,922
923,924
923,925
923,926
923,927
923,932
923,937
923,939
927,928
927,929
929,930
930,931
932,933
932,934
934,935
935,936
937,938
939,940
940,941
940,943
940,945
940,958
940,959
940,960
941,942
943,944
945,946
946,947
947,948
947,949
947,950
947,957
950,951
950,952
952,953
952,954
954,955
955,956
961,962
961,963
961,964
961,969
961,971
961,972
961,976
961,980
964,965
964,966
966,967
967,968
969,970
972,973
972,974
974,975
976,977
976,978
978,979
980,981
980,983
980,1000
981,982
983,984
984,985
984,996
985,986
985,987
985,988
985,989
985,990
985,995
990,991
990,992
992,993
993,994
996,997
996,998
996,999
1001,1002
1001,1003
1001,1004
1001,1005
1005,1006
1006,1007
1007,1008
1008,1009
1010,1011
1010,1012
1010,1014
1010,1027
1012,1013
1014,1015
1015,1016
1015,1023
1016,1017
1016,1018
1016,1019
1016,1020
1016,1022
1020,1021
1023,1024
1023,1025
1023,1026
1028,1029
1028,1030
1028,1031
1028,1036
1028,1042
1031,1032
1031,1033
1033,1034
1034,1035
1036,1037
1036,1039
1037,1038
1039,1040
1040,1041
1042,1043
1043,1044
1043,1046
1043,1048
1043,1050
1043,1051
1043,1053
1044,1045
1046,1047
1048,1049
1051,1052
1054,1055
1054,1056
1054,1057
1054,1062
1054,1067
1057,1058
1057,1059
1059,1060
1060,1061
1062,1063
1062,1064
1064,1065
1065,1066
1067,1068
1068,1069
1068,1071
1068,1073
1068,1075
1068,1077
1069,1070
1071,1072
1073,1074
1075,1076
1078,1079
1078,1080
1078,1081
1078,1082
1082,1083
1083,1084
1085,1086
1085,1087
1085,1090
1085,1092
1085,1094
1085,1099
1085,1118
1087,1088
1088,1089
1090,1091
1092,1093
1094,1095
1095,1096
1095,1097
1095,1098
1099,1100
1100,1101
1100,1113
1101,1102
1101,1103
1101,1104
1101,1105
1101,1106
1101,1108
1101,1112
1106,1107
1108,1109
1109,1110
1109,1111
1113,1114
1113,1115
1113,1116
1116,1117
1119,1120
1119,1121
1119,1123
1119,1125
1119,1126
1119,1128
1119,1144
1121,1122
1123,1124
1126,1127
1128,1129
1129,1130
1129,1140
1130,1131
1130,1132
1130,1133
1130,1134
1130,1135
1130,1139
1135,1136
1135,1137
1137,1138
1140,1141
1140,1142
1140,1143
1145,1146
1145,1147
1145,1148
1145,1153
1145,1155
1148,1149
1148,1150
1150,1151
1151,1152
1153,1154
1155,1156
1156,1157
1156,1159
1156,1170
1156,1176
1157,1158
1159,1160
1160,1161
1161,1162
1161,1163
1161,1164
1164,1165
1165,1166
1165,1168
1166,1167
1168,1169
1170,1171
1171,1172
1172,1173
1172,1174
1172,1175
1176,1177
1178,1179
1178,1180
1178,1181
1178,1186
1178,1191
1181,1182
1181,1183
1183,1184
1184,1185
1186,1187
1186,1188
1188,1189
1189,1190
1191,1192
1192,1193
1192,1195
1192,1197
1192,1199
1192,1201
1192,1203
1193,1194
1195,1196
1197,1198
1199,1200
1201,1202
1204,1205
1204,1206
1204,1207
1204,1212
1204,1222
1207,1208
1207,1209
1209,1210
1210,1211
1212,1213
1213,1214
1213,1216
1213,1218
1213,1220
1214,1215
1216,1217
1218,1219
1220,1221
1222,1223
1223,1224
1223,1225
1223,1232
1225,1226
1226,1227
1226,1228
1226,1229
1226,1230
1230,1231
1232,1233
1233,1234
1233,1235
1233,1236
1233,1237
1237,1238
1239,1240
1239,1241
1239,1242
1239,1243
1239,1248
1239,1250
1239,1252
1243,1244
1243,1245
1245,1246
1246,1247
1248,1249
1250,1251
1252,1253
1253,1254
1253,1256
1253,1273
1253,1275
1253,1276
1254,1255
1256,1257
1257,1258
1258,1259
1258,1260
1258,1261
1258,1272
1261,1262
1261,1264
1262,1263
1264,1265
1264,1268
1264,1269
1265,1266
1266,1267
1269,1270
1270,1271
1273,1274
1277,1278
1277,1279
1277,1280
1277,1281
1277,1282
1277,1285
1277,1289
1282,1283
1283,1284
1285,1286
1286,1287
1286,1288
1289,1290
1291,1292
1291,1294
1291,1295
1291,1296
1291,1298
1291,1307
1291,1312
1291,1313
1291,1318
1291,1323
1292,1293
1296,1297
1298,1299
1299,1300
1299,1304
1300,1301
1300,1302
1300,1303
1304,1305
1304,1306
1307,1308
1307,1309
1307,1310
1310,1311
1313,1314
1313,1315
1313,1316
1316,1317
1318,1319
1318,1320
1318,1321
1321,1322
1323,1324
1323,1325
1323,1326
1326,1327
1328,1329
1328,1330
1328,1331
1328,1336
1328,1341
1328,1343
1331,1332
1331,1333
1333,1334
1334,1335
1336,1337
1336,1338
1338,1339
1339,1340
1341,1342
1343,1344
1344,1345
1344,1347
1344,1349
1344,1351
1344,1353
1344,1355
1345,1346
1347,1348
1349,1350
1351,1352
1353,1354
1356,1357
1356,1358
1356,1359
1356,1360
1356,1362
1356,1374
1360,1361
1362,1363
1363,1364
1363,1369
1364,1365
1364,1366
1364,1367
1364,1368
1369,1370
1369,1371
1369,1372
1372,1373
1375,1376
1375,1377
1375,1378
1375,1383
1378,1379
1378,1380
1380,1381
1381,1382
1383,1384
1383,1386
1384,1385
1386,1387
1387,1388
1387,1402
1388,1389
1388,1390
1388,1391
1388,1392
1392,1393
1392,1397
1392,1400
1393,1394
1393,1396
1394,1395
1397,1398
1398,1399
1400,1401
1402,1403
1402,1404
1402,1405
1406,1407
1406,1408
1406,1411
1406,1413
1406,1415
1406,1416
1408,1409
1409,1410
1411,1412
1413,1414
1416,1417
1417,1418
1417,1422
1418,1419
1418,1420
1418,1421
1422,1423
1422,1424
1422,1425
1425,1426
1426,1427
1428,1429
1428,1430
1428,1431
1428,1432
1432,1433
1433,1434
1434,1435
1435,1436
1437,1438
1437,1439
1437,1440
1437,1445
1437,1447
1440,1441
1440,1442
1442,1443
1443,1444
1445,1446
1447,1448
1447,1450
1448,1449
1450,1451
1451,1452
1451,1458
1452,1453
1452,1454
1452,1455
1452,1456
1456,1457
1458,1459
1458,1460
1458,1461
1462,1463
1462,1464
1464,1465
1465,1466
1465,1468
1465,1469
1465,1470
1465,1471
1465,1477
1465,1485
1466,1467
1471,1472
1471,1474
1472,1473
1474,1475
1475,1476
1477,1478
1477,1479
1479,1480
1480,1481
1480,1483
1480,1484
1481,1482
1485,1486
1485,1488
1486,1487
1488,1489
1488,1497
1489,1490
1490,1491
1490,1493
1491,1492
1493,1494
1494,1495
1494,1496
1497,1498
1498,1499
1498,1502
1498,1504
1498,1511
1499,1500
1499,1501
1502,1503
1504,1505
1504,1508
1505,1506
1506,1507
1508,1509
1509,1510
1511,1512
1513,1514
1513,1515
1513,1516
1513,1517
1513,1518
1518,1519
1520,1521
1520,1522
1520,1524
1520,1529
1522,1523
1524,1525
1524,1526
1526,1527
1527,1528
1529,1530
1530,1531
1530,1533
1530,1535
1530,1536
1530,1542
1531,1532
1533,1534
1536,1537
1537,1538
1538,1539
1538,1540
1538,1541
1543,1544
1543,1545
1543,1546
1543,1547
1543,1548
1548,1549
1550,1551
1550,1552
1550,1554
1550,1559
1552,1553
1554,1555
1554,1556
1556,1557
1557,1558
1559,1560
1560,1561
1560,1563
1560,1570
1560,1571
1560,1577
1561,1562
1563,1564
1564,1565
1565,1566
1565,1567
1565,1568
1568,1569
1571,1572
1572,1573
1573,1574
1573,1575
1573,1576
1578,1579
1578,1580
1578,1581
1578,1586
1581,1582
1581,1583
1583,1584
1584,1585
1586,1587
1586,1589
1587,1588
1589,1590
1590,1591
1590,1602
1591,1592
1591,1593
1591,1594
1591,1595
1591,1596
1591,1601
1596,1597
1596,1598
1598,1599
1599,1600
1602,1603
1602,1604
1602,1605
1606,1607
1606,1608
1606,1609
1606,1610
1610,1611
1611,1612
1613,1614
1613,1615
1613,1616
1613,1621
1613,1623
1613,1625
1613,1626
1613,1630
1613,1634
1616,1617
1616,1618
1618,1619
1619,1620
1621,1622
1623,1624
1626,1627
1626,1628
1628,1629
1630,1631
1630,1632
1632,1633
1634,1635
1635,1636
1635,1638
1635,1640
1635,1642
1635,1643
1636,1637
1638,1639
1640,1641
1644,1645
1644,1646
1644,1647
1644,1648
1649,1650
1649,1651
1649,1652
1649,1653
1649,1657
1653,1654
1654,1655
1654,1656
1657,1658
1658,1659
1658,1671
1659,1660
1659,1661
1659,1662
1659,1665
1659,1668
1662,1663
1662,1664
1665,1666
1665,1667
1668,1669
1668,1670
1671,1672
1671,1673
1671,1674
1674,1675
1676,1677
1676,1678
1676,1679
1676,1680
1676,1685
1676,1687
1676,1689
1680,1681
1680,1682
1682,1683
1683,1684
1685,1686
1687,1688
1689,1690
1690,1691
1690,1693
1690,1695
1690,1708
1690,1710
1690,1711
1690,1712
1691,1692
1693,1694
1695,1696
1696,1697
1697,1698
1697,1699
1697,1700
1697,1707
1700,1701
1700,1702
1702,1703
1702,1704
1704,1705
1705,1706
1708,1709
1713,1714
1713,1715
1713,1716
1713,1721
1713,1723
1713,1724
1713,1728
1713,1732
1716,1717
1716,1718
1718,1719
1719,1720
1721,1722
1724,1725
1724,1726
1726,1727
1728,1729
1728,1730
1730,1731
1732,1733
1733,1734
1733,1736
1733,1747
1733,1749
1734,1735
1736,1737
1737,1738
1738,1739
1738,1740
1738,1741
1741,1742
1742,1743
1742,1745
1743,1744
1745,1746
1747,1748
1750,1751
1750,1753
1751,1752
1753,1754
1755,1756
1755,1757
1757,1758
1757,1759
1759,1760
1759,1766
1760,1761
1760,1762
1760,1763
1760,1764
1764,1765
1766,1767
1766,1768
1766,1769
1770,1771
1770,1772
1770,1775
1770,1778
1772,1773
1773,1774
1775,1776
1775,1777
1778,1779
1780,1781
1780,1782
1780,1783
1780,1785
1780,1788
1780,1790
1780,1804
1783,1784
1785,1786
1786,1787
1788,1789
1790,1791
1791,1792
1791,1797
1792,1793
1792,1794
1792,1795
1792,1796
1797,1798
1797,1799
1797,1800
1797,1803
1800,1801
1801,1802
1805,1806
1805,1807
1805,1808
1805,1809
1805,1814
1809,1810
1810,1811
1810,1812
1810,1813
1814,1815
1814,1816
1816,1817
1816,1821
1817,1818
1817,1819
1817,1820
1821,1822
1821,1823
1821,1824
1824,1825
1826,1827
1826,1828
1828,1829
1830,1831
1830,1832
1830,1834
1830,1836
1830,1838
1830,1840
1830,1842
1830,1845
1830,1848
1830,1850
1830,1854
1830,1856
1830,1859
1830,1861
1830,1864
1830,1867
1830,1869
1830,1872
1830,1875
1830,1878
1830,1881
1830,1883
1830,1889
1830,1891
1830,1893
1830,1895
1830,1897
1830,1899
1830,1902
1830,1904
1830,1906
1830,1909
1830,1911
1830,1914
1830,1916
1830,1918
1830,1920
1830,1923
1830,1925
1830,1927
1832,1833
1834,1835
1836,1837
1838,1839
1840,1841
1842,1843
1843,1844
1845,1846
1846,1847
1848,1849
1850,1851
1851,1852
1851,1853
1854,1855
1856,1857
1857,1858
1859,1860
1861,1862
1862,1863
1864,1865
1865,1866
1867,1868
1869,1870
1870,1871
1872,1873
1873,1874
1875,1876
1876,1877
1878,1879
1879,1880
1881,1882
1883,1884
1884,1885
1885,1886
1886,1887
1886,1888
1889,1890
1891,1892
1893,1894
1895,1896
1897,1898
1899,1900
1900,1901
1902,1903
1904,1905
1906,1907
1907,1908
1909,1910
1911,1912
1912,1913
1914,1915
1916,1917
1918,1919
1920,1921
1921,1922
1923,1924
1925,1926
1927,1928
1928,1929
1930,1931
1930,1932
1930,1933
1930,1938
1930,1943
1930,1955
1933,1934
1933,1935
1935,1936
1936,1937
1938,1939
1938,1940
1940,1941
1941,1942
1943,1944
1944,1945
1944,1947
1944,1949
1944,1951
1944,1953
1945,1946
1947,1948
1949,1950
1951,1952
1953,1954
1955,1956
1956,1957
1956,1958
1956,1965
1958,1959
1959,1960
1959,1961
1959,1962
1959,1963
1963,1964
1965,1966
1966,1967
1966,1968
1966,1969
1966,1970
1970,1971
1972,1973
1972,1974
1972,1975
1972,1976
1976,1977
1978,1979
1978,1980
1978,1982
1980,1981
1982,1983
1983,1984
1983,1987
1984,1985
1984,1986
1987,1988
1987,1989
1987,1990
1990,1991
1992,1993
1992,1994
1992,1996
1992,1998
1992,2013
1994,1995
1996,1997
1998,1999
1999,2000
1999,2009
2000,2001
2000,2002
2000,2003
2000,2004
2000,2005
2000,2008
2005,2006
2005,2007
2009,2010
2009,2011
2009,2012
2014,2015
2014,2016
2014,2017
2014,2019
2014,2021
2014,2023
2014,2028
2014,2029
2014,2035
2014,2057
2014,2064
2017,2018
2019,2020
2021,2022
2023,2024
2023,2025
2025,2026
2026,2027
2029,2030
2030,2031
2030,2033
2031,2032
2033,2034
2035,2036
2036,2037
2036,2047
2037,2038
2037,2039
2037,2041
2039,2040
2041,2042
2041,2045
2042,2043
2043,2044
2045,2046
2047,2048
2047,2049
2047,2051
2049,2050
2051,2052
2051,2055
2052,2053
2053,2054
2055,2056
2057,2058
2058,2059
2058,2061
2058,2063
2059,2060
2061,2062
2064,2065
2066,2067
2066,2068
2066,2069
2066,2070
2066,2073
2070,2071
2071,2072
2073,2074
2074,2075
2074,2081
2075,2076
2075,2077
2075,2078
2075,2079
2079,2080
2081,2082
2081,2083
2081,2084
2084,2085
2086,2087
2086,2088
2086,2089
2086,2090
2086,2099
2086,2102
2090,2091
2090,2093
2090,2097
2091,2092
2093,2094
2094,2095
2095,2096
2097,2098
2099,2100
2100,2101
2102,2103
2103,2104
2103,2140
2104,2105
2104,2106
2104,2107
2104,2109
2104,2112
2104,2116
2104,2119
2104,2122
2104,2127
2104,2129
2104,2131
2104,2135
2104,2137
2104,2139
2107,2108
2109,2110
2110,2111
2112,2113
2113,2114
2114,2115
2116,2117
2117,2118
2119,2120
2120,2121
2122,2123
2123,2124
2123,2125
2125,2126
2127,2128
2129,2130
2131,2132
2131,2133
2133,2134
2135,2136
2137,2138
2140,2141
2140,2142
2140,2143
2143,2144
2145,2146
2145,2147
2145,2149
2145,2163
2147,2148
2149,2150
2150,2151
2150,2159
2151,2152
2151,2153
2151,2154
2151,2155
2151,2156
2151,2158
2156,2157
2159,2160
2159,2161
2159,2162
2164,2165
2164,2166
2164,2168
2164,2185
2166,2167
2168,2169
2169,2170
2169,2181
2170,2171
2170,2172
2170,2173
2170,2174
2170,2175
2170,2177
2170,2180
2175,2176
2177,2178
2178,2179
2181,2182
2181,2183
2181,2184
2186,2187
2186,2189
2186,2190
2186,2191
2186,2192
2186,2193
2186,2194
2186,2195
2186,2196
2187,2188
2196,2197
2197,2198
2198,2199
2198,2203
2199,2200
2199,2201
2199,2202
2203,2204
2203,2205
2203,2206
2207,2208
2207,2209
2207,2211
2207,2223
2209,2210
2211,2212
2212,2213
2212,2219
2213,2214
2213,2215
2213,2216
2213,2217
2213,2218
2219,2220
2219,2221
2219,2222
2224,2225
2224,2226
2224,2228
2224,2231
2224,2233
2224,2235
2224,2237
2224,2251
2226,2227
2228,2229
2229,2230
2231,2232
2233,2234
2235,2236
2237,2238
2238,2239
2238,2244
2239,2240
2239,2241
2239,2242
2239,2243
2244,2245
2244,2246
2244,2247
2244,2250
2247,2248
2248,2249
2252,2253
2252,2254
2252,2255
2252,2256
2252,2257
2252,2258
2252,2259
2252,2260
2261,2262
2261,2263
2261,2265
2261,2277
2263,2264
2265,2266
2266,2267
2266,2273
2267,2268
2267,2269
2267,2270
2267,2271
2267,2272
2273,2274
2273,2275
2273,2276
2278,2279
2278,2280
2278,2281
2281,2282
2282,2283
2283,2284
2283,2289
2284,2285
2284,2286
2284,2287
2284,2288
2289,2290
2289,2291
2289,2292
2289,2293
2293,2294
2293,2295
2293,2296
2298,2299
2298,2300
2298,2301
2298,2302
2302,2303
2304,2305
2304,2306
2304,2307
2304,2312
2304,2314
2304,2317
2304,2318
2304,2321
2304,2325
2304,2329
2304,2332
2304,2335
2304,2339
2304,2342
2304,2344
2304,2350
2304,2353
2304,2355
2304,2360
2304,2365
2304,2374
2307,2308
2307,2309
2309,2310
2309,2311
2312,2313
2314,2315
2315,2316
2318,2319
2319,2320
2321,2322
2322,2323
2322,2324
2325,2326
2326,2327
2326,2328
2329,2330
2330,2331
2332,2333
2333,2334
2335,2336
2336,2337
2336,2338
2339,2340
2340,2341
2342,2343
2344,2345
2345,2346
2346,2347
2346,2348
2346,2349
2350,2351
2351,2352
2353,2354
2355,2356
2356,2357
2357,2358
2358,2359
2360,2361
2361,2362
2361,2364
2362,2363
2365,2366
2366,2367
2367,2368
2367,2372
2368,2369
2369,2370
2370,2371
2372,2373
2374,2375
2375,2376
2375,2386
2376,2377
2377,2378
2377,2382
2378,2379
2379,2380
2380,2381
2382,2383
2383,2384
2383,2385
2386,2387
2387,2388
2387,2389
2390,2391
2390,2392
2390,2393
2390,2394
2390,2399
2390,2401
2390,2403
2394,2395
2394,2396
2396,2397
2397,2398
2399,2400
2401,2402
2403,2404
2403,2406
2403,2423
2403,2424
2404,2405
2406,2407
2407,2408
2407,2419
2408,2409
2408,2410
2408,2411
2408,2412
2408,2414
2408,2415
2408,2418
2412,2413
2415,2416
2416,2417
2419,2420
2419,2421
2419,2422
2425,2426
2425,2428
2425,2430
2425,2432
2425,2434
2425,2436
2425,2438
2425,2440
2425,2443
2425,2446
2425,2449
2425,2452
2425,2456
2425,2460
2426,2427
2428,2429
2430,2431
2432,2433
2434,2435
2436,2437
2438,2439
2440,2441
2440,2442
2443,2444
2443,2445
2446,2447
2446,2448
2449,2450
2449,2451
2452,2453
2452,2454
2454,2455
2456,2457
2456,2458
2458,2459
2460,2461
2460,2462
2462,2463
2464,2465
2464,2466
2464,2467
2464,2468
2464,2469
2464,2470
2470,2471
2472,2473
2472,2476
2472,2480
2472,2487
2472,2489
2472,2491
2472,2493
2472,2497
2472,2499
2473,2474
2474,2475
2476,2477
2477,2478
2477,2479
2480,2481
2481,2482
2481,2483
2481,2484
2481,2485
2481,2486
2487,2488
2489,2490
2491,2492
2493,2494
2494,2495
2494,2496
2497,2498
2499,2500
2499,2501
2499,2502
2503,2504
2503,2505
2503,2506
2503,2507
2503,2510
2503,2514
2507,2508
2508,2509
2510,2511
2511,2512
2511,2513
2514,2515
2516,2517
2516,2518
2516,2519
2516,2524
2516,2525
2516,2526
2516,2536
2516,2538
2516,2539
2519,2520
2519,2521
2521,2522
2522,2523
2526,2527
2526,2529
2526,2531
2527,2528
2529,2530
2531,2532
2531,2533
2531,2534
2534,2535
2536,2537
2540,2541
2540,2542
2540,2543
2540,2544
2540,2545
2545,2546
2546,2547
2548,2549
2548,2550
2548,2551
2548,2552
2548,2557
2548,2562
2548,2567
2548,2573
2548,2575
2548,2577
2552,2553
2552,2554
2554,2555
2555,2556
2557,2558
2557,2559
2559,2560
2560,2561
2562,2563
2562,2564
2564,2565
2565,2566
2567,2568
2567,2570
2568,2569
2570,2571
2571,2572
2573,2574
2575,2576
2577,2578
2578,2579
2578,2581
2578,2583
2578,2596
2578,2598
2578,2599
2578,2600
2579,2580
2581,2582
2583,2584
2584,2585
2585,2586
2585,2587
2585,2588
2585,2595
2588,2589
2588,2590
2590,2591
2590,2592
2592,2593
2593,2594
2596,2597
2601,2602
2601,2603
2601,2604
2601,2605
2605,2606
2607,2608
2607,2609
2607,2610
2607,2611
2611,2612
2612,2613
2613,2614
2614,2615
2616,2617
2616,2618
2616,2619
2616,2624
2619,2620
2619,2621
2621,2622
2622,2623
2624,2625
2624,2627
2624,2639
2624,2640
2625,2626
2627,2628
2628,2629
2628,2635
2629,2630
2629,2631
2629,2632
2629,2633
2633,2634
2635,2636
2635,2637
2635,2638
2641,2642
2641,2643
2641,2646
2641,2647
2641,2648
2641,2650
2641,2668
2643,2644
2644,2645
2648,2649
2650,2651
2651,2652
2651,2663
2652,2653
2652,2654
2652,2655
2652,2656
2652,2657
2652,2660
2652,2662
2657,2658
2658,2659
2660,2661
2663,2664
2663,2665
2663,2666
2666,2667
2669,2670
2671,2672
2671,2673
2671,2676
2671,2677
2671,2678
2671,2680
2671,2683
2671,2698
2673,2674
2674,2675
2678,2679
2680,2681
2681,2682
2683,2684
2684,2685
2684,2693
2685,2686
2685,2687
2685,2688
2685,2689
2685,2690
2685,2692
2690,2691
2693,2694
2693,2695
2693,2696
2696,2697
2699,2700
2699,2701
2702,2703
2702,2704
2702,2706
2704,2705
2706,2707
2707,2708
2707,2712
2708,2709
2708,2710
2708,2711
2712,2713
2712,2714
2712,2715
2712,2717
2712,2719
2712,2721
2712,2723
2712,2725
2712,2728
2712,2730
2712,2732
2712,2734
2712,2737
2712,2739
2712,2741
2712,2743
2712,2746
2712,2748
2715,2716
2717,2718
2719,2720
2721,2722
2723,2724
2725,2726
2726,2727
2728,2729
2730,2731
2732,2733
2734,2735
2735,2736
2737,2738
2739,2740
2741,2742
2743,2744
2744,2745
2746,2747
2748,2749
2750,2751
2750,2752
2750,2753
2750,2754
2750,2755
2750,2756
2756,2757
2757,2758
2759,2760
2759,2761
2759,2762
2759,2763
2763,2764
2764,2765
2766,2767
2766,2768
2766,2770
2766,2807
2768,2769
2770,2771
2770,2774
2771,2772
2771,2773
2774,2775
2774,2777
2774,2783
2774,2789
2775,2776
2777,2778
2778,2779
2778,2781
2779,2780
2781,2782
2783,2784
2784,2785
2784,2787
2785,2786
2787,2788
2789,2790
2790,2791
2790,2793
2790,2794
2790,2800
2790,2806
2791,2792
2794,2795
2795,2796
2795,2797
2795,2798
2798,2799
2800,2801
2801,2802
2801,2803
2801,2804
2804,2805
2808,2809
2808,2810
2810,2811
2812,2813
2813,2814
2814,2815
2815,2816
2817,2818
2817,2819
2817,2820
2817,2825
2817,2831
2817,2834
2820,2821
2820,2822
2822,2823
2823,2824
2825,2826
2825,2828
2826,2827
2828,2829
2829,2830
2831,2832
2832,2833
2834,2835
2835,2836
2835,2838
2835,2849
2836,2837
2838,2839
2839,2840
2840,2841
2840,2842
2840,2843
2843,2844
2844,2845
2844,2847
2845,2846
2847,2848
2849,2850
2851,2852
2851,2853
2851,2854
2851,2855
2851,2856
2851,2861
2851,2866
2851,2868
2856,2857
2856,2858
2858,2859
2859,2860
2861,2862
2861,2863
2863,2864
2864,2865
2866,2867
2868,2869
2868,2871
2869,2870
2871,2872
2872,2873
2872,2879
2873,2874
2873,2875
2873,2876
2873,2877
2877,2878
2879,2880
2879,2881
2879,2882
2883,2884
2883,2885
2883,2889
2883,2900
2883,2908
2883,2918
2885,2886
2885,2887
2887,2888
2889,2890
2889,2895
2890,2891
2890,2893
2891,2892
2893,2894
2895,2896
2896,2897
2897,2898
2898,2899
2900,2901
2900,2903
2901,2902
2903,2904
2904,2905
2905,2906
2905,2907
2908,2909
2908,2916
2909,2910
2910,2911
2910,2912
2910,2913
2913,2914
2913,2915
2916,2917
2918,2919
2920,2921
2920,2922
2920,2924
2920,2925
2920,2928
2920,2929
2920,2931
2920,2956
2922,2923
2925,2926
2926,2927
2929,2930
2931,2932
2932,2933
2932,2951
2933,2934
2933,2935
2933,2936
2933,2937
2933,2939
2933,2941
2933,2943
2933,2945
2933,2950
2937,2938
2939,2940
2941,2942
2943,2944
2945,2946
2945,2948
2946,2947
2948,2949
2951,2952
2951,2953
2951,2954
2954,2955
2957,2958
2957,2960
2957,2972
2957,2974
2957,2978
2957,2981
2957,2983
2957,2984
2957,2985
2958,2959
2960,2961
2960,2962
2962,2963
2962,2967
2963,2964
2963,2965
2963,2966
2967,2968
2967,2969
2967,2970
2970,2971
2972,2973
2974,2975
2975,2976
2975,2977
2978,2979
2979,2980
2981,2982
2986,2987
2986,2988
2986,2989
2986,2992
2986,2994
2989,2990
2990,2991
2992,2993
2994,2995
2995,2996
2995,3000
2996,2997
2996,2998
2996,2999
3000,3001
3000,3002
3000,3003
3003,3004
3004,3005
3006,3007
3006,3008
3006,3010
3006,3012
3006,3015
3006,3017
3006,3019
3006,3020
3006,3040
3008,3009
3010,3011
3012,3013
3013,3014
3015,3016
3017,3018
3020,3021
3021,3022
3021,3035
3022,3023
3022,3024
3022,3025
3022,3026
3022,3028
3022,3030
3022,3032
3022,3034
3026,3027
3028,3029
3030,3031
3032,3033
3035,3036
3035,3037
3035,3038
3038,3039
3041,3042
3041,3043
3041,3044
3044,3045
3046,3047
3046,3048
3046,3049
3046,3054
3049,3050
3049,3051
3051,3052
3052,3053
3054,3055
3055,3056
3055,3058
3055,3060
3055,3068
3055,3070
3055,3071
3056,3057
3058,3059
3060,3061
3061,3062
3062,3063
3062,3064
3062,3065
3065,3066
3066,3067
3068,3069
3072,3073
3072,3074
3072,3075
3075,3076
3077,3078
3077,3079
3077,3080
3077,3081
3077,3086
3077,3091
3081,3082
3081,3083
3083,3084
3084,3085
3086,3087
3086,3088
3088,3089
3089,3090
3091,3092
3092,3093
3092,3095
3092,3106
3092,3108
3093,3094
3095,3096
3096,3097
3097,3098
3097,3099
3097,3100
3100,3101
3101,3102
3101,3104
3102,3103
3104,3105
3106,3107
3109,3110
3109,3111
3109,3112
3109,3113
3109,3114
3114,3115
3115,3116
3115,3120
3116,3117
3116,3118
3116,3119
3120,3121
3120,3122
3120,3123
3123,3124
3125,3126
3125,3127
3125,3128
3125,3129
3125,3130
3130,3131
3131,3132
3132,3133
3133,3134
3135,3136
3135,3137
3135,3138
3135,3143
3138,3139
3138,3140
3140,3141
3141,3142
3143,3144
3143,3146
3143,3163
3144,3145
3146,3147
3147,3148
3147,3159
3148,3149
3148,3150
3148,3151
3148,3152
3152,3153
3152,3155
3152,3157
3153,3154
3155,3156
3157,3158
3159,3160
3159,3161
3159,3162
3164,3165
3164,3166
3167,3168
3167,3169
3167,3171
3167,3183
3169,3170
3171,3172
3172,3173
3172,3179
3173,3174
3173,3175
3173,3176
3173,3177
3173,3178
3179,3180
3179,3181
3179,3182
3184,3185
3184,3186
3184,3187
3187,3188
3188,3189
3190,3191
3190,3192
3190,3193
3190,3195
3190,3210
3193,3194
3195,3196
3195,3197
3197,3198
3197,3203
3198,3199
3198,3200
3198,3201
3198,3202
3203,3204
3203,3205
3203,3206
3203,3209
3206,3207
3207,3208
3211,3212
3211,3213
3211,3214
3211,3215
3211,3216
3211,3217
3211,3236
3211,3238
3217,3218
3217,3224
3218,3219
3219,3220
3220,3221
3220,3222
3222,3223
3224,3225
3224,3231
3225,3226
3226,3227
3227,3228
3227,3229
3229,3230
3231,3232
3232,3233
3233,3234
3234,3235
3236,3237
3239,3240
3239,3241
3239,3242
3239,3243
3239,3246
3243,3244
3244,3245
3246,3247
3248,3249
3248,3250
3248,3251
3248,3252
3252,3253
3254,3255
3254,3256
3256,3257
3257,3258
3257,3267
3258,3259
3258,3260
3258,3261
3258,3262
3258,3264
3262,3263
3264,3265
3265,3266
3267,3268
3267,3269
3267,3270
3271,3272
3271,3273
3271,3276
3271,3278
3271,3280
3271,3292
3273,3274
3274,3275
3276,3277
3278,3279
3280,3281
3281,3282
3281,3287
3282,3283
3282,3284
3282,3285
3282,3286
3287,3288
3287,3289
3287,3290
3290,3291
3293,3294
3293,3295
3293,3297
3293,3298
3293,3301
3293,3302
3293,3304
3293,3329
3295,3296
3298,3299
3299,3300
3302,3303
3304,3305
3305,3306
3305,3324
3306,3307
3306,3308
3306,3309
3306,3310
3306,3312
3306,3314
3306,3316
3306,3318
3306,3323
3310,3311
3312,3313
3314,3315
3316,3317
3318,3319
3318,3321
3319,3320
3321,3322
3324,3325
3324,3326
3324,3327
3327,3328
3330,3331
3330,3332
3330,3335
3330,3337
3330,3339
3330,3341
3332,3333
3333,3334
3335,3336
3337,3338
3339,3340
3341,3342
3342,3343
3342,3347
3343,3344
3343,3345
3343,3346
3347,3348
3347,3349
3347,3350
3350,3351
3351,3352
3353,3354
3353,3355
3353,3357
3353,3362
3355,3356
3357,3358
3357,3359
3359,3360
3360,3361
3362,3363
3363,3364
3363,3366
3363,3373
3363,3374
3363,3380
3364,3365
3366,3367
3367,3368
3368,3369
3368,3370
3368,3371
3371,3372
3374,3375
3375,3376
3376,3377
3376,3378
3376,3379
3381,3382
3381,3383
3381,3384
3381,3385
3381,3386
3386,3387
3388,3389
3388,3390
3388,3391
3388,3392
3392,3393
3393,3394
3395,3396
3395,3397
3395,3400
3395,3401
3395,3402
3395,3404
3395,3416
3397,3398
3398,3399
3402,3403
3404,3405
3405,3406
3405,3411
3406,3407
3406,3408
3406,3409
3406,3410
3411,3412
3411,3413
3411,3414
3414,3415
3417,3418
3417,3419
3420,3421
3420,3423
3420,3435
3421,3422
3423,3424
3423,3425
3425,3426
3425,3430
3426,3427
3426,3428
3426,3429
3430,3431
3430,3432
3430,3433
3433,3434
3435,3436
3436,3437
3436,3438
3436,3439
3440,3441
3440,3442
3440,3443
3440,3444
3444,3445
3445,3446
3447,3448
3447,3449
3447,3451
3447,3453
3447,3454
3447,3456
3447,3472
3449,3450
3451,3452
3454,3455
3456,3457
3457,3458
3457,3468
3458,3459
3458,3460
3458,3461
3458,3462
3458,3463
3458,3467
3463,3464
3463,3465
3465,3466
3468,3469
3468,3470
3468,3471
3473,3474
3473,3475
3473,3478
3473,3481
3475,3476
3476,3477
3478,3479
3479,3480
3481,3482
3482,3483
3482,3498
3483,3484
3483,3485
3483,3486
3483,3490
3483,3493
3483,3496
3486,3487
3486,3488
3488,3489
3490,3491
3491,3492
3493,3494
3494,3495
3496,3497
3498,3499
3498,3500
3498,3501
3502,3503
3502,3504
3502,3505
3502,3506
3502,3511
3502,3516
3506,3507
3506,3508
3508,3509
3509,3510
3511,3512
3511,3513
3513,3514
3514,3515
3516,3517
3517,3518
3517,3520
3517,3531
3517,3533
3517,3534
3517,3535
3518,3519
3520,3521
3521,3522
3522,3523
3522,3524
3522,3525
3525,3526
3526,3527
3526,3529
3527,3528
3529,3530
3531,3532
3536,3537
3538,3539
3538,3540
3538,3548
3540,3541
3540,3545
3541,3542
3541,3543
3541,3544
3545,3546
3545,3547
3549,3550
3549,3551
3549,3552
3549,3555
3549,3557
3549,3558
3549,3559
3552,3553
3553,3554
3555,3556
3559,3560
3560,3561
3560,3570
3561,3562
3561,3563
3561,3564
3561,3567
3564,3565
3565,3566
3567,3568
3567,3569
3570,3571
3570,3572
3570,3573
3573,3574
3575,3576
3575,3577
3575,3585
3577,3578
3577,3582
3578,3579
3578,3580
3578,3581
3582,3583
3582,3584
3586,3587
3586,3588
3586,3589
3586,3594
3589,3590
3589,3591
3591,3592
3592,3593
3594,3595
3594,3597
3595,3596
3597,3598
3598,3599
3598,3610
3599,3600
3599,3601
3599,3602
3599,3603
3599,3604
3599,3609
3604,3605
3604,3606
3606,3607
3607,3608
3610,3611
3610,3612
3610,3613
3614,3615
3614,3616
3614,3618
3614,3632
3616,3617
3618,3619
3619,3620
3619,3628
3620,3621
3620,3622
3620,3623
3620,3624
3620,3625
3620,3627
3625,3626
3628,3629
3628,3630
3628,3631
3633,3634
3633,3635
3633,3642
3633,3651
3633,3680
3635,3636
3636,3637
3636,3639
3637,3638
3639,3640
3640,3641
3642,3643
3643,3644
3643,3645
3645,3646
3646,3647
3646,3649
3646,3650
3647,3648
3651,3652
3652,3653
3652,3655
3653,3654
3655,3656
3655,3664
3656,3657
3657,3658
3657,3660
3658,3659
3660,3661
3661,3662
3661,3663
3664,3665
3665,3666
3665,3669
3665,3671
3665,3678
3666,3667
3666,3668
3669,3670
3671,3672
3671,3675
3672,3673
3673,3674
3675,3676
3676,3677
3678,3679
3680,3681
3681,3682
3681,3684
3681,3685
3681,3686
3682,3683
3687,3688
3687,3689
3687,3691
3687,3705
3689,3690
3691,3692
3692,3693
3692,3701
3693,3694
3693,3695
3693,3696
3693,3697
3693,3698
3693,3700
3698,3699
3701,3702
3701,3703
3701,3704
3706,3707
3706,3708
3706,3710
3706,3711
3706,3712
3706,3714
3706,3728
3708,3709
3712,3713
3714,3715
3715,3716
3715,3723
3716,3717
3716,3718
3716,3719
3716,3720
3716,3722
3720,3721
3723,3724
3723,3725
3723,3726
3726,3727
3729,3730
3729,3731
3729,3732
3729,3733
3729,3738
3729,3743
3733,3734
3733,3735
3735,3736
3736,3737
3738,3739
3738,3740
3740,3741
3741,3742
3743,3744
3744,3745
3744,3747
3744,3758
3744,3760
3745,3746
3747,3748
3748,3749
3749,3750
3749,3751
3749,3752
3752,3753
3753,3754
3753,3756
3754,3755
3756,3757
3758,3759
3761,3762
3762,3763
3764,3765
3764,3766
3764,3767
3764,3768
3768,3769
3770,3771
3771,3772
3772,3773
3772,3781
3773,3774
3773,3775
3773,3776
3773,3777
3773,3779
3777,3778
3779,3780
3781,3782
3781,3783
3781,3784
3784,3785
3786,3787
3786,3788
3786,3789
3786,3790
3790,3791
3792,3793
3792,3794
3792,3798
3792,3809
3792,3817
3792,3824
3794,3795
3794,3796
3796,3797
3798,3799
3798,3804
3799,3800
3799,3802
3800,3801
3802,3803
3804,3805
3805,3806
3806,3807
3807,3808
3809,3810
3809,3812
3810,3811
3812,3813
3813,3814
3814,3815
3814,3816
3817,3818
3817,3822
3818,3819
3819,3820
3819,3821
3822,3823
3824,3825
3826,3827
3827,3828
3829,3830
3829,3831
3829,3832
3829,3837
3829,3839
3829,3841
3829,3846
3832,3833
3832,3834
3834,3835
3835,3836
3837,3838
3839,3840
3841,3842
3841,3843
3843,3844
3844,3845
3846,3847
3847,3848
3847,3850
3847,3861
3847,3863
3848,3849
3850,3851
3851,3852
3852,3853
3852,3854
3852,3855
3855,3856
3856,3857
3856,3859
3857,3858
3859,3860
3861,3862
3864,3865
3864,3866
3864,3867
3864,3868
3864,3869
3864,3870
3864,3871
3864,3872
3864,3873
3864,3874
3864,3878
3864,3880
3864,3882
3864,3884
3864,3886
3864,3888
3864,3890
3864,3892
3874,3875
3874,3876
3876,3877
3878,3879
3880,3881
3882,3883
3884,3885
3886,3887
3888,3889
3890,3891
3892,3893
3894,3895
3894,3896
3894,3898
3894,3909
3896,3897
3898,3899
3899,3900
3899,3905
3900,3901
3900,3902
3900,3903
3900,3904
3905,3906
3905,3907
3905,3908
3910,3911
3910,3912
3910,3915
3910,3916
3910,3917
3910,3919
3910,3922
3910,3935
3912,3913
3913,3914
3917,3918
3919,3920
3920,3921
3922,3923
3923,3924
3923,3930
3924,3925
3924,3926
3924,3927
3924,3928
3924,3929
3930,3931
3930,3932
3930,3933
3933,3934
3936,3937
3936,3938
3936,3939
3939,3940
3939,3943
3940,3941
3941,3942
3943,3944
3943,3945
3943,3946
3946,3947
3947,3948
3948,3949
3948,3955
3949,3950
3949,3951
3949,3952
3949,3953
3949,3954
3955,3956
3955,3957
3955,3958
3955,3959
3960,3961
3960,3962
3960,3963
3963,3964
3963,3965
3965,3966
3965,3970
3966,3967
3966,3968
3966,3969
3970,3971
3970,3972
3970,3973
3973,3974
3974,3975
3976,3977
3976,3978
3978,3979
3979,3980
3979,3987
3980,3981
3980,3982
3980,3983
3980,3986
3983,3984
3983,3985
3987,3988
3987,3989
3987,3990
3991,3992
3991,3993
3991,3994
3991,3995
3991,3996
3996,3997
3997,3998
3999,4000
3999,4001
3999,4002
3999,4007
4002,4003
4002,4004
4004,4005
4005,4006
4007,4008
4008,4009
4008,4011
4008,4022
4009,4010
4011,4012
4012,4013
4013,4014
4013,4015
4013,4016
4016,4017
4017,4018
4017,4020
4018,4019
4020,4021
4022,4023
4024,4025
4024,4026
4024,4029
4024,4030
4024,4031
4024,4033
4024,4057
4026,4027
4027,4028
4031,4032
4033,4034
4033,4035
4035,4036
4035,4052
4036,4037
4036,4038
4036,4039
4036,4040
4036,4042
4036,4045
4036,4048
4036,4051
4040,4041
4042,4043
4042,4044
4045,4046
4045,4047
4048,4049
4048,4050
4052,4053
4052,4054
4052,4055
4055,4056
4058,4059
4058,4060
4058,4062
4058,4087
4060,4061
4062,4063
4062,4064
4064,4065
4064,4082
4065,4066
4065,4067
4065,4068
4065,4069
4065,4071
4065,4072
4065,4075
4065,4078
4065,4081
4069,4070
4072,4073
4073,4074
4075,4076
4076,4077
4078,4079
4079,4080
4082,4083
4082,4084
4082,4085
4085,4086
4088,4089
4088,4090
4088,4097
4088,4098
4088,4100
4088,4102
4088,4104
4088,4106
4088,4107
4088,4108
4088,4109
4088,4110
4088,4111
4088,4113
4088,4115
4088,4116
4088,4118
4088,4120
4088,4122
4088,4124
4090,4091
4090,4094
4091,4092
4091,4093
4094,4095
4094,4096
4098,4099
4100,4101
4102,4103
4104,4105
4111,4112
4113,4114
4116,4117
4118,4119
4120,4121
4122,4123
4124,4125
4126,4127
4126,4128
4126,4129
4126,4131
4126,4133
4126,4135
4126,4136
4126,4137
4126,4138
4126,4144
4129,4130
4131,4132
4133,4134
4138,4139
4138,4141
4139,4140
4141,4142
4142,4143
4145,4146
4145,4147
4145,4148
4145,4149
4145,4150
4145,4151
4151,4152
4152,4153
4153,4154
4154,4155
4156,4157
4156,4158
4156,4160
4158,4159
4160,4161
4162,4163
4162,4164
4162,4165
4162,4166
4162,4168
4162,4182
4166,4167
4168,4169
4168,4170
4170,4171
4170,4177
4171,4172
4171,4173
4171,4174
4171,4175
4171,4176
4177,4178
4177,4179
4177,4180
4180,4181
4183,4184
4183,4185
4186,4187
4186,4188
4186,4190
4186,4202
4188,4189
4190,4191
4191,4192
4191,4198
4192,4193
4192,4194
4192,4195
4192,4196
4192,4197
4198,4199
4198,4200
4198,4201
4203,4204
4203,4205
4203,4206
4203,4207
4203,4208
4208,4209
4209,4210
4211,4212
4211,4213
4211,4214
4211,4215
4211,4216
4211,4221
4211,4226
4211,4228
4216,4217
4216,4218
4218,4219
4219,4220
4221,4222
4221,4223
4223,4224
4224,4225
4226,4227
4228,4229
4228,4231
4229,4230
4231,4232
4232,4233
4232,4239
4233,4234
4233,4235
4233,4236
4233,4237
4237,4238
4239,4240
4239,4241
4239,4242
4243,4244
4243,4245
4243,4250
4243,4252
4245,4246
4245,4247
4247,4248
4248,4249
4250,4251
4252,4253
4254,4255
4254,4256
4254,4257
4254,4259
4254,4262
4254,4264
4254,4271
4254,4293
4254,4295
4254,4297
4257,4258
4259,4260
4260,4261
4262,4263
4264,4265
4264,4266
4264,4269
4266,4267
4267,4268
4269,4270
4271,4272
4271,4276
4271,4281
4272,4273
4272,4274
4274,4275
4276,4277
4276,4279
4277,4278
4279,4280
4281,4282
4281,4284
4281,4285
4281,4286
4281,4287
4281,4288
4281,4289
4281,4290
4281,4291
4281,4292
4282,4283
4293,4294
4295,4296
4297,4298
4299,4300
4299,4301
4299,4303
4299,4324
4301,4302
4303,4304
4303,4305
4305,4306
4305,4319
4306,4307
4306,4308
4306,4309
4306,4311
4306,4312
4306,4315
4306,4318
4309,4310
4312,4313
4313,4314
4315,4316
4316,4317
4319,4320
4319,4321
4319,4322
4322,4323
4325,4326
4325,4327
4325,4328
4325,4329
4325,4330
4325,4335
4325,4340
4330,4331
4330,4332
4332,4333
4333,4334
4335,4336
4335,4337
4337,4338
4338,4339
4340,4341
4341,4342
4341,4344
4341,4355
4341,4357
4342,4343
4344,4345
4345,4346
4346,4347
4346,4348
4346,4349
4349,4350
4350,4351
4350,4353
4351,4352
4353,4354
4355,4356
4358,4359
4358,4360
4358,4361
4358,4362
4358,4363
4358,4364
4364,4365
4365,4366
4367,4368
4367,4369
4367,4370
4367,4371
4371,4372
4373,4374
4373,4375
4373,4376
4376,4377
4377,4378
4379,4380
4379,4381
4379,4382
4379,4383
4383,4384
4384,4385
4384,4388
4385,4386
4385,4387
4388,4389
4388,4390
4388,4391
4391,4392
4393,4394
4393,4395
4393,4396
4393,4397
4393,4398
4393,4403
4393,4408
4393,4410
4398,4399
4398,4400
4400,4401
4401,4402
4403,4404
4403,4405
4405,4406
4406,4407
4408,4409
4410,4411
4410,4413
4411,4412
4413,4414
4414,4415
4414,4421
4415,4416
4415,4417
4415,4418
4415,4419
4419,4420
4421,4422
4421,4423
4421,4424
4425,4426
4425,4427
4425,4428
4425,4429
4429,4430
4430,4431
4431,4432
4432,4433
4434,4435
4435,4436
4436,4437
4437,4438
4437,4439
4437,4440
4437,4442
4437,4455
4440,4441
4442,4443
4442,4444
4444,4445
4445,4446
4445,4448
4446,4447
4448,4449
4449,4450
4449,4452
4450,4451
4452,4453
4453,4454
4456,4457
4456,4458
4456,4459
4456,4460
4456,4461
4456,4462
4462,4463
4463,4464
4465,4466
4465,4468
4465,4469
4465,4470
4465,4471
4465,4472
4465,4473
4465,4474
4466,4467
4474,4475
4475,4476
4475,4481
4476,4477
4476,4478
4476,4479
4479,4480
4481,4482
4481,4483
4481,4484
4484,4485
4486,4487
4486,4488
4486,4489
4486,4490
4490,4491
4492,4493
4492,4494
4492,4496
4492,4499
4492,4501
4492,4503
4492,4504
4494,4495
4496,4497
4497,4498
4499,4500
4501,4502
4504,4505
4505,4506
4505,4517
4506,4507
4506,4508
4506,4509
4506,4511
4506,4513
4506,4515
4509,4510
4511,4512
4513,4514
4515,4516
4517,4518
4517,4519
4517,4520
4520,4521
4522,4523
4522,4524
4522,4525
4522,4526
4522,4527
4522,4528
4522,4529
4522,4530
4522,4534
4522,4536
4522,4538
4522,4540
4522,4542
4522,4544
4522,4546
4530,4531
4530,4532
4532,4533
4534,4535
4536,4537
4538,4539
4540,4541
4542,4543
4544,4545
4546,4547
4548,4549
4548,4550
4548,4551
4548,4552
4552,4553
4553,4554
4554,4555
4555,4556
4557,4558
4557,4559
4557,4560
4557,4561
4561,4562
4562,4563
4564,4565
4564,4566
4564,4568
4564,4569
4564,4572
4564,4573
4566,4567
4569,4570
4570,4571
4573,4574
4574,4575
4574,4591
4575,4576
4575,4577
4575,4578
4575,4580
4575,4582
4575,4584
4575,4586
4578,4579
4580,4581
4582,4583
4584,4585
4586,4587
4586,4589
4587,4588
4589,4590
4591,4592
4591,4593
4591,4594
4594,4595
4596,4597
4596,4598
4596,4599
4599,4600
4600,4601
4601,4602
4602,4603
4604,4605
4604,4606
4604,4626
4606,4607
4607,4608
4607,4610
4607,4611
4608,4609
4611,4612
4612,4613
4612,4614
4612,4615
4612,4616
4612,4617
4617,4618
4617,4620
4617,4624
4618,4619
4620,4621
4621,4622
4622,4623
4624,4625
4627,4628
4628,4629
4629,4630
4630,4631
4630,4662
4631,4632
4631,4633
4631,4634
4634,4635
4634,4637
4634,4643
4635,4636
4637,4638
4638,4639
4639,4640
4640,4641
4640,4642
4643,4644
4643,4646
4643,4658
4644,4645
4646,4647
4646,4648
4646,4657
4648,4649
4648,4651
4649,4650
4651,4652
4651,4655
4651,4656
4652,4653
4652,4654
4658,4659
4658,4660
4660,4661
4662,4663
4662,4664
4662,4665
4662,4666
4667,4668
4667,4669
4667,4670
4670,4671
4672,4673
4672,4674
4672,4675
4672,4676
4676,4677
4677,4678
4679,4680
4679,4681
4679,4689
4681,4682
4681,4686
4682,4683
4682,4684
4682,4685
4686,4687
4686,4688
4690,4691
4690,4692
4692,4693
4694,4695
4694,4696
4694,4697
4694,4698
4694,4703
4694,4708
4698,4699
4698,4700
4700,4701
4701,4702
4703,4704
4703,4705
4705,4706
4706,4707
4708,4709
4708,4711
4708,4723
4708,4724
4708,4725
4709,4710
4711,4712
4712,4713
4712,4719
4713,4714
4713,4715
4713,4716
4713,4717
4717,4718
4719,4720
4719,4721
4719,4722
4726,4727
4726,4733
4726,4739
4726,4745
4726,4754
4726,4757
4726,4759
4727,4728
4727,4730
4728,4729
4730,4731
4731,4732
4733,4734
4733,4736
4734,4735
4736,4737
4737,4738
4739,4740
4739,4742
4740,4741
4742,4743
4743,4744
4745,4746
4745,4751
4746,4747
4746,4749
4747,4748
4749,4750
4751,4752
4752,4753
4754,4755
4755,4756
4757,4758
4760,4761
4760,4762
4760,4763
4764,4765
4764,4766
4764,4767
4764,4769
4764,4772
4764,4775
4764,4779
4764,4783
4764,4786
4764,4789
4764,4793
4764,4796
4764,4798
4764,4804
4764,4809
4764,4812
4764,4814
4764,4823
4767,4768
4769,4770
4770,4771
4772,4773
4773,4774
4775,4776
4776,4777
4776,4778
4779,4780
4780,4781
4780,4782
4783,4784
4784,4785
4786,4787
4787,4788
4789,4790
4790,4791
4790,4792
4793,4794
4794,4795
4796,4797
4798,4799
4799,4800
4800,4801
4800,4802
4800,4803
4804,4805
4805,4806
4805,4808
4806,4807
4809,4810
4810,4811
4812,4813
4814,4815
4815,4816
4816,4817
4816,4821
4817,4818
4818,4819
4819,4820
4821,4822
4823,4824
4824,4825
4824,4835
4825,4826
4826,4827
4826,4831
4827,4828
4828,4829
4829,4830
4831,4832
4832,4833
4832,4834
4835,4836
4836,4837
4836,4838
4839,4840
4839,4841
4839,4842
4839,4843
4839,4844
4844,4845
4845,4846
4847,4848
4847,4849
4847,4850
4847,4855
4847,4857
4850,4851
4850,4852
4852,4853
4853,4854
4855,4856
4857,4858
4858,4859
4858,4861
4858,4863
4858,4865
4858,4867
4858,4869
4859,4860
4861,4862
4863,4864
4865,4866
4867,4868
4870,4871
4870,4872
4870,4874
4870,4875
4872,4873
4875,4876
4877,4878
4877,4879
4879,4880
4879,4881
4879,4882
4879,4890
4879,4894
4882,4883
4882,4885
4883,4884
4885,4886
4886,4887
4887,4888
4888,4889
4890,4891
4891,4892
4892,4893
4894,4895
4894,4897
4895,4896
4897,4898
4898,4899
4899,4900
4900,4901
4901,4902
4902,4903
4902,4904
4902,4908
4904,4905
4905,4906
4906,4907
4909,4910
4909,4911
4909,4914
4909,4918
4909,4927
4911,4912
4912,4913
4914,4915
4915,4916
4916,4917
4918,4919
4919,4920
4920,4921
4920,4925
4921,4922
4922,4923
4923,4924
4925,4926
4927,4928
4929,4930
4929,4931
4929,4932
4929,4933
4929,4934
4929,4935
4929,4940
4929,4945
4929,4947
4935,4936
4935,4937
4937,4938
4938,4939
4940,4941
4940,4942
4942,4943
4943,4944
4945,4946
4947,4948
4947,4950
4948,4949
4950,4951
4951,4952
4951,4958
4952,4953
4952,4954
4952,4955
4952,4956
4956,4957
4958,4959
4958,4960
4958,4961
4962,4963
4963,4964
4964,4965
4964,4971
4965,4966
4965,4967
4965,4968
4965,4970
4968,4969
4971,4972
4971,4973
4971,4974
4974,4975
4975,4976
4977,4978
4977,4979
4977,4980
4977,4985
4977,4987
4980,4981
4980,4982
4982,4983
4983,4984
4985,4986
4987,4988
4988,4989
4988,4991
4988,4993
4988,4994
4988,4995
4989,4990
4991,4992
4996,4997
4996,4998
4998,4999
5000,5001
5000,5002
5000,5005
5000,5006
5000,5007
5000,5009
5000,5010
5000,5022
5002,5003
5003,5004
5007,5008
5010,5011
5011,5012
5011,5017
5012,5013
5012,5014
5012,5015
5012,5016
5017,5018
5017,5019
5017,5020
5020,5021
5023,5024
5025,5026
5025,5027
5025,5028
5025,5029
5025,5030
5025,5031
5031,5032
5033,5034
5033,5035
5033,5039
5035,5036
5035,5037
5037,5038
5039,5040
5039,5042
5039,5056
5040,5041
5042,5043
5043,5044
5043,5052
5044,5045
5044,5046
5044,5047
5044,5048
5044,5050
5048,5049
5050,5051
5052,5053
5052,5054
5052,5055
5057,5058
5057,5059
5057,5060
5057,5061
5061,5062
5062,5063
5064,5065
5064,5066
5064,5068
5064,5070
5064,5082
5066,5067
5068,5069
5070,5071
5071,5072
5071,5077
5072,5073
5072,5074
5072,5075
5072,5076
5077,5078
5077,5079
5077,5080
5080,5081
5083,5084
5084,5085
5084,5086
5086,5087
5086,5098
5087,5088
5087,5089
5087,5090
5087,5091
5087,5093
5087,5096
5091,5092
5093,5094
5094,5095
5096,5097
5098,5099
5098,5100
5098,5101
5101,5102
5103,5104
5103,5105
5106,5107
5106,5108
5106,5109
5106,5110
5110,5111
5112,5113
5112,5114
5112,5115
5112,5116
5112,5117
5117,5118
5119,5120
5119,5121
5119,5122
5119,5123
5124,5125
5124,5126
5124,5129
5124,5132
5126,5127
5127,5128
5129,5130
5129,5131
5132,5133
5134,5135
5134,5136
5134,5137
5134,5138
5134,5139
5139,5140
5140,5141
5141,5142
5142,5143
5144,5145
5144,5146
5144,5147
5144,5149
5144,5152
5144,5154
5144,5168
5147,5148
5149,5150
5150,5151
5152,5153
5154,5155
5155,5156
5155,5161
5156,5157
5156,5158
5156,5159
5156,5160
5161,5162
5161,5163
5161,5164
5161,5167
5164,5165
5165,5166
5169,5170
5169,5171
5169,5174
5169,5175
5169,5176
5169,5178
5169,5190
5171,5172
5172,5173
5176,5177
5178,5179
5179,5180
5179,5185
5180,5181
5180,5182
5180,5183
5180,5184
5185,5186
5185,5187
5185,5188
5188,5189
5191,5192
5191,5193
5191,5194
5191,5195
5191,5196
5196,5197
5198,5199
5198,5200
5198,5201
5198,5206
5198,5208
5201,5202
5201,5203
5203,5204
5204,5205
5206,5207
5208,5209
5209,5210
5209,5212
5209,5223
5209,5225
5209,5226
5210,5211
5212,5213
5213,5214
5214,5215
5214,5216
5214,5217
5217,5218
5218,5219
5218,5221
5219,5220
5221,5222
5223,5224
5227,5228
5229,5230
5229,5231
5229,5233
5231,5232
5233,5234
5234,5235
5234,5241
5235,5236
5235,5237
5235,5238
5235,5239
5239,5240
5241,5242
5241,5243
5241,5244
5245,5246
5245,5247
5247,5248
5248,5249
5248,5255
5249,5250
5249,5251
5249,5252
5249,5254
5252,5253
5255,5256
5255,5257
5255,5258
5259,5260
5259,5261
5262,5263
5262,5264
5262,5265
5262,5266
5262,5271
5262,5276
5266,5267
5266,5268
5268,5269
5269,5270
5271,5272
5271,5273
5273,5274
5274,5275
5276,5277
5276,5279
5276,5291
5277,5278
5279,5280
5280,5281
5280,5287
5281,5282
5281,5283
5281,5284
5281,5285
5285,5286
5287,5288
5287,5289
5287,5290
5292,5293
5292,5294
5292,5295
5295,5296
5295,5297
5297,5298
5297,5302
5298,5299
5298,5300
5298,5301
5302,5303
5302,5304
5302,5305
5305,5306
5306,5307
5308,5309
5308,5310
5308,5312
5308,5314
5308,5315
5308,5316
5308,5317
5308,5320
5308,5324
5308,5325
5308,5329
5308,5330
5308,5333
5308,5337
5308,5341
5308,5342
5308,5345
5310,5311
5312,5313
5317,5318
5318,5319
5320,5321
5321,5322
5321,5323
5325,5326
5326,5327
5326,5328
5330,5331
5331,5332
5333,5334
5334,5335
5334,5336
5337,5338
5338,5339
5338,5340
5342,5343
5343,5344
5345,5346
5346,5347
5346,5348
5349,5350
5349,5351
5349,5352
5349,5357
5349,5359
5352,5353
5352,5354
5354,5355
5355,5356
5357,5358
5359,5360
5360,5361
5360,5363
5360,5365
5360,5371
5361,5362
5363,5364
5365,5366
5366,5367
5367,5368
5367,5369
5367,5370
5372,5373
5372,5374
5372,5375
5372,5376
5372,5377
5377,5378
5378,5379
5378,5385
5379,5380
5379,5381
5379,5382
5379,5383
5383,5384
5385,5386
5385,5387
5385,5388
5388,5389
5390,5391
5390,5392
5392,5393
5394,5395
5394,5396
5394,5397
5394,5398
5394,5400
5394,5404
5394,5425
5398,5399
5400,5401
5401,5402
5401,5403
5404,5405
5405,5406
5405,5420
5406,5407
5406,5408
5406,5409
5406,5410
5406,5413
5406,5416
5406,5419
5410,5411
5410,5412
5413,5414
5413,5415
5416,5417
5416,5418
5420,5421
5420,5422
5420,5423
5423,5424
5426,5427
5426,5428
5428,5429
5430,5431
5430,5432
5430,5433
5430,5438
5433,5434
5433,5435
5435,5436
5436,5437
5438,5439
5439,5440
5439,5442
5439,5453
5440,5441
5442,5443
5443,5444
5444,5445
5444,5446
5444,5447
5447,5448
5448,5449
5448,5451
5449,5450
5451,5452
5453,5454
5455,5456
5455,5457
5455,5458
5455,5459
5459,5460
5461,5462
5461,5463
5464,5465
5464,5466
5464,5467
5464,5468
5469,5470
5469,5472
5469,5474
5469,5475
5469,5481
5469,5491
5470,5471
5472,5473
5475,5476
5476,5477
5476,5478
5478,5479
5479,5480
5481,5482
5482,5483
5482,5484
5484,5485
5484,5488
5484,5490
5485,5486
5486,5487
5488,5489
5491,5492
5491,5495
5491,5496
5492,5493
5492,5494
5496,5497
5497,5498
5497,5512
5498,5499
5498,5500
5498,5501
5498,5503
5498,5505
5498,5507
5498,5509
5498,5511
5501,5502
5503,5504
5505,5506
5507,5508
5509,5510
5513,5514
5513,5515
5513,5516
5513,5517
5517,5518
5519,5520
5519,5521
5519,5522
5519,5523
5523,5524
5524,5525
5525,5526
5526,5527
5528,5529
5528,5530
5528,5532
5528,5533
5530,5531
5533,5534
5535,5536
5535,5537
5535,5540
5535,5543
5537,5538
5538,5539
5540,5541
5541,5542
5543,5544
5544,5545
5544,5562
5545,5546
5545,5547
5545,5548
5545,5550
5545,5554
5545,5557
5545,5560
5548,5549
5550,5551
5550,5552
5552,5553
5554,5555
5555,5556
5557,5558
5558,5559
5560,5561
5562,5563
5562,5564
5562,5565
5566,5567
5566,5568
5566,5569
5566,5570
5566,5575
5566,5580
5570,5571
5570,5572
5572,5573
5573,5574
5575,5576
5575,5577
5577,5578
5578,5579
5580,5581
5580,5583
5580,5600
5580,5601
5581,5582
5583,5584
5584,5585
5584,5596
5585,5586
5585,5587
5585,5588
5585,5589
5585,5591
5585,5592
5585,5595
5589,5590
5592,5593
5593,5594
5596,5597
5596,5598
5596,5599
5602,5603
5602,5604
5602,5612
5604,5605
5604,5609
5605,5606
5605,5607
5605,5608
5609,5610
5609,5611
5613,5614
5613,5615
5615,5616
5616,5617
5618,5619
5618,5620
5618,5622
5618,5624
5618,5626
5618,5628
5618,5630
5618,5633
5618,5636
5618,5638
5618,5642
5618,5644
5618,5647
5618,5649
5618,5652
5618,5655
5618,5657
5618,5660
5618,5663
5618,5666
5618,5669
5618,5671
5618,5677
5618,5679
5618,5681
5618,5683
5618,5685
5618,5687
5618,5690
5618,5692
5618,5694
5618,5697
5618,5699
5618,5702
5618,5704
5618,5706
5618,5708
5618,5711
5618,5713
5618,5715
5620,5621
5622,5623
5624,5625
5626,5627
5628,5629
5630,5631
5631,5632
5633,5634
5634,5635
5636,5637
5638,5639
5639,5640
5639,5641
5642,5643
5644,5645
5645,5646
5647,5648
5649,5650
5650,5651
5652,5653
5653,5654
5655,5656
5657,5658
5658,5659
5660,5661
5661,5662
5663,5664
5664,5665
5666,5667
5667,5668
5669,5670
5671,5672
5672,5673
5673,5674
5674,5675
5674,5676
5677,5678
5679,5680
5681,5682
5683,5684
5685,5686
5687,5688
5688,5689
5690,5691
5692,5693
5694,5695
5695,5696
5697,5698
5699,5700
5700,5701
5702,5703
5704,5705
5706,5707
5708,5709
5709,5710
5711,5712
5713,5714
5715,5716
5716,5717
5718,5719
5718,5720
5718,5721
5718,5722
5722,5723
5723,5724
5723,5733
5724,5725
5724,5726
5724,5727
5724,5728
5724,5731
5728,5729
5729,5730
5731,5732
5733,5734
5733,5735
5733,5736
5736,5737
5738,5739
5738,5740
5738,5741
5738,5742
5738,5743
5738,5745
5738,5760
5743,5744
5745,5746
5746,5747
5746,5755
5747,5748
5747,5749
5747,5750
5747,5751
5747,5752
5747,5754
5752,5753
5755,5756
5755,5757
5755,5758
5758,5759
5761,5762
5761,5763
5761,5767
5761,5769
5761,5771
5761,5772
5763,5764
5764,5765
5765,5766
5767,5768
5769,5770
5772,5773
5773,5774
5773,5780
5774,5775
5774,5776
5774,5777
5774,5778
5778,5779
5780,5781
5780,5782
5780,5783
5783,5784
5785,5786
5785,5787
5785,5788
5785,5793
5785,5795
5785,5797
5785,5798
5785,5802
5785,5806
5788,5789
5788,5790
5790,5791
5791,5792
5793,5794
5795,5796
5798,5799
5798,5800
5800,5801
5802,5803
5802,5804
5804,5805
5806,5807
5807,5808
5807,5810
5807,5812
5807,5813
5808,5809
5810,5811
5814,5815
5814,5817
5814,5818
5814,5819
5814,5820
5814,5821
5814,5822
5814,5823
5814,5824
5815,5816
5824,5825
5825,5826
5826,5827
5826,5831
5827,5828
5827,5829
5827,5830
5831,5832
5831,5833
5831,5834
5835,5836
5835,5837
5835,5838
5835,5840
5835,5843
5835,5845
5835,5852
5835,5874
5835,5876
5835,5878
5838,5839
5840,5841
5841,5842
5843,5844
5845,5846
5845,5847
5845,5850
5847,5848
5848,5849
5850,5851
5852,5853
5852,5857
5852,5862
5853,5854
5853,5855
5855,5856
5857,5858
5857,5860
5858,5859
5860,5861
5862,5863
5862,5865
5862,5866
5862,5867
5862,5868
5862,5869
5862,5870
5862,5871
5862,5872
5862,5873
5863,5864
5874,5875
5876,5877
5878,5879
5880,5881
5880,5882
5880,5887
5882,5883
5882,5884
5884,5885
5885,5886
5887,5888
5888,5889
5888,5891
5888,5902
5888,5904
5888,5910
5889,5890
5891,5892
5892,5893
5893,5894
5893,5895
5893,5896
5896,5897
5897,5898
5897,5900
5898,5899
5900,5901
5902,5903
5904,5905
5905,5906
5906,5907
5906,5908
5906,5909
5911,5912
5911,5913
5911,5915
5911,5930
5913,5914
5915,5916
5915,5918
5916,5917
5918,5919
5918,5920
5920,5921
5921,5922
5921,5926
5922,5923
5923,5924
5923,5925
5926,5927
5927,5928
5927,5929
5931,5932
5931,5933
5934,5935
5934,5936
5934,5937
5937,5938
5938,5939
5939,5940
5939,5953
5940,5941
5940,5942
5940,5943
5943,5944
5943,5947
5944,5945
5944,5946
5947,5948
5948,5949
5949,5950
5950,5951
5950,5952
5953,5954
5953,5955
5953,5956
5957,5958
5957,5959
5959,5960
5960,5961
5960,5966
5961,5962
5961,5963
5961,5964
5964,5965
5966,5967
5966,5968
5966,5969
5970,5971
5970,5972
5970,5973
5970,5974
5970,5977
5974,5975
5975,5976
5977,5978
5978,5979
5978,5983
5979,5980
5979,5981
5979,5982
5983,5984
5983,5985
5983,5986
5986,5987
5988,5989
5989,5990
5989,5991
5991,5992
5991,6005
5992,5993
5992,5994
5992,5995
5992,5996
5992,5999
5992,6002
5996,5997
5997,5998
5999,6000
6000,6001
6002,6003
6003,6004
6005,6006
6005,6007
6005,6008
6008,6009
6010,6011
6010,6012
6010,6013
6010,6027
6013,6014
6014,6015
6014,6021
6015,6016
6015,6017
6015,6018
6015,6019
6019,6020
6021,6022
6021,6023
6021,6024
6024,6025
6025,6026
6027,6028
6029,6030
6029,6031
6029,6032
6033,6034
6033,6035
6033,6036
6033,6037
6037,6038
6037,6039
6039,6040
6039,6044
6040,6041
6040,6042
6040,6043
6044,6045
6044,6046
6044,6047
6047,6048
6049,6050
6049,6051
6049,6052
6049,6053
6049,6058
6049,6063
6049,6065
6053,6054
6053,6055
6055,6056
6056,6057
6058,6059
6058,6060
6060,6061
6061,6062
6063,6064
6065,6066
6066,6067
6066,6069
6066,6071
6066,6084
6066,6086
6066,6087
6066,6088
6067,6068
6069,6070
6071,6072
6072,6073
6073,6074
6073,6075
6073,6076
6073,6083
6076,6077
6076,6078
6078,6079
6078,6080
6080,6081
6081,6082
6084,6085
6089,6090
6089,6091
6089,6092
6089,6093
6093,6094
6094,6095
6096,6097
6096,6098
6096,6099
6096,6100
6100,6101
6102,6103
6102,6104
6102,6105
6102,6106
6102,6108
6102,6111
6102,6124
6106,6107
6108,6109
6109,6110
6111,6112
6112,6113
6112,6119
6113,6114
6113,6115
6113,6116
6113,6117
6113,6118
6119,6120
6119,6121
6119,6122
6122,6123
6125,6126
6125,6127
6125,6133
6125,6134
6125,6140
6125,6141
6125,6147
6125,6149
6125,6152
6125,6154
6127,6128
6127,6129
6129,6130
6130,6131
6131,6132
6134,6135
6134,6136
6136,6137
6137,6138
6138,6139
6141,6142
6141,6143
6143,6144
6144,6145
6145,6146
6147,6148
6149,6150
6150,6151
6152,6153
6154,6155
6155,6156
6155,6161
6156,6157
6156,6158
6156,6159
6159,6160
6161,6162
6161,6163
6161,6164
6164,6165
6164,6166
6167,6168
6167,6169
6167,6170
6167,6171
6167,6172
6172,6173
6173,6174
6174,6175
6175,6176
6177,6178
6177,6179
6179,6180
6180,6181
6180,6183
6180,6190
6181,6182
6183,6184
6184,6185
6185,6186
6185,6187
6185,6188
6188,6189
6190,6191
6192,6193
6192,6194
6192,6201
6194,6195
6195,6196
6195,6197
6197,6198
6198,6199
6199,6200
6202,6203
6202,6204
6205,6206
6205,6207
6205,6208
6209,6210
6209,6211
6209,6212
6209,6213
6209,6214
6209,6215
6209,6216
6216,6217
6217,6218
6218,6219
6219,6220
6221,6222
6221,6223
6221,6225
6223,6224
6225,6226
6227,6228
6227,6229
6227,6231
6227,6236
6229,6230
6231,6232
6231,6233
6233,6234
6234,6235
6236,6237
6237,6238
6237,6240
6237,6242
6237,6243
6237,6249
6238,6239
6240,6241
6243,6244
6244,6245
6245,6246
6245,6247
6245,6248
6250,6251
6250,6252
6250,6253
6253,6254
6254,6255
6255,6256
6255,6264
6256,6257
6256,6258
6256,6259
6256,6260
6260,6261
6261,6262
6261,6263
6264,6265
6264,6266
6264,6267
6268,6269
6268,6270
6270,6271
6271,6272
6273,6274
6273,6275
6273,6276
6273,6277
6273,6279
6273,6297
6277,6278
6279,6280
6280,6281
6280,6292
6281,6282
6281,6283
6281,6284
6281,6285
6281,6286
6281,6289
6281,6291
6286,6287
6287,6288
6289,6290
6292,6293
6292,6294
6292,6295
6295,6296
6298,6299
6298,6300
6298,6302
6298,6303
6298,6304
6298,6306
6298,6309
6298,6312
6298,6315
6298,6316
6298,6317
6298,6318
6298,6320
6298,6322
6298,6323
6300,6301
6304,6305
6306,6307
6307,6308
6309,6310
6310,6311
6312,6313
6313,6314
6318,6319
6320,6321
6324,6325
6324,6326
6324,6328
6324,6330
6324,6331
6324,6332
6324,6334
6324,6336
6324,6338
6324,6340
6324,6342
6324,6345
6324,6348
6324,6351
6326,6327
6328,6329
6332,6333
6334,6335
6336,6337
6338,6339
6340,6341
6342,6343
6343,6344
6345,6346
6346,6347
6348,6349
6348,6350
6351,6352
6351,6353
6354,6355
6354,6356
6354,6359
6354,6361
6354,6363
6354,6365
6354,6386
6354,6387
6354,6390
6354,6392
6356,6357
6357,6358
6359,6360
6361,6362
6363,6364
6365,6366
6366,6367
6366,6385
6367,6368
6367,6373
6368,6369
6368,6370
6368,6372
6370,6371
6373,6374
6373,6375
6373,6377
6375,6376
6377,6378
6377,6379
6377,6383
6379,6380
6379,6382
6380,6381
6383,6384
6387,6388
6387,6389
6390,6391
6392,6393
6392,6394
6395,6396
6395,6397
6395,6400
6395,6401
6395,6402
6395,6404
6395,6422
6397,6398
6398,6399
6402,6403
6404,6405
6405,6406
6405,6417
6406,6407
6406,6408
6406,6409
6406,6410
6406,6411
6406,6414
6406,6416
6411,6412
6412,6413
6414,6415
6417,6418
6417,6419
6417,6420
6420,6421
6423,6424
6423,6427
6423,6429
6424,6425
6425,6426
6427,6428
6429,6430
6430,6431
6430,6437
6431,6432
6431,6433
6431,6434
6431,6435
6435,6436
6437,6438
6437,6439
6437,6440
6440,6441
6442,6443
6442,6444
6442,6446
6442,6447
6442,6449
6442,6469
6442,6471
6442,6474
6444,6445
6447,6448
6449,6450
6450,6451
6451,6452
6452,6453
6453,6454
6454,6455
6454,6459
6455,6456
6456,6457
6456,6458
6459,6460
6459,6461
6461,6462
6462,6463
6463,6464
6464,6465
6465,6466
6465,6468
6466,6467
6469,6470
6471,6472
6471,6473
6474,6475
6476,6477
6476,6478
6476,6479
6476,6484
6479,6480
6479,6481
6481,6482
6482,6483
6484,6485
6484,6487
6484,6498
6485,6486
6487,6488
6488,6489
6488,6494
6489,6490
6489,6491
6489,6492
6489,6493
6494,6495
6494,6496
6494,6497
6500,6501
6500,6502
6502,6503
6503,6504
6505,6506
6505,6507
6507,6508
6508,6509
6508,6514
6509,6510
6509,6511
6509,6512
6512,6513
6514,6515
6514,6516
6514,6517
6518,6519
6518,6520
6518,6521
6518,6523
6518,6526
6518,6529
6518,6533
6521,6522
6523,6524
6523,6525
6526,6527
6526,6528
6529,6530
6530,6531
6530,6532
6533,6534
6533,6535
6536,6537
6536,6538
6536,6539
6540,6541
6540,6542
6540,6543
6540,6545
6540,6546
6540,6547
6540,6549
6540,6550
6540,6552
6540,6554
6543,6544
6547,6548
6550,6551
6552,6553
6554,6555
6555,6556
6555,6558
6556,6557
6559,6560
6559,6561
6559,6563
6559,6587
6561,6562
6563,6564
6563,6565
6565,6566
6565,6582
6566,6567
6566,6568
6566,6569
6566,6571
6566,6572
6566,6575
6566,6578
6566,6581
6569,6570
6572,6573
6573,6574
6575,6576
6576,6577
6578,6579
6579,6580
6582,6583
6582,6584
6582,6585
6585,6586
6588,6589
6588,6590
6588,6591
6588,6592
6592,6593
6593,6594
6595,6596
6595,6597
6595,6599
6595,6612
6597,6598
6599,6600
6600,6601
6600,6608
6601,6602
6601,6603
6601,6604
6601,6605
6601,6607
6605,6606
6608,6609
6608,6610
6608,6611
6613,6614
6613,6615
6613,6616
6613,6618
6613,6633
6616,6617
6618,6619
6618,6620
6620,6621
6620,6626
6621,6622
6621,6623
6621,6624
6621,6625
6626,6627
6626,6628
6626,6629
6626,6632
6629,6630
6630,6631
6634,6635
6634,6636
6634,6637
6634,6642
6637,6638
6637,6639
6639,6640
6640,6641
6642,6643
6643,6644
6643,6646
6643,6657
6643,6659
6644,6645
6646,6647
6647,6648
6648,6649
6648,6650
6648,6651
6651,6652
6652,6653
6652,6655
6653,6654
6655,6656
6657,6658
6660,6661
6660,6662
6660,6664
6660,6676
6662,6663
6664,6665
6665,6666
6665,6672
6666,6667
6666,6668
6666,6669
6666,6670
6666,6671
6672,6673
6672,6674
6672,6675
6677,6678
6677,6679
6677,6681
6677,6693
6679,6680
6681,6682
6682,6683
6682,6688
6683,6684
6683,6685
6683,6686
6683,6687
6688,6689
6688,6690
6688,6691
6691,6692
6694,6695
6694,6696
6694,6697
6694,6698
6698,6699
6699,6700
6700,6701
6701,6702
6703,6704
6703,6705
6703,6706
6703,6707
6707,6708
6708,6709
6708,6721
6709,6710
6709,6711
6709,6712
6712,6713
6712,6715
6712,6719
6713,6714
6715,6716
6715,6717
6717,6718
6719,6720
6721,6722
6721,6723
6721,6724
6725,6726
6725,6727
6725,6728
6725,6729
6729,6730
6731,6732
6731,6733
6734,6735
6734,6736
6734,6737
6734,6742
6734,6747
6737,6738
6737,6739
6739,6740
6740,6741
6742,6743
6742,6744
6744,6745
6745,6746
6747,6748
6747,6750
6747,6753
6747,6758
6748,6749
6750,6751
6751,6752
6753,6754
6754,6755
6754,6757
6755,6756
6758,6759
6758,6760
6761,6762
6761,6763
6761,6764
6761,6769
6761,6771
6761,6773
6761,6778
6764,6765
6764,6766
6766,6767
6767,6768
6769,6770
6771,6772
6773,6774
6773,6775
6775,6776
6776,6777
6778,6779
6779,6780
6779,6782
6779,6784
6779,6791
6779,6792
6780,6781
6782,6783
6784,6785
6785,6786
6786,6787
6786,6788
6786,6789
6789,6790
6793,6794
6793,6795
6793,6797
6793,6798
6793,6808
6793,6811
6793,6817
6795,6796
6798,6799
6798,6800
6800,6801
6800,6805
6800,6807
6801,6802
6802,6803
6803,6804
6805,6806
6808,6809
6809,6810
6811,6812
6811,6814
6812,6813
6814,6815
6815,6816
6819,6820
6819,6821
6819,6824
6819,6828
6819,6831
6819,6836
6819,6838
6821,6822
6822,6823
6824,6825
6824,6826
6824,6827
6828,6829
6828,6830
6831,6832
6831,6833
6831,6834
6834,6835
6836,6837
6839,6840
6839,6841
6839,6846
6839,6848
6841,6842
6841,6843
6843,6844
6844,6845
6846,6847
6848,6849
6850,6851
6850,6852
6850,6853
6853,6854
6855,6856
6855,6857
6855,6858
6855,6859
6859,6860
6860,6861
6860,6864
6861,6862
6861,6863
6864,6865
6864,6866
6864,6867
6867,6868
6869,6870
6869,6871
6869,6872
6869,6873
6873,6874
6874,6875
6875,6876
6876,6877
6878,6879
6878,6880
6878,6881
6878,6886
6878,6891
6878,6903
6881,6882
6881,6883
6883,6884
6884,6885
6886,6887
6886,6888
6888,6889
6889,6890
6891,6892
6892,6893
6892,6895
6892,6897
6892,6899
6892,6901
6893,6894
6895,6896
6897,6898
6899,6900
6901,6902
6903,6904
6904,6905
6904,6906
6904,6913
6906,6907
6907,6908
6907,6909
6907,6910
6907,6911
6911,6912
6913,6914
6914,6915
6914,6916
6914,6917
6914,6918
6918,6919
6920,6921
6920,6922
6920,6923
6923,6924
6924,6925
6926,6927
6926,6928
6926,6929
6926,6930
6926,6931
6931,6932
6933,6934
6933,6935
6933,6937
6933,6939
6933,6940
6933,6941
6933,6942
6933,6945
6933,6949
6933,6950
6933,6954
6933,6955
6933,6958
6933,6962
6933,6966
6933,6967
6933,6970
6935,6936
6937,6938
6942,6943
6943,6944
6945,6946
6946,6947
6946,6948
6950,6951
6951,6952
6951,6953
6955,6956
6956,6957
6958,6959
6959,6960
6959,6961
6962,6963
6963,6964
6963,6965
6967,6968
6968,6969
6970,6971
6971,6972
6971,6973
6974,6975
6974,6976
6977,6978
6977,6979
6977,6980
6981,6982
6981,6983
6981,6989
6981,6996
6981,7003
6981,7010
6981,7016
6981,7023
6981,7030
6981,7037
6981,7043
6981,7049
6981,7055
6981,7062
6981,7068
6981,7074
6981,7080
6983,6984
6983,6985
6985,6986
6986,6987
6986,6988
6989,6990
6989,6991
6991,6992
6992,6993
6992,6994
6994,6995
6996,6997
6996,6998
6998,6999
6999,7000
6999,7001
7001,7002
7003,7004
7003,7005
7005,7006
7006,7007
7006,7008
7008,7009
7010,7011
7010,7012
7012,7013
7013,7014
7013,7015
7016,7017
7016,7018
7018,7019
7019,7020
7019,7021
7021,7022
7023,7024
7023,7025
7025,7026
7026,7027
7026,7028
7028,7029
7030,7031
7030,7032
7032,7033
7033,7034
7033,7035
7035,7036
7037,7038
7037,7039
7039,7040
7040,7041
7040,7042
7043,7044
7043,7045
7045,7046
7046,7047
7046,7048
7049,7050
7049,7051
7051,7052
7052,7053
7052,7054
7055,7056
7055,7057
7057,7058
7058,7059
7058,7060
7060,7061
7062,7063
7062,7064
7064,7065
7065,7066
7065,7067
7068,7069
7068,7070
7070,7071
7071,7072
7071,7073
7074,7075
7074,7076
7076,7077
7077,7078
7077,7079
7080,7081
7080,7082
7082,7083
7083,7084
7083,7085
7086,7087
7086,7088
7086,7089
7086,7090
7086,7091
7086,7092
7086,7093
7093,7094
7094,7095
7096,7097
7096,7098
7096,7099
7096,7101
7096,7102
7096,7103
7096,7106
7096,7107
7096,7109
7096,7125
7099,7100
7103,7104
7104,7105
7107,7108
7109,7110
7110,7111
7110,7121
7111,7112
7111,7113
7111,7114
7111,7117
7111,7120
7114,7115
7115,7116
7117,7118
7117,7119
7121,7122
7121,7123
7121,7124
7126,7127
7126,7128
7126,7129
7126,7130
7126,7131
7126,7132
7126,7133
7126,7135
7126,7136
7126,7137
7126,7138
7126,7139
7126,7152
7126,7164
7133,7134
7139,7140
7139,7141
7141,7142
7141,7143
7141,7144
7141,7145
7145,7146
7145,7147
7145,7150
7147,7148
7148,7149
7150,7151
7152,7153
7152,7154
7154,7155
7154,7156
7154,7157
7154,7158
7158,7159
7158,7160
7158,7162
7160,7161
7162,7163
7165,7166
7165,7167
7165,7168
7165,7169
7165,7174
7165,7179
7169,7170
7169,7171
7171,7172
7172,7173
7174,7175
7174,7176
7176,7177
7177,7178
7179,7180
7179,7182
7179,7194
7180,7181
7182,7183
7183,7184
7183,7190
7184,7185
7184,7186
7184,7187
7184,7188
7188,7189
7190,7191
7190,7192
7190,7193
7195,7196
7195,7197
7195,7205
7197,7198
7197,7202
7198,7199
7198,7200
7198,7201
7202,7203
7202,7204
7206,7207
7206,7208
7206,7210
7206,7211
7206,7212
7206,7214
7206,7217
7208,7209
7212,7213
7214,7215
7215,7216
7217,7218
7218,7219
7218,7220
7221,7222
7221,7223
7221,7224
7221,7225
7221,7226
7226,7227
7227,7228
7228,7229
7229,7230
7231,7232
7231,7233
7234,7235
7234,7236
7234,7237
7234,7242
7234,7248
7234,7251
7237,7238
7237,7239
7239,7240
7240,7241
7242,7243
7242,7245
7243,7244
7245,7246
7246,7247
7248,7249
7249,7250
7251,7252
7251,7254
7252,7253
7254,7255
7255,7256
7255,7267
7256,7257
7256,7258
7256,7259
7256,7260
7256,7261
7256,7266
7261,7262
7261,7263
7263,7264
7264,7265
7267,7268
7267,7269
7267,7270
7271,7272
7271,7273
7271,7274
7271,7279
7274,7275
7274,7276
7276,7277
7277,7278
7279,7280
7280,7281
7280,7283
7280,7285
7280,7287
7280,7289
7281,7282
7283,7284
7285,7286
7287,7288
7290,7291
7290,7292
7290,7293
7290,7294
7290,7295
7295,7296
7296,7297
7297,7298
7298,7299
7300,7301
7300,7302
7302,7303
7303,7304
7305,7306
7305,7307
7307,7308
7308,7309
7310,7311
7310,7312
7310,7314
7310,7316
7310,7339
7310,7340
7310,7342
7310,7343
7310,7345
7310,7361
7312,7313
7314,7315
7316,7317
7317,7318
7317,7334
7318,7319
7318,7320
7318,7321
7318,7322
7318,7324
7318,7333
7322,7323
7324,7325
7324,7327
7325,7326
7327,7328
7328,7329
7328,7331
7329,7330
7331,7332
7334,7335
7334,7336
7334,7337
7337,7338
7340,7341
7343,7344
7345,7346
7345,7348
7346,7347
7348,7349
7348,7356
7349,7350
7349,7351
7349,7352
7349,7353
7349,7355
7353,7354
7356,7357
7356,7358
7356,7359
7359,7360
7362,7363
7362,7364
7362,7365
7366,7367
7366,7368
7366,7369
7366,7370
7366,7371
7371,7372
7372,7373
7373,7374
7374,7375
7376,7377
7376,7378
7376,7380
7376,7383
7378,7379
7380,7381
7381,7382
7383,7384
7384,7385
7384,7389
7385,7386
7385,7387
7385,7388
7389,7390
7389,7391
7392,7393
7392,7394
7395,7396
7395,7397
7395,7398
7395,7399
7395,7400
7395,7401
7395,7402
7403,7404
7403,7405
7403,7407
7403,7429
7405,7406
7407,7408
7407,7409
7409,7410
7409,7424
7410,7411
7410,7412
7410,7413
7410,7414
7410,7416
7410,7417
7410,7420
7410,7423
7414,7415
7417,7418
7418,7419
7420,7421
7421,7422
7424,7425
7424,7426
7424,7427
7427,7428
7430,7431
7430,7432
7430,7434
7430,7447
7432,7433
7434,7435
7435,7436
7435,7443
7436,7437
7436,7438
7436,7439
7436,7440
7436,7442
7440,7441
7443,7444
7443,7445
7443,7446
7448,7449
7448,7450
7448,7451
7448,7452
7448,7453
7448,7454
7448,7455
7448,7456
7448,7457
7448,7458
7448,7459
7448,7460
7448,7461
7448,7462
7448,7463
7448,7464
7448,7465
7448,7466
7448,7467
7448,7468
7448,7469
7448,7470
7448,7472
7448,7474
7448,7476
7448,7478
7448,7509
7448,7515
7448,7523
7448,7525
7448,7538
7448,7540
7448,7542
7448,7544
7448,7546
7448,7548
7448,7550
7470,7471
7472,7473
7474,7475
7476,7477
7478,7479
7479,7480
7480,7481
7480,7482
7480,7483
7480,7485
7480,7490
7480,7492
7480,7494
7480,7502
7480,7506
7483,7484
7485,7486
7486,7487
7487,7488
7487,7489
7490,7491
7492,7493
7494,7495
7494,7499
7495,7496
7495,7497
7497,7498
7499,7500
7500,7501
7502,7503
7503,7504
7504,7505
7506,7507
7507,7508
7509,7510
7510,7511
7510,7512
7510,7513
7510,7514
7515,7516
7515,7517
7517,7518
7518,7519
7518,7521
7519,7520
7521,7522
7523,7524
7525,7526
7526,7527
7526,7530
7526,7533
7526,7536
7526,7537
7527,7528
7528,7529
7530,7531
7531,7532
7533,7534
7534,7535
7538,7539
7540,7541
7542,7543
7544,7545
7546,7547
7548,7549
7550,7551
7552,7553
7552,7554
7554,7555
7555,7556
7555,7560
7556,7557
7556,7558
7556,7559
7560,7561
7560,7562
7560,7563
7564,7565
7564,7566
7564,7567
7564,7572
7567,7568
7567,7569
7569,7570
7570,7571
7572,7573
7573,7574
7573,7576
7573,7587
7574,7575
7576,7577
7577,7578
7578,7579
7578,7580
7578,7581
7581,7582
7582,7583
7582,7585
7583,7584
7585,7586
7587,7588
7589,7590
7589,7591
7591,7592
7592,7593
7592,7599
7593,7594
7593,7595
7593,7596
7593,7597
7597,7598
7599,7600
7599,7601
7599,7602
7603,7604
7603,7605
7603,7606
7603,7612
7603,7617
7603,7625
7606,7607
7607,7608
7608,7609
7609,7610
7609,7611
7612,7613
7613,7614
7613,7615
7615,7616
7617,7618
7618,7619
7618,7621
7618,7624
7619,7620
7621,7622
7622,7623
7625,7626
7626,7627
7628,7629
7628,7630
7628,7631
7628,7632
7632,7633
7633,7634
7635,7636
7635,7637
7635,7638
7635,7639
7635,7640
7635,7641
7635,7646
7635,7651
7635,7655
7635,7662
7641,7642
7641,7643
7643,7644
7644,7645
7646,7647
7647,7648
7647,7649
7647,7650
7651,7652
7651,7653
7653,7654
7655,7656
7656,7657
7656,7660
7657,7658
7657,7659
7660,7661
7662,7663
7663,7664
7663,7666
7663,7668
7663,7670
7663,7672
7664,7665
7666,7667
7668,7669
7670,7671
7673,7674
7673,7675
7673,7676
7673,7681
7673,7683
7676,7677
7676,7678
7678,7679
7679,7680
7681,7682
7683,7684
7684,7685
7684,7687
7684,7689
7684,7691
7684,7692
7684,7693
7685,7686
7687,7688
7689,7690
7694,7695
7694,7696
7694,7697
7698,7699
7698,7700
7698,7701
7698,7702
7702,7703
7704,7705
7704,7706
7704,7708
7704,7720
7706,7707
7708,7709
7709,7710
7709,7716
7710,7711
7710,7712
7710,7713
7710,7715
7713,7714
7716,7717
7716,7718
7716,7719
7721,7722
7721,7724
7722,7723
7724,7725
7726,7727
7726,7728
7728,7729
7729,7730
7731,7732
7733,7734
7733,7735
7733,7736
7733,7741
7736,7737
7736,7738
7738,7739
7739,7740
7741,7742
7742,7743
7742,7745
7742,7747
7742,7762
7743,7744
7745,7746
7747,7748
7748,7749
7749,7750
7749,7751
7749,7752
7749,7758
7752,7753
7753,7754
7753,7756
7754,7755
7756,7757
7758,7759
7759,7760
7759,7761
7762,7763
7764,7765
7764,7766
7764,7768
7766,7767
7768,7769
7769,7770
7769,7777
7770,7771
7770,7772
7770,7773
7770,7774
7774,7775
7774,7776
7777,7778
7777,7779
7777,7780
7781,7782
7781,7784
7781,7786
7781,7800
7781,7801
7781,7803
7781,7807
7781,7810
7781,7812
7781,7813
7781,7814
7782,7783
7784,7785
7786,7787
7786,7788
7788,7789
7788,7795
7789,7790
7789,7791
7789,7792
7789,7793
7789,7794
7795,7796
7795,7797
7795,7798
7798,7799
7801,7802
7803,7804
7804,7805
7804,7806
7807,7808
7808,7809
7810,7811
7815,7816
7815,7817
7815,7818
7818,7819
7819,7820
7820,7821
7821,7822
7823,7824
7823,7825
7826,7827
7826,7828
7826,7829
7826,7830
7826,7831
7826,7832
7826,7833
7826,7835
7826,7837
7826,7839
7826,7841
7826,7843
7826,7877
7826,7879
7826,7880
7826,7886
7826,7891
7826,7893
7826,7906
7833,7834
7835,7836
7837,7838
7839,7840
7841,7842
7843,7844
7844,7845
7845,7846
7845,7847
7845,7848
7845,7850
7845,7855
7845,7859
7845,7870
7845,7874
7848,7849
7850,7851
7851,7852
7852,7853
7852,7854
7855,7856
7856,7857
7857,7858
7859,7860
7859,7866
7860,7861
7860,7863
7861,7862
7863,7864
7864,7865
7866,7867
7867,7868
7868,7869
7870,7871
7871,7872
7872,7873
7874,7875
7875,7876
7877,7878
7880,7881
7881,7882
7881,7883
7881,7884
7881,7885
7886,7887
7886,7889
7887,7888
7889,7890
7891,7892
7893,7894
7894,7895
7894,7898
7894,7901
7894,7904
7894,7905
7895,7896
7896,7897
7898,7899
7899,7900
7901,7902
7902,7903
7906,7907
7907,7908
7909,7910
7909,7911
7909,7913
7909,7918
7911,7912
7913,7914
7914,7915
7914,7916
7914,7917
7918,7919
7919,7920
7919,7933
7920,7921
7920,7922
7920,7923
7920,7925
7920,7929
7920,7932
7923,7924
7925,7926
7926,7927
7926,7928
7929,7930
7929,7931
7933,7934
7933,7935
7933,7936
7936,7937
7938,7939
7938,7940
7938,7942
7938,7943
7938,7945
7940,7941
7943,7944
7945,7946
7946,7947
7946,7955
7947,7948
7947,7949
7947,7950
7947,7951
7951,7952
7951,7953
7953,7954
7955,7956
7955,7957
7955,7958
7959,7960
7959,7961
7959,7962
7959,7963
7963,7964
7964,7965
7964,7974
7965,7966
7965,7967
7965,7968
7965,7969
7965,7972
7969,7970
7970,7971
7972,7973
7974,7975
7974,7976
7974,7977
7977,7978
7979,7980
7979,7981
7979,7984
7981,7982
7982,7983
7984,7985
7984,7986
7984,7988
7986,7987
7988,7989
7990,7991
7990,7992
7990,7993
7990,7995
7990,7998
7990,8001
7990,8002
7990,8003
7990,8006
7990,8044
7990,8046
7993,7994
7995,7996
7996,7997
7998,7999
7999,8000
8003,8004
8004,8005
8006,8007
8007,8008
8008,8009
8008,8010
8008,8011
8008,8012
8008,8013
8008,8014
8008,8017
8008,8019
8008,8023
8008,8029
8008,8035
8008,8042
8014,8015
8015,8016
8017,8018
8019,8020
8019,8021
8021,8022
8023,8024
8024,8025
8024,8027
8024,8028
8025,8026
8029,8030
8030,8031
8030,8033
8030,8034
8031,8032
8035,8036
8035,8039
8036,8037
8037,8038
8039,8040
8040,8041
8042,8043
8044,8045
8046,8047
8048,8049
8048,8050
8048,8051
8052,8053
8052,8054
8052,8055
8052,8060
8052,8062
8055,8056
8055,8057
8057,8058
8058,8059
8060,8061
8062,8063
8062,8065
8063,8064
8065,8066
8066,8067
8066,8075
8067,8068
8067,8069
8067,8070
8067,8071
8067,8073
8071,8072
8073,8074
8075,8076
8075,8077
8075,8078
8079,8080
8079,8081
8079,8084
8079,8085
8079,8086
8079,8088
8079,8102
8081,8082
8082,8083
8086,8087
8088,8089
8088,8090
8090,8091
8090,8097
8091,8092
8091,8093
8091,8094
8091,8095
8091,8096
8097,8098
8097,8099
8097,8100
8100,8101
8103,8104
8103,8105
8103,8106
8106,8107
8108,8109
8108,8110
8108,8112
8108,8115
8108,8118
8108,8120
8108,8122
8108,8123
8110,8111
8112,8113
8113,8114
8115,8116
8116,8117
8118,8119
8120,8121
8123,8124
8125,8126
8125,8127
8125,8129
8125,8151
8127,8128
8129,8130
8129,8131
8131,8132
8131,8146
8132,8133
8132,8134
8132,8135
8132,8136
8132,8138
8132,8139
8132,8142
8132,8145
8136,8137
8139,8140
8140,8141
8142,8143
8143,8144
8146,8147
8146,8148
8146,8149
8149,8150
8152,8153
8152,8154
8152,8155
8152,8157
8152,8172
8155,8156
8157,8158
8157,8159
8159,8160
8159,8165
8160,8161
8160,8162
8160,8163
8160,8164
8165,8166
8165,8167
8165,8168
8165,8171
8168,8169
8169,8170
8173,8174
8173,8175
8173,8176
8173,8181
8176,8177
8176,8178
8178,8179
8179,8180
8181,8182
8182,8183
8182,8185
8182,8187
8182,8189
8182,8191
8182,8193
8183,8184
8185,8186
8187,8188
8189,8190
8191,8192
8194,8195
8194,8196
8196,8197
8197,8198
8199,8200
8199,8201
8199,8204
8199,8207
8201,8202
8202,8203
8204,8205
8205,8206
8207,8208
8209,8210
8209,8211
8209,8212
8209,8214
8209,8217
8209,8220
8209,8224
8209,8228
8209,8231
8209,8234
8209,8238
8209,8241
8209,8243
8209,8249
8209,8252
8209,8257
8209,8260
8209,8262
8209,8271
8212,8213
8214,8215
8215,8216
8217,8218
8218,8219
8220,8221
8221,8222
8221,8223
8224,8225
8225,8226
8225,8227
8228,8229
8229,8230
8231,8232
8232,8233
8234,8235
8235,8236
8235,8237
8238,8239
8239,8240
8241,8242
8243,8244
8244,8245
8245,8246
8245,8247
8245,8248
8249,8250
8250,8251
8252,8253
8253,8254
8253,8256
8254,8255
8257,8258
8258,8259
8260,8261
8262,8263
8263,8264
8264,8265
8264,8269
8265,8266
8266,8267
8267,8268
8269,8270
8271,8272
8272,8273
8272,8283
8273,8274
8274,8275
8274,8279
8275,8276
8276,8277
8277,8278
8279,8280
8280,8281
8280,8282
8283,8284
8284,8285
8284,8286
8287,8288
8287,8289
8287,8290
8287,8295
8287,8297
8290,8291
8290,8292
8292,8293
8293,8294
8295,8296
8297,8298
8297,8300
8297,8312
8297,8313
8298,8299
8300,8301
8301,8302
8301,8308
8302,8303
8302,8304
8302,8305
8302,8306
8306,8307
8308,8309
8308,8310
8308,8311
8314,8315
8314,8316
8314,8317
8314,8318
8314,8319
8319,8320
8320,8321
8322,8323
8322,8324
8322,8327
8322,8329
8322,8331
8322,8334
8322,8352
8324,8325
8325,8326
8327,8328
8329,8330
8331,8332
8332,8333
8334,8335
8335,8336
8335,8347
8336,8337
8336,8338
8336,8339
8336,8340
8336,8342
8336,8346
8340,8341
8342,8343
8343,8344
8343,8345
8347,8348
8347,8349
8347,8350
8350,8351
8353,8354
8353,8355
8353,8356
8356,8357
8358,8359
8358,8360
8360,8361
8362,8363
8362,8364
8362,8365
8362,8366
8362,8367
8362,8368
8362,8373
8362,8378
8362,8380
8368,8369
8368,8370
8370,8371
8371,8372
8373,8374
8373,8375
8375,8376
8376,8377
8378,8379
8380,8381
8380,8383
8381,8382
8383,8384
8384,8385
8384,8391
8385,8386
8385,8387
8385,8388
8385,8389
8389,8390
8391,8392
8391,8393
8391,8394
8395,8396
8395,8397
8395,8399
8395,8415
8397,8398
8399,8400
8400,8401
8400,8411
8401,8402
8401,8403
8401,8404
8401,8405
8401,8407
8401,8410
8405,8406
8407,8408
8408,8409
8411,8412
8411,8413
8411,8414
8416,8417
8416,8418
8416,8420
8416,8426
8416,8433
8416,8440
8416,8447
8416,8453
8416,8460
8416,8467
8416,8474
8416,8480
8416,8486
8416,8492
8416,8498
8416,8504
8416,8505
8416,8512
8416,8518
8416,8524
8418,8419
8420,8421
8420,8422
8422,8423
8423,8424
8423,8425
8426,8427
8426,8428
8428,8429
8429,8430
8429,8431
8431,8432
8433,8434
8433,8435
8435,8436
8436,8437
8436,8438
8438,8439
8440,8441
8440,8442
8442,8443
8443,8444
8443,8445
8445,8446
8447,8448
8447,8449
8449,8450
8450,8451
8450,8452
8453,8454
8453,8455
8455,8456
8456,8457
8456,8458
8458,8459
8460,8461
8460,8462
8462,8463
8463,8464
8463,8465
8465,8466
8467,8468
8467,8469
8469,8470
8470,8471
8470,8472
8472,8473
8474,8475
8474,8476
8476,8477
8477,8478
8477,8479
8480,8481
8480,8482
8482,8483
8483,8484
8483,8485
8486,8487
8486,8488
8488,8489
8489,8490
8489,8491
8492,8493
8492,8494
8494,8495
8495,8496
8495,8497
8498,8499
8498,8500
8500,8501
8501,8502
8501,8503
8505,8506
8505,8507
8507,8508
8508,8509
8508,8510
8510,8511
8512,8513
8512,8514
8514,8515
8515,8516
8515,8517
8518,8519
8518,8520
8520,8521
8521,8522
8521,8523
8524,8525
8524,8526
8526,8527
8527,8528
8527,8529
8530,8531
8530,8532
8530,8534
8530,8536
8530,8550
8532,8533
8534,8535
8536,8537
8537,8538
8537,8546
8538,8539
8538,8540
8538,8541
8538,8542
8538,8543
8538,8545
8543,8544
8546,8547
8546,8548
8546,8549
8551,8552
8551,8553
8551,8554
8551,8560
8554,8555
8555,8556
8556,8557
8557,8558
8557,8559
8560,8561
8561,8562
8561,8563
8563,8564
8565,8566
8565,8567
8565,8569
8565,8571
8565,8572
8565,8573
8565,8575
8565,8577
8565,8579
8565,8581
8565,8583
8565,8586
8565,8589
8565,8592
8567,8568
8569,8570
8573,8574
8575,8576
8577,8578
8579,8580
8581,8582
8583,8584
8584,8585
8586,8587
8587,8588
8589,8590
8589,8591
8592,8593
8592,8594
8595,8596
8595,8597
8595,8598
8595,8599
8595,8600
8600,8601
8602,8603
8602,8604
8602,8605
8605,8606
8607,8608
8607,8609
8609,8610
8609,8612
8609,8613
8610,8611
8613,8614
8613,8615
8613,8618
8615,8616
8615,8617
8618,8619
8618,8621
8619,8620
8621,8622
8623,8624
8623,8625
8623,8627
8623,8641
8625,8626
8627,8628
8628,8629
8628,8634
8629,8630
8629,8631
8629,8632
8629,8633
8634,8635
8634,8636
8634,8637
8634,8640
8637,8638
8638,8639
8642,8643
8644,8645
8644,8646
8644,8648
8644,8667
8646,8647
8648,8649
8648,8650
8650,8651
8650,8662
8651,8652
8651,8653
8651,8654
8651,8655
8651,8657
8651,8660
8651,8661
8655,8656
8657,8658
8658,8659
8662,8663
8662,8664
8662,8665
8665,8666
8668,8669
8668,8670
8668,8671
8671,8672
8672,8673
8673,8674
8674,8675
8676,8677
8676,8678
8678,8679
8679,8680
8679,8686
8680,8681
8680,8682
8680,8683
8680,8684
8684,8685
8686,8687
8686,8688
8686,8689
8690,8691
8691,8692
8693,8694
8693,8695
8693,8696
8693,8697
8697,8698
8698,8699
8700,8701
8700,8702
8700,8703
8700,8704
8704,8705
8705,8706
8706,8707
8707,8708
8709,8710
8709,8711
8709,8716
8709,8718
8709,8720
8709,8729
8709,8731
8711,8712
8711,8713
8713,8714
8714,8715
8716,8717
8718,8719
8720,8721
8720,8724
8721,8722
8721,8723
8724,8725
8724,8728
8725,8726
8726,8727
8729,8730
8731,8732
8733,8734
8733,8735
8733,8736
8733,8737
8733,8742
8733,8747
8733,8749
8733,8753
8737,8738
8737,8739
8739,8740
8740,8741
8742,8743
8742,8744
8744,8745
8745,8746
8747,8748
8749,8750
8750,8751
8750,8752
8753,8754
8754,8755
8754,8757
8754,8759
8754,8766
8754,8768
8754,8769
8754,8770
8754,8771
8755,8756
8757,8758
8759,8760
8760,8761
8761,8762
8761,8763
8761,8764
8764,8765
8766,8767
8772,8773
8772,8774
8772,8775
8772,8780
8772,8793
8775,8776
8775,8777
8777,8778
8778,8779
8780,8781
8781,8782
8781,8784
8781,8786
8781,8788
8781,8790
8781,8792
8782,8783
8784,8785
8786,8787
8788,8789
8790,8791
8793,8794
8794,8795
8794,8796
8794,8803
8796,8797
8797,8798
8797,8799
8797,8800
8797,8801
8801,8802
8803,8804
8804,8805
8804,8806
8804,8807
8804,8808
8808,8809
8810,8811
8810,8812
8810,8813
8810,8814
8814,8815
8816,8817
8816,8818
8816,8819
8819,8820
8821,8822
8821,8823
8821,8824
8821,8825
8821,8826
8826,8827
8828,8829
8828,8830
8828,8832
8828,8834
8828,8836
8830,8831
8832,8833
8834,8835
8836,8837
8838,8839
8838,8840
8838,8841
8838,8842
8838,8844
8838,8847
8838,8862
8842,8843
8844,8845
8845,8846
8847,8848
8848,8849
8848,8857
8849,8850
8849,8851
8849,8852
8849,8853
8849,8854
8849,8856
8854,8855
8857,8858
8857,8859
8857,8860
8860,8861
8863,8864
8863,8865
8863,8866
8863,8867
8863,8868
8863,8869
8869,8870
8871,8872
8871,8873
8871,8874
8871,8875
8871,8876
8871,8877
8871,8879
8871,8881
8871,8883
8871,8885
8877,8878
8879,8880
8881,8882
8883,8884
8885,8886
8887,8888
8887,8889
8887,8890
8887,8893
8887,8895
8887,8896
8887,8897
8887,8899
8887,8917
8890,8891
8891,8892
8893,8894
8897,8898
8899,8900
8900,8901
8900,8912
8901,8902
8901,8903
8901,8904
8901,8905
8901,8908
8901,8911
8905,8906
8906,8907
8908,8909
8908,8910
8912,8913
8912,8914
8912,8915
8915,8916
8918,8919
8918,8920
8918,8921
8922,8923
8922,8924
8922,8925
8925,8926
8927,8928
8927,8929
8927,8931
8927,8933
8927,8936
8927,8938
8927,8940
8927,8941
8927,8961
8929,8930
8931,8932
8933,8934
8934,8935
8936,8937
8938,8939
8941,8942
8942,8943
8942,8956
8943,8944
8943,8945
8943,8946
8943,8947
8943,8949
8943,8951
8943,8953
8943,8955
8947,8948
8949,8950
8951,8952
8953,8954
8956,8957
8956,8958
8956,8959
8959,8960
8962,8963
8962,8964
8962,8965
8962,8966
8966,8967
8967,8968
8968,8969
8969,8970
8971,8972
8971,8974
8971,8975
8971,8976
8971,8977
8971,8978
8971,8979
8971,8980
8972,8973
8980,8981
8981,8982
8981,8987
8982,8983
8982,8984
8982,8985
8985,8986
8987,8988
8987,8989
8987,8990
8990,8991
8992,8993
8992,8994
8992,8996
8992,9010
8994,8995
8996,8997
8997,8998
8997,9006
8998,8999
8998,9000
8998,9001
8998,9002
8998,9003
8998,9005
9003,9004
9006,9007
9006,9008
9006,9009
9011,9012
9011,9013
9011,9014
9011,9015
9015,9016
9016,9017
9019,9020
9019,9021
9019,9023
9019,9025
9019,9040
9021,9022
9023,9024
9025,9026
9026,9027
9026,9036
9027,9028
9027,9029
9027,9030
9027,9031
9027,9032
9027,9035
9032,9033
9032,9034
9036,9037
9036,9038
9036,9039
9041,9042
9041,9043
9041,9044
9041,9049
9041,9051
9041,9054
9041,9056
9041,9057
9041,9060
9041,9064
9041,9068
9041,9071
9041,9074
9041,9078
9041,9081
9041,9083
9041,9089
9041,9092
9041,9095
9041,9098
9041,9100
9041,9105
9041,9110
9041,9119
9044,9045
9044,9046
9046,9047
9046,9048
9049,9050
9051,9052
9052,9053
9054,9055
9057,9058
9058,9059
9060,9061
9061,9062
9061,9063
9064,9065
9065,9066
9065,9067
9068,9069
9069,9070
9071,9072
9072,9073
9074,9075
9075,9076
9075,9077
9078,9079
9079,9080
9081,9082
9083,9084
9084,9085
9085,9086
9085,9087
9085,9088
9089,9090
9090,9091
9092,9093
9093,9094
9095,9096
9096,9097
9098,9099
9100,9101
9101,9102
9102,9103
9103,9104
9105,9106
9106,9107
9106,9109
9107,9108
9110,9111
9111,9112
9112,9113
9112,9117
9113,9114
9114,9115
9115,9116
9117,9118
9119,9120
9120,9121
9120,9131
9121,9122
9122,9123
9122,9127
9123,9124
9124,9125
9125,9126
9127,9128
9128,9129
9128,9130
9131,9132
9132,9133
9132,9134
9135,9136
9135,9137
9135,9138
9135,9139
9139,9140
9140,9141
9142,9143
9142,9144
9144,9145
9146,9147
9146,9148
9148,9149
9149,9150
9151,9152
9151,9153
9151,9154
9151,9155
9155,9156
9156,9157
9157,9158
9158,9159
9160,9161
9160,9162
9162,9163
9163,9164
9164,9165
9164,9166
9164,9168
9164,9170
9164,9176
9164,9178
9164,9181
9166,9167
9168,9169
9170,9171
9170,9173
9171,9172
9173,9174
9174,9175
9176,9177
9178,9179
9179,9180
9181,9182
9182,9183
9183,9184
9183,9185
9183,9186
9183,9187
9183,9188
9183,9189
9189,9190
9189,9191
9189,9193
9191,9192
9193,9194
9193,9197
9193,9199
9194,9195
9195,9196
9197,9198
9199,9200
9200,9201
9201,9202
9201,9203
9204,9205
9204,9206
9204,9208
9204,9223
9206,9207
9208,9209
9208,9210
9210,9211
9210,9219
9211,9212
9211,9213
9211,9214
9211,9215
9211,9216
9211,9218
9216,9217
9219,9220
9219,9221
9219,9222
9224,9225
9224,9226
9224,9228
9224,9231
9224,9233
9224,9235
9224,9236
9224,9250
9226,9227
9228,9229
9229,9230
9231,9232
9233,9234
9236,9237
9237,9238
9237,9243
9238,9239
9238,9240
9238,9241
9238,9242
9243,9244
9243,9245
9243,9246
9243,9249
9246,9247
9247,9248
9251,9252
9251,9253
9251,9254
9251,9256
9251,9259
9251,9262
9251,9264
9254,9255
9256,9257
9257,9258
9259,9260
9260,9261
9262,9263
9264,9265
9266,9267
9266,9268
9266,9274
9266,9280
9266,9286
9266,9292
9266,9298
9266,9305
9266,9311
9266,9317
9268,9269
9268,9270
9270,9271
9271,9272
9271,9273
9274,9275
9274,9276
9276,9277
9277,9278
9277,9279
9280,9281
9280,9282
9282,9283
9283,9284
9283,9285
9286,9287
9286,9288
9288,9289
9289,9290
9289,9291
9292,9293
9292,9294
9294,9295
9295,9296
9295,9297
9298,9299
9298,9300
9300,9301
9301,9302
9301,9303
9303,9304
9305,9306
9305,9307
9307,9308
9308,9309
9308,9310
9311,9312
9311,9313
9313,9314
9314,9315
9314,9316
9317,9318
9317,9319
9319,9320
9320,9321
9320,9322
