1.768, 18.174, 2.966
0.237, 0.089, 0.046
0.829, 3.485, 1.139
0.385, 1.428, 0.503
0.138, 0.224, 0.119
0.874, 3.711, 1.167
0.544, 0.758, 0.375
0.667, 1.556, 0.646
0.292, 0.186, 0.099
2.011, 8.897, 3.245
0.251, 0.191, 0.095
1.455, 10.637, 2.933
0.394, 1.056, 0.338
0.445, 1.046, 0.475
0.712, 4.07, 1.079
0.328, 0.675, 0.234
0.328, 0.666, 0.304
2.996, 14.993, 5.051
0.816, 1.691, 0.797
2.505, 18.147, 3.72
3.13, 18.074, 5.43
1.186, 3.557, 1.454
0.629, 1.771, 0.724
2.801, 10.204, 3.624
0.954, 3.032, 1.246
0.646, 1.562, 0.602
1.158, 3.228, 1.466
3.951, 8.741, 3.938
4.424, 10.237, 3.986
3.602, 7.707, 3.997
1.421, 8.727, 2.039
0.673, 1.467, 0.776
1.658, 8.721, 2.517
0.865, 2.381, 0.815
0.853, 2.381, 1.103
0.991, 3.343, 0.976
1.079, 2.175, 1.108
0.858, 3.343, 1.013
0.774, 3.312, 1.171
1.023, 3.312, 1.595
1.707, 3.654, 1.916
5.283, 23.444, 10.328
0.972, 9.465, 1.382
0.334, 0.233, 0.11
1.178, 4.432, 1.493
1.766, 4.414, 2.452
0.806, 2.535, 0.78
0.37, 0.385, 0.219
0.896, 2.056, 0.94
0.571, 0.918, 0.388
0.35, 0.672, 0.234
0.316, 0.396, 0.202
0.624, 2.206, 0.725
0.738, 1.503, 0.718
0.658, 2.206, 0.868
0.892, 2.206, 1.016
1.09, 3.001, 1.129
0.913, 2.503, 1.075
1.097, 2.481, 1.064
1.497, 2.481, 1.117
0.784, 2.215, 0.766
0.737, 1.775, 0.697
0.755, 2.215, 0.834
1.025, 2.215, 0.93
0.897, 3.219, 1.23
0.298, 0.399, 0.175
1.074, 2.302, 1.103
0.542, 1.752, 0.762
3.826, 9.287, 5.008
1.415, 10.184, 2.079
0.991, 2.981, 1.406
1.443, 10.184, 2.142
1.78, 7.43, 2.354
1.696, 7.278, 2.347
2.61, 7.278, 2.904
1.642, 7.43, 2.606
2.724, 7.43, 3.204
1.576, 10.088, 2.534
2.623, 10.037, 4.299
0.811, 1.45, 0.624
1.743, 4.189, 1.838
1.288, 10.055, 1.996
1.606, 10.01, 2.91
1.976, 9.958, 3.172
3.068, 9.954, 4.046
1.528, 10.01, 3.258
2.569, 10.006, 4.261
0.858, 4.539, 1.131
1.336, 4.476, 1.743
0.597, 1.2, 0.505
0.582, 1.2, 0.525
1.242, 3.718, 1.156
0.893, 2.217, 0.983
1.497, 3.713, 1.36
1.386, 2.26, 1.043
1.775, 16.693, 4.545
0.553, 1.149, 0.582
0.289, 0.505, 0.191
0.366, 0.402, 0.203
1.521, 22.662, 2.365
0.976, 9.76, 1.757
0.645, 1.507, 0.489
0.667, 1.485, 0.603
0.641, 0.891, 0.387
0.404, 0.033, 0.023
1.409, 9.76, 2.892
0.237, 0.25, 0.177
1.574, 3.102, 1.662
3.002, 0.485, 0.343
1.417, 5.816, 1.796
0.615, 1.503, 0.541
0.75, 1.503, 0.658
0.683, 1.822, 0.602
0.387, 0.447, 0.207
2.595, 22.651, 3.631
1.582, 6.552, 2.579
1.497, 10.386, 2.22
1.502, 10.386, 2.254
1.441, 10.349, 2.599
1.893, 10.336, 4.173
1.284, 4.92, 1.708
2.098, 4.75, 2.204
1.573, 10.38, 2.161
2.159, 8.3, 2.501
2.498, 8.3, 3.454
1.414, 10.38, 2.098
1.078, 3.672, 1.093
1.482, 3.659, 1.478
0.544, 1.794, 0.744
1.928, 10.364, 3.098
2.684, 10.34, 3.918
0.449, 0.734, 0.519
3.17, 22.651, 4.094
3.563, 16.58, 4.573
4.143, 16.58, 6.334
2.336, 8.249, 3.135
3.115, 22.651, 4.07
2.378, 12.107, 3.285
1.096, 4.176, 1.292
1.564, 4.168, 1.568
2.795, 9.31, 3.292
2.5, 7.135, 3.179
4.672, 22.544, 5.673
3.146, 9.051, 3.024
1.935, 6.525, 2.397
3.276, 20.91, 4.203
2.805, 15.59, 3.303
2.312, 6.17, 2.203
3.096, 6.17, 2.578
0.696, 2.015, 0.87
3.206, 15.59, 4.121
2.216, 8.243, 2.623
1.904, 6.489, 2.223
1.707, 6.354, 2.716
4.079, 20.871, 5.361
4.162, 20.871, 5.603
3.552, 15.778, 4.232
3.904, 15.719, 4.572
5.016, 15.328, 5.15
5.759, 15.03, 6.565
2.178, 3.953, 1.787
0.741, 1.261, 0.504
2.469, 6.497, 2.58
2.012, 6.497, 3.059
2.582, 6.765, 2.611
2.347, 6.765, 3.049
1.235, 1.686, 0.924
1.2, 13.47, 1.752
1.491, 10.916, 2.129
1.532, 10.916, 2.161
1.228, 6.498, 1.483
1.215, 6.461, 1.415
0.69, 1.255, 0.593
1.277, 6.455, 1.812
1.395, 6.455, 1.997
0.753, 1.604, 0.588
1.271, 5.261, 1.396
1.311, 3.636, 1.481
1.174, 5.261, 1.548
1.327, 5.261, 1.686
0.929, 2.521, 0.991
1.347, 4.944, 1.435
1.322, 4.944, 1.587
0.813, 1.29, 0.595
2.692, 5.283, 3.736
1.607, 10.896, 2.623
1.351, 7.883, 1.979
0.451, 1.163, 0.378
0.497, 1.145, 0.443
1.624, 4.029, 1.636
0.906, 3.144, 1.539
2.445, 3.942, 1.837
0.654, 1.14, 0.806
1.011, 8.258, 1.672
0.798, 2.561, 0.823
0.793, 2.316, 0.864
0.552, 1.421, 0.553
0.694, 1.444, 0.638
0.429, 1.386, 0.674
0.994, 1.405, 0.651
0.281, 0.46, 0.325
1.903, 8.871, 2.785
1.464, 6.617, 2.133
0.431, 0.958, 0.365
2.025, 3.915, 2.768
2.563, 9.901, 2.74
2.527, 9.901, 2.631
1.983, 5.775, 2.005
2.356, 5.775, 2.202
2.973, 5.775, 2.648
3.292, 5.744, 2.944
3.806, 8.38, 3.655
0.779, 1.378, 0.974
0.784, 8.771, 1.356
0.548, 1.671, 0.487
0.376, 1.104, 0.422
0.48, 1.389, 0.426
0.499, 1.389, 0.464
0.489, 1.389, 0.544
0.562, 1.671, 0.507
0.644, 1.425, 0.684
0.495, 1.671, 0.49
0.536, 1.671, 0.533
0.558, 1.671, 0.664
0.559, 1.588, 0.481
0.517, 1.588, 0.509
0.374, 0.605, 0.275
0.981, 1.89, 1.336
1.071, 5.439, 1.32
0.943, 5.333, 1.065
0.465, 1.221, 0.459
0.879, 3.161, 1.045
0.949, 3.161, 1.134
0.969, 3.161, 1.202
1.022, 5.333, 1.174
1.481, 5.251, 2.073
0.862, 2.63, 0.948
0.952, 2.63, 1.018
0.972, 2.608, 1.001
0.969, 2.762, 0.91
0.981, 2.762, 1.016
0.86, 2.729, 1.136
0.915, 1.758, 1.243
1.2, 6.148, 1.375
1.16, 6.148, 1.306
0.463, 1.221, 0.458
1.301, 6.148, 1.566
1.168, 3.134, 1.119
0.597, 1.551, 0.583
1.987, 6.066, 2.485
1.193, 5.198, 1.289
1.435, 5.095, 2.026
1.302, 4.806, 1.403
1.499, 4.806, 1.577
0.614, 1.244, 0.458
1.268, 3.051, 1.238
1.055, 3.406, 0.948
1.163, 3.348, 1.085
0.511, 0.665, 0.276
1.023, 1.834, 0.884
0.609, 1.147, 0.811
0.787, 5.644, 1.183
0.564, 1.586, 0.593
0.325, 1.101, 0.342
0.381, 1.101, 0.448
0.744, 1.586, 0.692
0.415, 1.343, 0.652
0.989, 1.405, 0.651
0.273, 0.444, 0.314
0.814, 5.65, 1.268
0.539, 1.446, 0.545
0.387, 1.205, 0.402
0.408, 1.205, 0.486
0.635, 1.446, 0.615
0.409, 1.32, 0.64
0.987, 1.405, 0.65
0.269, 0.436, 0.308
1.328, 7.645, 1.657
0.687, 1.094, 0.477
1.394, 7.645, 1.79
1.692, 7.645, 2.467
1.87, 7.645, 3.278
1.171, 2.809, 1.136
0.966, 2.809, 1.326
1.538, 2.715, 1.23
1.231, 3.452, 1.444
0.939, 1.731, 1.224
1.164, 9.437, 1.71
1.115, 9.437, 1.667
0.298, 0.37, 0.204
1.144, 2.172, 0.868
1.041, 1.727, 0.838
1.125, 9.437, 1.726
1.113, 9.437, 1.728
2.22, 5.483, 2.939
0.69, 2.806, 0.825
0.366, 0.425, 0.181
0.573, 0.999, 0.706
1.268, 9.412, 2.092
1.251, 9.393, 2.056
0.383, 0.909, 0.282
0.327, 0.42, 0.144
0.529, 0.909, 0.643
1.397, 9.393, 2.173
1.655, 9.393, 2.542
1.491, 9.393, 3.019
2.265, 9.346, 4.044
1.083, 1.649, 0.737
0.322, 0.536, 0.379
1.056, 8.554, 1.773
0.962, 6.514, 1.459
0.442, 1.208, 0.405
0.304, 0.424, 0.154
0.594, 1.053, 0.744
1.123, 6.287, 1.934
0.369, 0.652, 0.254
0.286, 0.471, 0.333
0.957, 3.463, 0.996
1.031, 3.463, 1.107
0.728, 2.962, 0.95
0.964, 2.941, 1.212
1.072, 1.635, 0.734
0.314, 0.519, 0.367
1.058, 5.123, 1.108
1.142, 5.123, 1.209
0.903, 2.204, 0.769
1.039, 2.204, 0.82
1.244, 2.204, 0.969
1.264, 2.202, 1.124
1.085, 1.625, 0.728
2.344, 4.597, 3.25
0.858, 5.198, 1.381
0.311, 0.446, 0.193
0.274, 0.44, 0.311
1.078, 4.021, 1.408
0.795, 2.435, 0.987
0.273, 0.438, 0.31
1.978, 13.432, 3.16
2.115, 13.432, 3.294
1.872, 13.432, 3.393
1.997, 13.414, 3.752
2.58, 13.414, 4.528
0.891, 2.793, 1.328
1.387, 13.331, 2.372
0.313, 0.228, 0.106
1.233, 4.465, 1.3
0.89, 1.412, 0.581
1.244, 4.465, 1.478
1.463, 4.465, 1.628
1.795, 4.465, 1.869
3.255, 11.549, 4.288
1.353, 13.331, 2.336
2.56, 7.978, 3.741
1.438, 13.331, 2.476
0.69, 2.543, 0.831
0.263, 0.471, 0.219
1.476, 13.331, 2.532
0.324, 0.869, 0.402
0.761, 2.485, 0.767
1.042, 2.475, 0.908
0.924, 1.074, 0.62
0.256, 0.293, 0.207
1.587, 9.675, 2.903
1.207, 4.731, 1.705
0.791, 1.491, 0.796
0.21, 0.269, 0.19
1.569, 9.735, 2.899
1.184, 4.498, 1.621
0.783, 1.491, 0.8
0.21, 0.269, 0.19
1.638, 9.535, 2.828
1.332, 4.616, 1.611
1.125, 1.492, 0.804
0.21, 0.269, 0.19
1.53, 8.652, 2.694
1.271, 5.098, 1.837
0.777, 1.492, 0.805
0.21, 0.269, 0.19
1.563, 9.679, 2.847
1.181, 4.125, 1.493
0.774, 1.494, 0.807
0.21, 0.269, 0.19
1.578, 8.385, 2.575
1.394, 4.944, 1.722
1.119, 1.492, 0.801
0.21, 0.269, 0.19
1.564, 8.277, 2.553
1.386, 4.965, 1.731
1.117, 1.495, 0.801
0.21, 0.269, 0.19
1.316, 9.571, 2.07
1.303, 3.572, 1.509
0.588, 1.687, 0.799
0.896, 3.527, 1.057
0.931, 3.527, 1.25
0.221, 0.243, 0.105
0.673, 1.207, 0.853
1.163, 10.813, 2.257
0.94, 4.016, 1.263
0.331, 0.357, 0.167
0.799, 3.981, 1.16
0.88, 3.959, 1.415
0.208, 0.181, 0.085
0.448, 0.794, 0.561
1.536, 8.431, 2.646
1.313, 5.166, 1.859
0.772, 1.492, 0.808
0.21, 0.269, 0.19
1.586, 10.23, 2.931
1.142, 3.202, 1.239
0.771, 1.495, 0.809
0.21, 0.269, 0.19
1.601, 9.145, 2.66
1.325, 3.92, 1.383
1.115, 1.495, 0.801
0.209, 0.269, 0.19
1.634, 9.538, 2.8
1.325, 4.34, 1.513
1.115, 1.495, 0.8
0.209, 0.269, 0.19
2.673, 13.267, 4.198
0.869, 2.051, 0.868
0.797, 2.051, 0.965
2.723, 5.078, 3.59
1.388, 8.893, 2.366
1.127, 4.655, 1.425
0.677, 1.482, 0.656
0.267, 0.11, 0.045
0.293, 0.463, 0.328
1.119, 10.27, 1.908
0.991, 3.607, 1.232
0.255, 0.514, 0.242
0.978, 3.777, 1.096
0.575, 1.708, 0.57
0.374, 0.549, 0.236
0.842, 3.951, 1.318
1.315, 3.846, 1.84
0.209, 0.269, 0.19
1.016, 10.618, 1.893
0.873, 2.788, 1.078
0.273, 0.588, 0.277
0.82, 2.744, 0.803
0.59, 1.577, 0.59
0.456, 1.047, 0.472
0.748, 3.981, 1.341
1.258, 3.854, 1.867
0.209, 0.269, 0.19
1.266, 10.703, 2.219
0.761, 3.166, 1.043
0.275, 0.605, 0.283
1.232, 7.914, 1.856
0.717, 1.86, 0.626
0.797, 1.86, 0.743
0.336, 0.365, 0.185
1.166, 10.703, 2.245
1.721, 10.683, 3.138
2.8, 10.664, 4.592
1.04, 2.01, 0.979
0.68, 3.682, 1.057
0.76, 3.625, 1.157
0.461, 0.983, 0.402
1.642, 5.465, 2.181
0.678, 1.496, 0.697
0.209, 0.269, 0.19
2.097, 7.808, 3.065
0.495, 0.599, 0.303
1.238, 9.431, 2.146
0.264, 0.192, 0.073
1.015, 2.091, 1.161
1.867, 7.765, 2.574
1.059, 1.896, 0.794
0.526, 1.476, 0.451
0.595, 1.476, 0.549
0.483, 0.712, 0.357
0.821, 10.642, 1.631
0.513, 1.195, 0.629
0.409, 1.355, 0.581
0.405, 1.37, 0.435
0.535, 1.37, 0.575
0.488, 1.126, 0.531
0.221, 0.229, 0.093
0.195, 0.205, 0.103
0.446, 1.531, 0.553
0.184, 0.163, 0.076
0.333, 0.54, 0.236
1.259, 3.738, 1.239
1.306, 3.738, 1.319
0.767, 1.961, 0.884
1.36, 17.79, 2.809
0.429, 0.926, 0.485
0.589, 1.557, 0.611
0.872, 3.78, 1.105
1.254, 3.766, 1.486
1.06, 2.465, 1.16
0.437, 0.536, 0.214
0.375, 0.446, 0.224
2.025, 13.636, 4.477
0.344, 0.413, 0.194
2.06, 8.219, 2.866
2.431, 8.205, 3.982
0.764, 1.466, 0.556
0.931, 2.45, 0.858
0.738, 2.45, 0.762
0.587, 1.609, 0.577
1.178, 3.101, 1.097
1.309, 3.101, 1.385
1.532, 13.48, 2.187
0.446, 1.007, 0.525
1.114, 3.501, 1.525
1.096, 2.758, 1.122
1.481, 13.465, 2.151
2.116, 7.056, 2.953
1.44, 13.465, 2.194
1.122, 2.079, 0.854
1.007, 1.663, 0.728
1.11, 2.161, 0.89
0.868, 2.148, 0.824
1.011, 2.481, 0.806
1.112, 2.481, 0.971
1.029, 1.434, 0.816
2.285, 13.42, 3.63
2.112, 13.42, 3.963
0.377, 0.499, 0.206
0.807, 1.544, 0.635
1.611, 5.113, 1.718
1.425, 5.113, 1.965
1.717, 5.113, 2.4
3.485, 6.847, 3.424
1.226, 19.188, 2.515
0.594, 1.412, 0.747
0.479, 0.81, 0.445
0.922, 3.072, 1.068
0.926, 3.072, 1.228
1.158, 2.956, 1.088
0.78, 1.285, 0.586
1.38, 5.272, 1.543
2.154, 5.266, 2.29
0.984, 2.192, 0.913
0.803, 1.26, 0.634
1.005, 6.54, 1.475
2.253, 6.287, 2.882
0.522, 1.102, 0.355
0.406, 0.266, 0.131
0.577, 1.665, 0.547
0.365, 0.244, 0.113
0.589, 1.421, 0.519
0.36, 0.248, 0.12
1.054, 2.136, 0.805
1.215, 2.129, 0.87
1.346, 17.723, 2.806
0.429, 0.926, 0.485
0.661, 1.913, 0.763
0.872, 3.78, 1.105
1.254, 3.766, 1.486
1.06, 2.465, 1.16
0.437, 0.536, 0.214
0.375, 0.446, 0.224
2.025, 13.636, 4.477
0.344, 0.413, 0.194
2.06, 8.219, 2.866
2.431, 8.205, 3.982
0.764, 1.466, 0.556
0.867, 2.45, 0.837
0.639, 2.45, 0.695
0.388, 0.673, 0.222
1.124, 3.066, 1.13
1.332, 3.066, 1.367
1.373, 11.594, 2.043
1.197, 1.861, 0.955
1.626, 8.035, 2.054
0.941, 2.542, 1.026
0.769, 2.153, 0.999
1.777, 8.014, 2.296
1.754, 8.014, 2.495
1.604, 8.007, 2.688
2.559, 8.007, 3.754
2.101, 11.519, 3.731
0.585, 1.44, 0.669
0.671, 1.52, 0.479
0.462, 0.675, 0.28
0.586, 0.675, 0.311
2.318, 7.633, 3.001
2.199, 7.521, 3.725
1.067, 7.637, 1.605
0.692, 1.536, 0.524
0.67, 1.536, 0.551
0.91, 1.536, 0.636
1.898, 7.58, 2.938
0.522, 0.714, 0.335
1.989, 5.672, 1.786
1.594, 2.669, 1.1
1.386, 10.609, 2.286
0.73, 1.585, 0.544
0.594, 0.915, 0.439
1.16, 3.25, 1.158
0.787, 2.009, 0.77
1.154, 2.009, 0.869
4.412, 10.5, 4.93
0.324, 0.544, 0.232
1.074, 7.432, 1.528
0.91, 6.785, 1.259
0.579, 2.555, 0.725
0.356, 0.755, 0.294
0.477, 0.755, 0.351
1.657, 6.747, 2.254
2.04, 6.747, 3.239
0.731, 1.533, 0.608
0.598, 1.533, 0.573
0.861, 1.533, 0.655
0.929, 2.082, 0.965
0.747, 1.979, 0.841
0.626, 1.979, 0.864
1.165, 12.814, 2.357
0.353, 0.301, 0.119
0.394, 0.684, 0.235
0.287, 0.266, 0.126
0.742, 1.925, 0.728
0.791, 1.871, 0.881
1.349, 12.814, 2.553
0.694, 5.55, 1.352
0.21, 0.415, 0.145
1.25, 5.55, 1.943
2.079, 5.521, 2.582
1.638, 12.814, 2.914
2.115, 11.224, 3.359
1.08, 2.54, 1.079
1.57, 12.814, 2.885
3.972, 12.668, 5.993
1.201, 11.475, 2.703
1.281, 11.475, 2.878
0.82, 1.216, 0.612
0.438, 1.213, 0.387
0.33, 0.312, 0.141
1.409, 3.948, 1.26
1.344, 3.948, 1.32
1.716, 3.948, 2.054
2.552, 12.584, 4.36
0.746, 1.437, 0.689
0.388, 0.653, 0.236
0.312, 0.345, 0.132
1.584, 16.842, 2.612
2.074, 5.987, 2.802
0.297, 0.237, 0.105
0.852, 3.128, 0.909
1.343, 2.988, 1.251
0.557, 1.684, 0.587
0.542, 1.684, 0.652
0.67, 1.684, 0.785
2.949, 9.167, 3.417
2.419, 7.472, 3.514
1.033, 2.695, 0.951
0.528, 1.518, 0.52
0.786, 1.477, 0.742
2.062, 16.804, 3.54
2.412, 16.704, 5.065
3.847, 16.704, 7.321
2.209, 14.183, 4.686
3.699, 14.175, 6.137
2.567, 11.646, 3.752
3.03, 11.646, 4.2
5.438, 11.646, 5.927
1.596, 5.034, 1.527
1.483, 5.034, 1.577
2.605, 3.815, 2.119
1.497, 5.034, 1.513
1.214, 2.576, 1.028
1.619, 2.57, 1.125
1.994, 12.994, 3.407
5.556, 12.812, 6.686
1.369, 7.391, 2.193
0.874, 2.957, 0.977
1.211, 2.937, 1.266
1.076, 3.092, 1.104
0.9, 1.5, 0.772
1.269, 3.092, 1.33
1.738, 3.092, 1.424
1.015, 4.013, 1.114
1.002, 1.916, 1.025
1.176, 4.013, 1.384
1.597, 4.013, 1.747
0.943, 4.014, 1.121
1.037, 1.918, 1.005
1.165, 4.014, 1.387
1.58, 4.014, 1.756
0.963, 4.014, 1.112
1.053, 1.926, 0.999
1.158, 4.014, 1.39
1.569, 4.014, 1.763
1.833, 6.793, 2.111
3.001, 6.793, 2.855
0.767, 1.529, 0.473
0.821, 1.529, 0.563
1.478, 16.049, 2.93
0.204, 0.28, 0.142
0.614, 1.807, 0.727
0.866, 3.784, 1.103
1.251, 3.769, 1.484
1.055, 2.443, 1.15
0.428, 0.493, 0.202
0.375, 0.446, 0.224
1.917, 12.453, 4.082
0.368, 0.379, 0.183
1.645, 5.531, 1.479
1.583, 5.531, 1.592
0.951, 2.066, 0.843
1.488, 2.024, 0.92
1.208, 20.523, 3.321
0.283, 0.348, 0.177
0.295, 0.591, 0.186
0.341, 0.591, 0.297
0.695, 1.647, 0.613
0.866, 2.496, 0.893
0.464, 0.676, 0.375
1.28, 3.036, 1.436
0.99, 2.505, 0.943
1.544, 11.64, 2.514
0.631, 2.044, 0.877
1.339, 11.043, 2.153
0.737, 2.392, 0.808
0.715, 1.375, 0.597
1.578, 11.033, 2.469
1.643, 11.033, 2.553
1.735, 11.033, 2.639
1.818, 11.033, 2.806
1.189, 5.881, 1.658
1.523, 5.881, 1.967
2.226, 5.881, 2.703
3.34, 11.033, 4.631
0.38, 0.524, 0.262
0.856, 19.541, 2.498
0.28, 0.174, 0.088
0.565, 1.648, 0.543
0.661, 1.648, 0.623
0.917, 1.629, 0.649
0.278, 0.623, 0.34
0.596, 2.415, 0.663
0.567, 2.415, 0.704
0.722, 1.718, 0.65
0.73, 2.379, 1.16
0.28, 0.62, 0.341
0.367, 1.178, 0.375
0.292, 0.662, 0.277
0.85, 2.996, 1.074
1.356, 2.959, 1.387
4.275, 28.509, 6.437
0.434, 0.575, 0.304
6.331, 25.979, 8.35
6.224, 25.979, 10.031
10.881, 24.409, 13.623
7.738, 20.725, 9.723
5.748, 24.176, 7.252
4.687, 14.023, 5.317
7.253, 13.186, 5.973
5.688, 15.89, 7.283
3.129, 8.336, 3.263
3.252, 14.821, 4.616
0.849, 3.256, 1.169
0.65, 0.977, 0.496
0.853, 3.424, 0.991
0.592, 1.403, 0.555
0.667, 0.976, 0.502
5.263, 13.492, 5.91
2.922, 13.866, 4.657
0.747, 2.544, 0.918
0.648, 0.976, 0.495
0.973, 10.578, 1.812
0.512, 1.194, 0.629
0.403, 1.354, 0.584
0.399, 1.356, 0.431
0.53, 1.349, 0.569
0.486, 1.118, 0.527
0.213, 0.239, 0.098
0.184, 0.219, 0.11
0.506, 1.541, 0.582
0.171, 0.195, 0.091
1.537, 6.224, 1.93
1.738, 6.224, 2.066
2.631, 6.224, 2.989
0.921, 18.504, 2.092
0.273, 0.159, 0.08
0.537, 1.802, 0.584
0.522, 1.802, 0.622
0.791, 1.771, 0.751
0.153, 0.296, 0.153
0.512, 2.132, 0.602
0.48, 2.132, 0.63
0.718, 2.072, 0.969
0.446, 1.043, 0.481
0.151, 0.289, 0.15
0.361, 1.203, 0.38
0.293, 0.666, 0.279
1.562, 6.373, 2.106
0.655, 1.687, 0.693
1.028, 3.078, 1.267
0.654, 1.666, 0.618
0.599, 1.568, 0.63
0.957, 3.493, 1.482
0.942, 2.664, 0.9
1.108, 2.664, 1.025
0.99, 3.203, 1.512
1.054, 12.344, 2.228
0.531, 1.084, 0.547
0.093, 0.055, 0.023
0.456, 1.476, 0.52
0.545, 1.469, 0.601
0.482, 1.116, 0.526
0.21, 0.234, 0.096
0.183, 0.215, 0.108
0.435, 1.509, 0.54
0.191, 0.19, 0.095
1.488, 6.149, 1.968
1.53, 6.149, 2.183
0.925, 1.944, 0.938
1.71, 9.854, 2.429
0.634, 0.884, 0.467
1.072, 3.456, 1.404
1.604, 5.176, 1.928
0.845, 2.077, 0.985
1.347, 9.102, 2.665
2.73, 9.088, 4.373
0.628, 1.53, 0.611
0.363, 0.409, 0.204
1.879, 5.436, 2.054
2.05, 5.436, 2.468
1.484, 14.24, 3.403
0.857, 2.676, 1.302
0.571, 1.353, 0.467
0.892, 1.353, 0.564
0.962, 13.808, 2.203
0.516, 1.037, 0.522
0.551, 1.72, 0.706
0.392, 1.356, 0.428
0.528, 1.349, 0.57
0.483, 1.122, 0.528
0.211, 0.239, 0.097
0.183, 0.215, 0.108
0.429, 1.509, 0.542
0.176, 0.169, 0.08
1.482, 6.262, 1.914
1.439, 6.262, 2.12
0.613, 0.808, 0.367
1.523, 18.764, 2.717
0.307, 0.161, 0.087
1.535, 18.764, 2.763
2.563, 12.066, 3.813
1.433, 6.845, 2.459
2.778, 6.823, 3.636
1.464, 18.764, 2.683
1.461, 18.764, 2.695
1.122, 3.46, 1.373
1.775, 18.741, 3.607
1.797, 18.741, 3.671
2.636, 15.37, 5.705
5.78, 15.334, 8.464
1.706, 18.741, 3.39
4.595, 18.626, 8.016
0.912, 3.932, 1.212
1.451, 3.932, 1.767
1.409, 11.397, 2.455
3.894, 11.279, 4.767
0.737, 3.719, 0.986
0.482, 0.958, 0.317
0.452, 0.671, 0.298
1.135, 2.826, 1.287
0.299, 0.368, 0.137
1.314, 9.965, 2.119
2.167, 7.671, 3.11
1.114, 9.895, 1.849
2.145, 9.588, 3.168
3.674, 9.588, 5.274
0.972, 9.895, 1.637
1.189, 9.895, 2.669
1.842, 9.891, 3.98
1.099, 4.445, 1.922
0.918, 5.012, 1.216
0.941, 5.012, 1.237
1.407, 4.702, 1.662
1.529, 2.782, 1.393
0.783, 5.012, 1.082
1.022, 3.34, 1.129
0.662, 1.993, 0.964
0.678, 2.771, 0.73
0.743, 2.756, 0.862
0.254, 0.019, 0.013
0.375, 0.634, 0.266
0.169, 0.154, 0.061
2.596, 5.012, 3.544
2.041, 9.814, 3.085
2.026, 9.814, 3.377
0.944, 2.952, 1.131
0.653, 2.784, 0.813
1.069, 2.784, 1.52
0.157, 0.125, 0.053
0.685, 1.229, 0.618
1.389, 12.219, 2.208
0.266, 0.053, 0.023
0.852, 2.398, 0.804
0.596, 0.833, 0.421
0.975, 2.473, 0.728
0.881, 1.301, 0.499
1.391, 8.254, 2.194
1.086, 3.212, 1.317
1.426, 3.212, 1.61
1.642, 8.239, 2.648
1.799, 8.212, 2.801
3.7, 8.184, 4.231
0.685, 1.646, 0.564
0.775, 1.646, 0.664
4.934, 12.183, 6.469
1.305, 11.762, 1.97
0.38, 0.446, 0.212
0.75, 1.556, 0.728
0.968, 3.872, 1.38
0.469, 1.008, 0.458
1.381, 11.762, 2.037
1.24, 7.469, 2.012
1.923, 7.438, 3.175
0.893, 3.449, 1.308
1.378, 11.762, 2.027
3.598, 6.951, 2.471
1.781, 5.528, 1.975
1.337, 11.717, 2.308
0.628, 0.725, 0.392
4.117, 11.706, 6.67
1.386, 8.325, 2.08
0.6, 1.015, 0.417
2.046, 8.325, 2.73
0.678, 1.337, 0.74
0.899, 2.261, 0.83
0.907, 1.881, 0.881
1.104, 2.261, 0.956
0.886, 2.837, 0.818
0.845, 2.793, 0.927
0.898, 2.793, 1.075
1.578, 6.963, 2.271
0.816, 1.285, 0.66
1.236, 11.236, 1.924
1.86, 11.232, 3.04
2.299, 6.044, 2.634
3.267, 5.916, 2.484
2.262, 11.173, 4.443
1.029, 6.359, 1.275
1.158, 3.289, 1.045
1.342, 3.248, 1.81
1.036, 6.359, 1.351
0.561, 1.211, 0.525
1.064, 6.359, 1.641
1.145, 6.359, 1.708
1.728, 3.929, 1.48
2.202, 3.929, 1.517
0.309, 1.264, 0.419
0.16, 0.14, 0.063
1.142, 4.132, 1.109
1.231, 4.132, 1.175
1.427, 4.132, 1.375
1.529, 4.132, 1.58
1.678, 8.4, 2.482
1.609, 8.4, 2.663
0.729, 2.857, 1.12
1.2, 2.747, 1.569
1.791, 8.25, 2.757
0.785, 2.475, 1.09
0.356, 1.486, 0.487
0.152, 0.167, 0.064
1.22, 8.84, 1.659
0.789, 1.4, 0.703
2.091, 5.6, 2.623
2.196, 7.586, 2.474
1.559, 3.297, 1.68
2.235, 6.051, 2.365
1.014, 2.394, 0.9
0.814, 1.38, 0.694
0.78, 3.741, 0.87
0.591, 2.164, 0.531
0.611, 2.164, 0.597
0.985, 2.056, 0.919
0.441, 0.711, 0.332
0.668, 1.496, 0.549
0.497, 0.628, 0.285
0.752, 2.686, 0.875
0.892, 2.626, 1.087
0.541, 1.178, 0.43
0.356, 0.302, 0.157
1.188, 12.304, 1.916
0.666, 1.434, 0.563
0.417, 0.604, 0.202
0.33, 0.11, 0.056
2.36, 8.894, 3.074
1.193, 1.457, 0.729
1.08, 12.304, 1.759
1.047, 12.262, 2.655
0.2, 0.4, 0.146
1.665, 12.262, 3.609
2.492, 12.237, 4.416
0.393, 0.549, 0.275
1.061, 6.545, 1.342
1.833, 6.526, 2.183
1.554, 6.526, 2.329
0.435, 0.773, 0.346
0.864, 3.829, 1.09
0.782, 3.829, 1.314
0.154, 0.244, 0.112
0.977, 2.173, 0.903
0.754, 2.161, 0.906
0.419, 0.852, 0.286
0.394, 0.643, 0.255
0.911, 1.974, 0.858
1.54, 2.594, 1.257
1.165, 19.821, 2.736
0.262, 0.279, 0.151
0.724, 2.798, 0.815
0.798, 2.798, 0.886
0.873, 2.798, 1.071
0.24, 0.168, 0.073
1.114, 4.978, 1.569
1.844, 4.978, 2.344
0.55, 1.902, 0.636
0.849, 1.898, 0.825
0.973, 2.45, 0.993
1.385, 2.416, 1.219
2.585, 13.28, 4.577
0.731, 1.802, 0.814
1.479, 19.821, 3.553
0.283, 0.519, 0.263
0.655, 2.011, 0.815
0.866, 3.784, 1.103
1.251, 3.769, 1.484
1.055, 2.443, 1.15
0.428, 0.493, 0.202
0.375, 0.446, 0.224
2.136, 14.311, 4.686
0.402, 0.429, 0.216
1.243, 6.701, 1.824
1.359, 6.701, 1.994
0.505, 1.002, 0.346
0.604, 1.002, 0.451
5.295, 22.399, 9.895
1.398, 11.986, 2.428
0.414, 0.926, 0.483
0.399, 1.064, 0.446
0.501, 2.028, 0.687
0.559, 2.028, 0.795
0.128, 0.036, 0.015
0.225, 0.255, 0.1
0.193, 0.202, 0.101
0.866, 2.491, 1.087
0.232, 0.239, 0.101
1.965, 11.808, 3.225
1.436, 5.448, 1.929
2.0, 5.448, 2.514
1.589, 11.964, 2.855
2.001, 11.964, 4.059
2.744, 11.964, 5.191
1.357, 7.137, 2.127
1.563, 7.137, 2.317
2.33, 7.075, 3.291
2.301, 3.691, 1.945
1.408, 12.158, 2.429
0.632, 2.045, 0.877
0.554, 1.046, 0.309
0.476, 0.66, 0.248
0.436, 0.578, 0.241
1.446, 11.043, 2.378
1.21, 7.524, 2.323
0.371, 0.65, 0.27
1.609, 11.033, 2.495
1.679, 11.033, 2.578
1.772, 11.033, 2.665
1.819, 11.033, 2.83
1.222, 6.196, 1.74
1.561, 6.196, 2.072
2.305, 6.196, 2.851
3.34, 11.033, 4.631
0.381, 0.524, 0.262
1.198, 16.331, 2.105
0.152, 0.087, 0.039
0.265, 0.557, 0.272
1.04, 2.585, 1.209
0.447, 0.855, 0.312
1.238, 16.331, 2.198
0.41, 0.355, 0.251
1.257, 16.331, 2.225
1.714, 3.646, 1.281
1.044, 2.227, 1.135
1.227, 16.331, 2.279
1.143, 6.607, 1.555
0.928, 4.876, 1.074
0.715, 1.423, 0.577
1.002, 4.87, 1.272
1.011, 4.87, 1.385
1.271, 4.711, 1.627
0.388, 0.184, 0.086
1.235, 3.089, 1.279
1.035, 1.806, 0.802
1.244, 1.806, 0.969
3.379, 6.607, 4.672
1.203, 14.967, 2.408
0.859, 6.595, 1.239
0.576, 1.566, 0.627
0.427, 1.381, 0.432
0.398, 1.176, 0.388
0.47, 1.111, 0.432
0.208, 0.055, 0.025
0.585, 1.273, 0.556
1.234, 6.595, 1.618
0.666, 1.929, 0.762
1.926, 6.438, 2.226
2.334, 6.429, 2.458
0.573, 0.919, 0.408
0.677, 0.919, 0.509
3.194, 6.227, 4.403
1.217, 16.331, 2.71
0.74, 4.139, 0.899
0.284, 0.428, 0.163
0.424, 1.36, 0.419
0.392, 1.152, 0.383
0.464, 1.091, 0.427
0.207, 0.048, 0.023
0.587, 1.265, 0.524
1.698, 4.09, 1.282
1.984, 4.09, 1.702
1.592, 2.701, 1.353
3.116, 6.152, 4.35
1.725, 11.607, 2.476
1.048, 4.287, 1.892
1.135, 5.153, 1.559
1.889, 5.153, 2.365
1.758, 7.131, 2.281
1.458, 4.022, 1.823
1.645, 11.043, 2.386
1.452, 6.494, 2.067
2.191, 6.487, 2.454
1.804, 11.033, 2.575
1.839, 11.033, 2.671
1.804, 11.033, 2.727
1.865, 11.033, 2.904
1.282, 7.046, 1.973
1.664, 7.046, 2.355
2.508, 7.046, 3.261
3.34, 11.033, 4.631
0.38, 0.525, 0.262
1.522, 16.049, 3.199
0.386, 0.681, 0.341
0.614, 1.807, 0.727
0.866, 3.784, 1.103
1.251, 3.769, 1.484
1.055, 2.443, 1.15
0.428, 0.493, 0.202
0.375, 0.446, 0.224
2.262, 15.634, 5.132
0.377, 0.442, 0.209
1.514, 5.539, 1.485
1.61, 5.539, 1.595
0.955, 2.073, 0.839
1.496, 1.989, 0.904
1.513, 11.409, 3.512
0.359, 0.554, 0.241
1.072, 14.616, 2.422
0.518, 1.046, 0.527
0.367, 1.239, 0.528
0.391, 1.356, 0.427
0.527, 1.349, 0.568
0.482, 1.116, 0.526
0.21, 0.234, 0.096
0.183, 0.215, 0.108
0.417, 1.509, 0.549
0.16, 0.183, 0.089
2.061, 5.677, 2.015
2.539, 5.677, 2.393
1.637, 16.555, 2.566
0.29, 0.364, 0.165
0.872, 1.32, 0.647
1.856, 12.134, 3.904
3.533, 12.134, 5.811
1.713, 10.982, 2.666
2.461, 10.982, 3.148
2.303, 5.035, 2.165
3.65, 10.831, 5.007
0.52, 0.935, 0.385
0.641, 0.935, 0.478
2.321, 8.203, 3.147
2.233, 8.203, 3.409
1.529, 13.126, 2.2
2.724, 12.959, 4.658
0.448, 0.614, 0.29
1.279, 6.277, 1.698
1.289, 6.277, 1.764
0.931, 6.277, 1.757
0.746, 3.679, 1.466
1.514, 6.277, 2.698
1.54, 5.979, 1.843
1.706, 5.822, 2.119
1.403, 4.642, 1.93
1.38, 5.921, 1.734
2.518, 5.891, 2.295
0.589, 1.053, 0.393
0.66, 1.053, 0.528
0.829, 1.263, 0.658
1.508, 9.076, 2.016
4.575, 8.926, 4.092
1.302, 7.14, 1.721
1.35, 7.14, 1.773
0.499, 2.504, 0.761
0.457, 2.015, 0.793
0.73, 2.504, 1.041
1.646, 7.127, 1.947
0.913, 3.437, 1.127
0.587, 1.743, 0.718
1.851, 7.101, 2.106
2.198, 7.101, 2.21
1.924, 7.101, 2.154
1.907, 7.101, 2.355
2.014, 7.101, 2.947
1.909, 6.691, 2.791
1.873, 5.432, 2.355
3.452, 6.816, 2.586
0.454, 0.72, 0.326
0.555, 0.72, 0.402
0.527, 0.828, 0.423
1.278, 2.775, 1.43
2.004, 14.144, 4.173
0.507, 1.199, 0.635
1.004, 2.653, 1.481
1.896, 27.455, 3.039
0.336, 0.802, 0.386
1.016, 2.587, 1.207
0.151, 0.173, 0.078
1.124, 3.436, 1.643
1.187, 3.022, 1.381
0.742, 1.666, 0.507
0.645, 1.287, 0.462
0.557, 0.701, 0.323
2.444, 10.397, 2.884
2.179, 6.872, 2.447
2.926, 6.872, 2.901
1.886, 8.193, 2.443
1.941, 8.193, 2.727
3.349, 8.193, 3.466
1.836, 8.461, 2.722
1.673, 7.691, 2.652
1.074, 5.532, 2.05
0.325, 0.327, 0.18
2.233, 8.363, 3.574
0.602, 0.913, 0.397
0.884, 2.107, 0.655
0.485, 0.359, 0.152
2.031, 11.273, 3.461
0.662, 0.973, 0.447
0.405, 0.71, 0.265
0.633, 0.825, 0.339
2.224, 27.437, 3.458
1.756, 11.676, 3.268
2.205, 11.676, 3.913
0.778, 1.623, 0.69
2.264, 27.437, 3.487
2.39, 7.133, 2.502
3.385, 7.116, 3.211
0.952, 1.669, 1.18
1.519, 8.238, 2.648
0.828, 1.645, 0.78
1.316, 5.621, 1.787
1.833, 5.621, 2.653
1.509, 8.012, 1.863
1.521, 3.695, 1.518
1.609, 8.012, 2.049
2.148, 8.012, 2.645
1.965, 5.69, 2.61
1.221, 3.54, 1.202
1.438, 3.54, 1.563
2.512, 27.437, 3.86
1.648, 8.986, 2.03
1.685, 8.986, 2.059
1.706, 8.986, 2.09
0.963, 1.572, 0.527
1.815, 8.986, 2.18
1.161, 1.92, 0.921
1.359, 1.939, 0.784
1.79, 8.986, 2.224
1.201, 4.702, 1.549
1.587, 4.699, 1.76
2.147, 4.699, 2.367
2.017, 8.951, 2.428
3.587, 8.871, 3.085
1.64, 6.779, 1.968
1.975, 6.624, 2.569
1.476, 5.282, 1.675
1.678, 5.282, 1.826
2.121, 5.282, 2.307
1.868, 6.489, 2.288
2.035, 6.489, 2.774
2.511, 8.672, 3.697
3.558, 8.3, 3.601
0.802, 1.396, 0.987
3.641, 27.363, 5.3
3.561, 27.363, 5.199
3.661, 27.322, 5.327
0.54, 0.578, 0.211
0.763, 3.286, 1.12
0.947, 3.263, 1.262
4.783, 27.253, 5.913
2.968, 7.729, 2.97
5.132, 27.253, 6.436
5.328, 27.253, 6.603
6.217, 27.253, 7.799
9.283, 26.665, 11.175
11.149, 25.736, 14.206
3.634, 9.564, 4.004
2.383, 7.062, 3.313
4.416, 13.161, 4.52
5.127, 13.161, 4.833
5.581, 13.161, 5.656
3.26, 6.262, 4.428
1.847, 5.201, 2.534
2.615, 5.201, 2.885
2.527, 4.779, 3.38
2.059, 3.459, 1.45
0.826, 3.505, 1.103
0.52, 0.61, 0.292
0.642, 2.004, 0.677
0.733, 2.004, 0.772
1.239, 12.624, 2.433
0.204, 0.28, 0.142
0.373, 1.188, 0.496
0.866, 3.784, 1.103
1.251, 3.769, 1.484
1.055, 2.443, 1.15
0.428, 0.493, 0.202
0.375, 0.446, 0.224
1.916, 12.453, 4.082
0.368, 0.379, 0.183
0.753, 1.487, 0.666
0.984, 3.237, 0.987
1.136, 3.237, 1.082
0.558, 0.893, 0.373
1.556, 12.603, 2.335
0.419, 0.538, 0.253
0.921, 1.926, 0.804
0.942, 1.926, 0.956
0.847, 1.458, 0.664
0.975, 1.458, 0.794
1.808, 8.823, 2.187
2.218, 8.823, 2.522
3.611, 8.812, 3.672
1.277, 2.667, 1.25
1.344, 5.372, 1.78
1.513, 5.372, 2.073
1.836, 5.372, 2.531
1.962, 12.511, 3.657
0.555, 0.757, 0.29
0.491, 0.637, 0.28
1.532, 9.663, 2.221
1.602, 9.663, 2.288
2.349, 8.696, 3.63
1.691, 9.635, 2.31
1.004, 1.667, 0.639
0.891, 1.6, 0.587
0.791, 1.6, 0.642
0.599, 0.917, 0.415
4.841, 27.519, 5.936
0.298, 0.32, 0.181
4.452, 12.564, 4.608
5.609, 11.812, 5.452
3.197, 11.875, 3.35
3.663, 11.875, 3.726
4.627, 11.875, 3.948
4.578, 6.847, 2.741
9.347, 27.076, 10.647
10.538, 21.664, 12.19
4.984, 19.511, 5.026
3.045, 4.075, 2.074
6.734, 19.505, 6.846
5.334, 11.516, 4.838
5.564, 10.708, 4.248
2.808, 7.041, 2.856
1.722, 14.437, 3.361
0.543, 0.98, 0.492
0.542, 1.433, 0.534
0.396, 0.501, 0.254
0.51, 1.37, 0.554
0.67, 1.37, 0.715
2.536, 9.467, 3.449
3.117, 9.467, 3.991
2.758, 9.467, 4.077
1.464, 10.547, 2.376
0.204, 0.28, 0.142
0.373, 1.188, 0.496
1.149, 3.769, 1.21
1.251, 3.769, 1.484
1.055, 2.444, 1.15
0.921, 2.063, 1.148
1.84, 9.068, 2.939
0.355, 0.436, 0.206
1.429, 6.032, 1.887
1.677, 6.032, 2.103
0.609, 1.053, 0.463
1.387, 13.331, 2.372
0.313, 0.228, 0.106
1.233, 4.465, 1.3
0.89, 1.412, 0.581
1.244, 4.465, 1.478
1.463, 4.465, 1.628
1.795, 4.465, 1.869
3.255, 11.549, 4.288
1.353, 13.331, 2.336
2.56, 7.978, 3.741
1.438, 13.331, 2.476
0.69, 2.543, 0.831
0.263, 0.471, 0.219
1.476, 13.331, 2.532
0.324, 0.869, 0.402
0.761, 2.485, 0.767
1.042, 2.475, 0.908
0.924, 1.074, 0.62
0.256, 0.293, 0.207
1.587, 9.675, 2.903
1.207, 4.731, 1.705
0.791, 1.491, 0.796
0.21, 0.269, 0.19
1.569, 9.735, 2.899
1.184, 4.498, 1.621
0.783, 1.491, 0.8
0.21, 0.269, 0.19
1.638, 9.535, 2.828
1.332, 4.616, 1.611
1.125, 1.492, 0.804
0.21, 0.269, 0.19
1.53, 8.652, 2.694
1.271, 5.098, 1.837
0.777, 1.492, 0.805
0.21, 0.269, 0.19
1.563, 9.679, 2.847
1.181, 4.125, 1.493
0.774, 1.494, 0.807
0.21, 0.269, 0.19
1.578, 8.385, 2.575
1.394, 4.944, 1.722
1.119, 1.492, 0.801
0.21, 0.269, 0.19
1.564, 8.277, 2.553
1.386, 4.965, 1.731
1.117, 1.495, 0.801
0.21, 0.269, 0.19
1.316, 9.571, 2.07
1.303, 3.572, 1.509
0.588, 1.687, 0.799
0.896, 3.527, 1.057
0.931, 3.527, 1.25
0.221, 0.243, 0.105
0.673, 1.207, 0.853
1.163, 10.813, 2.257
0.94, 4.016, 1.263
0.331, 0.357, 0.167
0.799, 3.981, 1.16
0.88, 3.959, 1.415
0.208, 0.181, 0.085
0.448, 0.794, 0.561
1.536, 8.431, 2.646
1.313, 5.166, 1.859
0.772, 1.492, 0.808
0.21, 0.269, 0.19
1.586, 10.23, 2.931
1.142, 3.202, 1.239
0.771, 1.495, 0.809
0.21, 0.269, 0.19
1.601, 9.145, 2.66
1.325, 3.92, 1.383
1.115, 1.495, 0.801
0.209, 0.269, 0.19
1.634, 9.538, 2.8
1.325, 4.34, 1.513
1.115, 1.495, 0.8
0.209, 0.269, 0.19
2.673, 13.267, 4.198
0.869, 2.051, 0.868
0.797, 2.051, 0.965
2.723, 5.078, 3.59
1.388, 8.893, 2.366
1.127, 4.655, 1.425
0.677, 1.482, 0.656
0.267, 0.11, 0.045
0.293, 0.463, 0.328
1.119, 10.27, 1.908
0.991, 3.607, 1.232
0.255, 0.514, 0.242
0.978, 3.777, 1.096
0.575, 1.708, 0.57
0.374, 0.549, 0.236
0.842, 3.951, 1.318
1.315, 3.846, 1.84
0.209, 0.269, 0.19
1.016, 10.618, 1.893
0.873, 2.788, 1.078
0.273, 0.588, 0.277
0.82, 2.744, 0.803
0.59, 1.577, 0.59
0.456, 1.047, 0.472
0.748, 3.981, 1.341
1.258, 3.854, 1.867
0.209, 0.269, 0.19
1.266, 10.703, 2.219
0.761, 3.166, 1.043
0.275, 0.605, 0.283
1.232, 7.914, 1.856
0.717, 1.86, 0.626
0.797, 1.86, 0.743
0.336, 0.365, 0.185
1.166, 10.703, 2.245
1.721, 10.683, 3.138
2.8, 10.664, 4.592
1.04, 2.01, 0.979
0.68, 3.682, 1.057
0.76, 3.625, 1.157
0.461, 0.983, 0.402
1.642, 5.465, 2.181
0.678, 1.496, 0.697
0.209, 0.269, 0.19
2.097, 7.808, 3.065
0.495, 0.599, 0.303
0.916, 18.504, 2.147
0.249, 0.215, 0.108
0.412, 1.24, 0.416
0.562, 1.24, 0.588
0.452, 2.188, 0.576
0.5, 2.188, 0.659
0.736, 2.128, 0.995
0.446, 1.056, 0.486
0.172, 0.354, 0.186
0.259, 0.554, 0.204
0.271, 0.554, 0.236
1.59, 6.5, 2.137
0.655, 1.69, 0.696
1.014, 3.077, 1.264
0.658, 1.666, 0.613
0.6, 1.561, 0.625
0.951, 3.492, 1.483
0.942, 2.645, 0.893
1.107, 2.645, 1.016
0.99, 3.2, 1.51
1.272, 12.998, 3.018
0.808, 4.05, 1.346
1.088, 4.041, 1.613
0.627, 1.709, 0.986
0.514, 1.752, 0.671
1.497, 13.792, 2.895
0.204, 0.28, 0.142
0.39, 1.296, 0.545
0.866, 3.784, 1.103
1.251, 3.769, 1.484
1.055, 2.444, 1.15
0.428, 0.493, 0.202
0.375, 0.446, 0.224
2.021, 13.634, 4.479
0.333, 0.413, 0.201
1.867, 5.25, 1.849
2.063, 5.25, 2.056
1.394, 4.066, 1.925
1.336, 13.266, 2.114
0.344, 0.598, 0.3
0.634, 2.176, 0.914
2.093, 4.46, 1.864
0.66, 1.636, 0.595
0.301, 0.062, 0.034
1.826, 7.6, 2.335
0.918, 2.587, 1.194
1.121, 10.284, 1.8
0.585, 1.437, 0.457
0.381, 0.533, 0.199
0.65, 1.519, 0.603
1.07, 5.841, 1.191
0.933, 3.712, 1.159
0.538, 1.678, 0.712
1.486, 3.695, 1.706
1.084, 5.825, 1.205
2.098, 5.807, 1.927
2.729, 5.794, 2.393
0.773, 1.644, 0.465
0.57, 1.021, 0.391
0.786, 1.648, 0.661
0.308, 0.428, 0.179
3.158, 10.237, 4.836
1.173, 9.846, 2.791
0.167, 0.186, 0.099
2.12, 9.81, 3.867
2.724, 9.779, 4.8
2.522, 8.578, 2.678
2.652, 8.578, 2.983
1.065, 2.432, 1.147
1.336, 13.266, 2.114
0.344, 0.598, 0.3
0.634, 2.176, 0.914
2.093, 4.46, 1.864
0.66, 1.636, 0.595
0.301, 0.062, 0.034
1.826, 7.6, 2.335
0.918, 2.587, 1.194
1.121, 10.284, 1.8
0.585, 1.437, 0.457
0.381, 0.533, 0.199
0.65, 1.519, 0.603
1.07, 5.841, 1.191
0.933, 3.712, 1.159
0.538, 1.678, 0.712
1.486, 3.695, 1.706
1.084, 5.825, 1.205
2.098, 5.807, 1.927
2.729, 5.794, 2.393
0.773, 1.644, 0.465
0.57, 1.021, 0.391
0.786, 1.648, 0.661
0.308, 0.428, 0.179
3.158, 10.237, 4.836
1.173, 9.846, 2.791
0.167, 0.186, 0.099
2.12, 9.81, 3.867
2.724, 9.779, 4.8
2.522, 8.578, 2.678
2.652, 8.578, 2.983
1.065, 2.432, 1.147
1.322, 14.814, 3.42
0.543, 0.98, 0.492
0.598, 2.38, 0.704
0.372, 0.67, 0.221
0.397, 0.67, 0.264
1.33, 13.341, 2.192
0.345, 0.719, 0.368
0.443, 1.508, 0.637
0.609, 2.038, 0.73
0.568, 2.038, 0.81
0.127, 0.036, 0.015
0.359, 0.672, 0.368
1.119, 4.633, 1.77
0.238, 0.208, 0.086
1.931, 6.807, 2.239
2.276, 6.695, 2.961
3.467, 6.695, 3.595
1.407, 13.33, 3.117
2.182, 13.321, 4.533
3.015, 13.321, 5.797
0.625, 1.614, 0.613
0.721, 1.614, 0.699
2.045, 4.099, 2.057
2.726, 14.363, 4.941
0.73, 1.798, 0.812
1.42, 20.554, 3.429
0.566, 0.716, 0.413
0.271, 0.482, 0.153
0.294, 0.482, 0.241
0.799, 2.312, 0.836
1.341, 5.192, 1.692
0.945, 2.363, 0.951
1.488, 4.207, 1.966
1.302, 5.192, 1.989
1.606, 5.192, 2.463
1.523, 18.764, 2.717
0.307, 0.161, 0.087
1.535, 18.764, 2.763
2.563, 12.066, 3.813
1.433, 6.845, 2.459
2.778, 6.823, 3.636
1.464, 18.764, 2.683
1.461, 18.764, 2.695
1.122, 3.46, 1.373
1.775, 18.741, 3.607
1.797, 18.741, 3.671
2.636, 15.37, 5.705
5.78, 15.334, 8.464
1.706, 18.741, 3.39
4.595, 18.626, 8.016
0.912, 3.932, 1.212
1.451, 3.932, 1.767
1.409, 11.397, 2.455
3.894, 11.279, 4.767
0.737, 3.719, 0.986
0.482, 0.958, 0.317
0.452, 0.671, 0.298
1.135, 2.826, 1.287
0.299, 0.368, 0.137
1.314, 9.965, 2.119
2.167, 7.671, 3.11
1.114, 9.895, 1.849
2.145, 9.588, 3.168
3.674, 9.588, 5.274
0.972, 9.895, 1.637
1.189, 9.895, 2.669
1.842, 9.891, 3.98
1.099, 4.445, 1.922
0.918, 5.012, 1.216
0.941, 5.012, 1.237
1.407, 4.702, 1.662
1.529, 2.782, 1.393
0.783, 5.012, 1.082
1.022, 3.34, 1.129
0.662, 1.993, 0.964
0.678, 2.771, 0.73
0.743, 2.756, 0.862
0.254, 0.019, 0.013
0.375, 0.634, 0.266
0.169, 0.154, 0.061
2.596, 5.012, 3.544
2.041, 9.814, 3.085
2.026, 9.814, 3.377
0.944, 2.952, 1.131
1.145, 13.62, 1.955
0.314, 0.413, 0.183
1.191, 1.744, 0.724
0.551, 0.739, 0.313
0.823, 2.895, 0.996
0.473, 1.413, 0.6
1.498, 2.895, 1.354
2.623, 0.774, 0.547
1.29, 12.553, 2.066
2.379, 12.553, 4.006
3.928, 12.553, 5.899
0.879, 3.094, 0.787
0.871, 2.063, 0.829
0.471, 1.293, 0.62
0.869, 3.087, 0.833
0.948, 1.587, 0.845
0.849, 3.07, 0.907
0.562, 1.224, 0.473
0.67, 1.224, 0.564
1.379, 3.834, 1.575
0.537, 0.657, 0.335
0.521, 1.757, 0.493
0.37, 0.516, 0.227
0.657, 1.77, 0.836
0.597, 1.181, 0.493
1.546, 11.64, 2.51
0.631, 2.044, 0.877
1.312, 11.043, 2.142
0.739, 1.821, 0.627
0.715, 1.375, 0.597
1.54, 11.033, 2.474
1.61, 11.033, 2.555
1.704, 11.033, 2.641
1.807, 11.033, 2.807
1.189, 5.881, 1.658
1.523, 5.881, 1.967
2.226, 5.881, 2.703
3.34, 11.033, 4.631
0.38, 0.524, 0.262
1.248, 12.624, 2.368
0.204, 0.28, 0.142
0.373, 1.188, 0.496
0.866, 3.784, 1.103
1.251, 3.769, 1.484
1.055, 2.443, 1.15
0.428, 0.493, 0.202
0.375, 0.446, 0.224
1.921, 12.453, 4.08
0.378, 0.379, 0.173
0.753, 1.487, 0.666
1.046, 3.245, 0.965
1.173, 3.245, 1.014
0.72, 1.851, 0.647
0.903, 1.851, 0.819
1.022, 10.576, 1.84
0.512, 1.194, 0.629
0.403, 1.354, 0.584
0.498, 1.349, 0.46
0.53, 1.349, 0.569
0.486, 1.118, 0.527
0.35, 0.689, 0.374
0.504, 1.536, 0.596
0.171, 0.195, 0.091
1.537, 6.223, 1.93
1.738, 6.223, 2.066
2.631, 6.223, 2.989
2.471, 13.833, 3.766
0.859, 2.112, 0.995
2.4, 5.176, 2.408
1.33, 14.691, 1.939
0.976, 9.76, 1.757
0.645, 1.507, 0.489
0.667, 1.485, 0.603
0.641, 0.891, 0.387
0.404, 0.033, 0.023
1.409, 9.76, 2.892
0.237, 0.25, 0.177
1.574, 3.102, 1.662
3.002, 0.485, 0.343
1.417, 5.816, 1.796
0.615, 1.503, 0.541
0.75, 1.503, 0.658
0.683, 1.822, 0.602
0.387, 0.447, 0.207
1.614, 11.933, 2.194
1.582, 6.552, 2.579
1.497, 10.386, 2.22
1.502, 10.386, 2.254
1.441, 10.349, 2.599
1.893, 10.336, 4.173
1.284, 4.92, 1.708
2.098, 4.75, 2.204
1.573, 10.38, 2.161
2.159, 8.3, 2.501
2.498, 8.3, 3.454
1.414, 10.38, 2.098
1.078, 3.672, 1.093
1.482, 3.659, 1.478
0.544, 1.794, 0.744
1.928, 10.364, 3.098
2.684, 10.34, 3.918
0.449, 0.734, 0.519
1.667, 11.933, 2.196
2.466, 11.388, 4.49
2.001, 11.933, 2.413
1.225, 4.346, 1.333
1.115, 4.346, 1.344
1.599, 4.338, 1.64
2.84, 9.343, 3.323
2.579, 7.19, 3.244
2.261, 11.933, 2.641
2.059, 8.243, 2.185
2.353, 6.169, 2.225
3.096, 6.169, 2.577
0.751, 2.291, 0.993
1.99, 8.243, 2.361
2.216, 8.243, 2.623
1.904, 6.494, 2.225
1.708, 6.36, 2.719
3.512, 11.798, 4.647
4.854, 11.798, 5.358
1.876, 3.99, 1.838
0.748, 1.268, 0.507
1.078, 6.923, 1.324
0.902, 2.19, 0.987
1.072, 6.923, 1.38
0.62, 1.748, 0.547
0.516, 1.61, 0.496
0.667, 1.61, 0.594
0.991, 1.952, 0.812
0.737, 1.515, 0.782
1.79, 6.888, 2.083
1.455, 5.777, 1.814
2.845, 5.777, 2.532
0.303, 0.65, 0.28
2.983, 6.839, 3.176
0.558, 1.241, 0.479
0.472, 1.112, 0.423
2.568, 6.376, 2.672
1.981, 6.376, 2.999
2.567, 6.628, 2.583
2.313, 6.628, 2.982
1.235, 1.686, 0.924
1.212, 14.691, 1.824
1.488, 10.917, 2.125
1.529, 10.917, 2.157
1.229, 6.498, 1.482
1.216, 6.461, 1.414
0.69, 1.255, 0.593
1.277, 6.455, 1.813
1.395, 6.455, 1.997
0.754, 1.605, 0.588
1.274, 5.264, 1.395
1.338, 3.636, 1.482
1.174, 5.264, 1.549
1.327, 5.264, 1.687
0.929, 2.523, 0.992
1.347, 4.95, 1.437
1.323, 4.95, 1.589
0.813, 1.29, 0.595
2.692, 5.283, 3.736
1.607, 10.896, 2.623
1.351, 7.883, 1.979
0.451, 1.163, 0.378
0.497, 1.145, 0.443
1.624, 4.029, 1.636
0.906, 3.144, 1.539
2.445, 3.942, 1.837
0.654, 1.14, 0.806
1.012, 8.258, 1.672
0.799, 2.561, 0.823
0.793, 2.317, 0.865
0.552, 1.421, 0.553
0.695, 1.444, 0.637
0.429, 1.386, 0.674
0.994, 1.405, 0.651
0.281, 0.46, 0.325
1.905, 8.871, 2.789
1.467, 6.644, 2.141
0.431, 0.958, 0.365
2.025, 3.915, 2.768
2.541, 9.895, 2.728
2.499, 9.895, 2.614
1.968, 5.775, 2.003
2.333, 5.775, 2.205
2.927, 5.775, 2.669
3.291, 5.743, 2.944
3.806, 8.38, 3.655
0.779, 1.378, 0.974
0.786, 8.775, 1.356
0.55, 1.672, 0.486
0.377, 1.104, 0.422
0.48, 1.389, 0.426
0.499, 1.389, 0.464
0.489, 1.389, 0.544
0.565, 1.672, 0.507
0.657, 1.425, 0.683
0.496, 1.672, 0.49
0.536, 1.672, 0.533
0.558, 1.672, 0.664
0.559, 1.589, 0.481
0.517, 1.589, 0.509
0.374, 0.605, 0.275
0.991, 1.91, 1.351
1.072, 5.39, 1.317
0.945, 5.333, 1.065
0.466, 1.221, 0.458
0.879, 3.16, 1.045
0.949, 3.16, 1.134
0.969, 3.16, 1.202
1.024, 5.333, 1.173
1.491, 5.252, 2.068
0.862, 2.631, 0.948
0.952, 2.631, 1.018
0.972, 2.608, 1.001
0.97, 2.762, 0.91
0.981, 2.762, 1.016
0.86, 2.729, 1.136
0.924, 1.777, 1.256
1.203, 6.174, 1.38
1.162, 6.174, 1.307
0.463, 1.221, 0.458
1.304, 6.174, 1.57
1.169, 3.125, 1.116
0.597, 1.551, 0.582
1.993, 6.092, 2.496
1.194, 5.199, 1.289
1.446, 5.096, 2.021
1.301, 4.806, 1.402
1.498, 4.806, 1.576
0.614, 1.244, 0.458
1.269, 3.054, 1.239
1.055, 3.406, 0.947
1.162, 3.348, 1.085
0.511, 0.665, 0.276
1.023, 1.836, 0.885
0.618, 1.164, 0.823
0.787, 5.644, 1.183
0.564, 1.586, 0.593
0.325, 1.101, 0.342
0.381, 1.101, 0.448
0.744, 1.586, 0.692
0.415, 1.343, 0.652
0.989, 1.405, 0.651
0.273, 0.444, 0.314
0.814, 5.65, 1.268
0.539, 1.446, 0.545
0.388, 1.205, 0.402
0.408, 1.205, 0.486
0.635, 1.446, 0.615
0.409, 1.32, 0.64
0.987, 1.405, 0.65
0.269, 0.436, 0.308
1.329, 7.647, 1.657
0.687, 1.094, 0.477
1.394, 7.647, 1.79
1.693, 7.647, 2.468
1.871, 7.647, 3.279
1.171, 2.809, 1.136
0.966, 2.809, 1.326
1.538, 2.716, 1.23
1.231, 3.452, 1.444
0.939, 1.731, 1.224
1.156, 9.438, 1.702
1.107, 9.438, 1.659
0.299, 0.37, 0.203
1.145, 2.172, 0.868
1.041, 1.728, 0.839
1.116, 9.438, 1.717
1.104, 9.438, 1.719
2.22, 5.483, 2.94
0.69, 2.806, 0.825
0.366, 0.425, 0.182
0.573, 0.999, 0.706
1.25, 9.414, 2.076
1.231, 9.394, 2.037
0.383, 0.909, 0.282
0.327, 0.42, 0.144
0.529, 0.909, 0.643
1.362, 9.394, 2.144
1.603, 9.394, 2.511
1.493, 9.394, 3.019
2.267, 9.347, 4.044
1.087, 1.649, 0.736
0.322, 0.536, 0.379
1.05, 8.554, 1.767
0.955, 6.514, 1.451
0.442, 1.208, 0.405
0.304, 0.424, 0.154
0.595, 1.053, 0.745
1.123, 6.287, 1.934
0.37, 0.652, 0.254
0.286, 0.471, 0.333
0.94, 3.463, 0.969
1.006, 3.463, 1.074
0.71, 2.789, 0.898
0.931, 2.768, 1.139
1.076, 1.635, 0.733
0.314, 0.519, 0.367
1.051, 5.123, 1.102
1.131, 5.123, 1.202
0.898, 2.204, 0.761
1.032, 2.204, 0.811
1.231, 2.204, 0.959
1.264, 2.202, 1.124
1.09, 1.625, 0.727
2.36, 4.629, 3.273
0.858, 5.198, 1.381
0.311, 0.446, 0.194
0.274, 0.44, 0.311
1.079, 4.021, 1.408
0.795, 2.438, 0.988
0.273, 0.438, 0.31
2.398, 14.653, 4.185
2.614, 14.653, 4.352
1.871, 13.498, 3.41
1.995, 13.48, 3.772
2.544, 13.48, 4.559
0.891, 2.793, 1.328
1.648, 17.046, 2.996
0.997, 1.509, 0.84
1.405, 4.226, 2.069
0.882, 2.079, 0.972
1.594, 6.512, 1.999
0.608, 1.61, 0.688
1.952, 6.492, 2.687
1.247, 3.724, 1.76
2.174, 16.997, 4.205
2.247, 16.258, 4.036
2.08, 10.219, 3.274
3.09, 10.219, 4.207
2.185, 16.258, 5.335
3.704, 16.258, 7.1
2.195, 16.997, 4.488
2.284, 16.997, 4.626
2.332, 16.997, 4.78
2.488, 16.997, 5.039
2.859, 16.997, 5.432
2.383, 16.846, 4.813
2.96, 16.846, 5.41
2.114, 12.662, 4.12
3.414, 12.641, 5.384
1.747, 16.453, 3.354
2.343, 8.291, 2.9
3.077, 8.291, 3.349
3.139, 7.427, 3.498
1.556, 16.453, 3.572
1.623, 16.453, 3.663
1.699, 16.453, 3.762
1.742, 16.453, 3.929
1.938, 16.453, 4.193
1.444, 15.138, 3.213
1.678, 15.138, 3.524
0.759, 2.618, 0.848
0.707, 2.618, 0.935
1.036, 2.611, 1.174
1.862, 5.798, 2.124
0.8, 1.508, 0.669
0.564, 0.94, 0.385
0.829, 1.976, 0.697
0.536, 0.673, 0.34
1.391, 6.111, 1.888
2.031, 6.111, 2.856
1.235, 8.419, 1.682
1.52, 3.948, 1.524
2.359, 8.258, 2.786
2.726, 8.258, 3.104
4.573, 8.258, 4.148
0.934, 5.536, 1.269
1.529, 5.533, 1.934
0.344, 0.57, 0.216
0.33, 1.224, 0.327
0.209, 0.345, 0.115
0.758, 2.238, 0.796
1.136, 1.958, 0.98
0.823, 2.238, 0.897
2.998, 13.484, 4.851
5.661, 13.484, 7.13
1.387, 13.331, 2.372
0.313, 0.228, 0.106
1.233, 4.465, 1.3
0.89, 1.412, 0.581
1.244, 4.465, 1.478
1.463, 4.465, 1.628
1.795, 4.465, 1.869
3.255, 11.549, 4.288
1.353, 13.331, 2.336
2.56, 7.978, 3.741
1.438, 13.331, 2.476
0.69, 2.543, 0.831
0.263, 0.471, 0.219
1.476, 13.331, 2.532
0.324, 0.869, 0.402
0.761, 2.485, 0.767
1.042, 2.475, 0.908
0.924, 1.074, 0.62
0.256, 0.293, 0.207
1.587, 9.675, 2.903
1.207, 4.731, 1.705
0.791, 1.491, 0.796
0.21, 0.269, 0.19
1.569, 9.735, 2.899
1.184, 4.498, 1.621
0.783, 1.491, 0.8
0.21, 0.269, 0.19
1.638, 9.535, 2.828
1.332, 4.616, 1.611
1.125, 1.492, 0.804
0.21, 0.269, 0.19
1.53, 8.652, 2.694
1.271, 5.098, 1.837
0.777, 1.492, 0.805
0.21, 0.269, 0.19
1.563, 9.679, 2.847
1.181, 4.125, 1.493
0.774, 1.494, 0.807
0.21, 0.269, 0.19
1.578, 8.385, 2.575
1.394, 4.944, 1.722
1.119, 1.492, 0.801
0.21, 0.269, 0.19
1.564, 8.277, 2.553
1.386, 4.965, 1.731
1.117, 1.495, 0.801
0.21, 0.269, 0.19
1.316, 9.571, 2.07
1.303, 3.572, 1.509
0.588, 1.687, 0.799
0.896, 3.527, 1.057
0.931, 3.527, 1.25
0.221, 0.243, 0.105
0.673, 1.207, 0.853
1.163, 10.813, 2.257
0.94, 4.016, 1.263
0.331, 0.357, 0.167
0.799, 3.981, 1.16
0.88, 3.959, 1.415
0.208, 0.181, 0.085
0.448, 0.794, 0.561
1.536, 8.431, 2.646
1.313, 5.166, 1.859
0.772, 1.492, 0.808
0.21, 0.269, 0.19
1.586, 10.23, 2.931
1.142, 3.202, 1.239
0.771, 1.495, 0.809
0.21, 0.269, 0.19
1.601, 9.145, 2.66
1.325, 3.92, 1.383
1.115, 1.495, 0.801
0.209, 0.269, 0.19
1.634, 9.538, 2.8
1.325, 4.34, 1.513
1.115, 1.495, 0.8
0.209, 0.269, 0.19
2.673, 13.267, 4.198
0.869, 2.051, 0.868
0.797, 2.051, 0.965
2.723, 5.078, 3.59
1.388, 8.893, 2.366
1.127, 4.655, 1.425
0.677, 1.482, 0.656
0.267, 0.11, 0.045
0.293, 0.463, 0.328
1.119, 10.27, 1.908
0.991, 3.607, 1.232
0.255, 0.514, 0.242
0.978, 3.777, 1.096
0.575, 1.708, 0.57
0.374, 0.549, 0.236
0.842, 3.951, 1.318
1.315, 3.846, 1.84
0.209, 0.269, 0.19
1.016, 10.618, 1.893
0.873, 2.788, 1.078
0.273, 0.588, 0.277
0.82, 2.744, 0.803
0.59, 1.577, 0.59
0.456, 1.047, 0.472
0.748, 3.981, 1.341
1.258, 3.854, 1.867
0.209, 0.269, 0.19
1.266, 10.703, 2.219
0.761, 3.166, 1.043
0.275, 0.605, 0.283
1.232, 7.914, 1.856
0.717, 1.86, 0.626
0.797, 1.86, 0.743
0.336, 0.365, 0.185
1.166, 10.703, 2.245
1.721, 10.683, 3.138
2.8, 10.664, 4.592
1.04, 2.01, 0.979
0.68, 3.682, 1.057
0.76, 3.625, 1.157
0.461, 0.983, 0.402
1.642, 5.465, 2.181
0.678, 1.496, 0.697
0.209, 0.269, 0.19
2.097, 7.808, 3.065
0.495, 0.599, 0.303
1.945, 18.628, 4.328
0.83, 1.982, 1.056
0.6, 3.575, 0.935
0.522, 1.185, 0.505
0.319, 0.993, 0.33
0.366, 0.993, 0.377
0.454, 0.993, 0.452
4.889, 13.929, 6.336
1.741, 5.835, 1.949
1.228, 4.049, 1.964
2.34, 5.827, 2.16
1.426, 3.395, 1.333
2.022, 3.003, 2.124
1.193, 13.967, 2.014
0.237, 0.089, 0.046
0.814, 3.485, 1.112
0.385, 1.428, 0.503
0.138, 0.224, 0.119
0.874, 3.711, 1.167
0.544, 0.758, 0.375
0.667, 1.556, 0.646
0.292, 0.186, 0.099
2.011, 8.897, 3.245
0.251, 0.191, 0.095
1.455, 10.637, 2.933
0.394, 1.056, 0.338
0.445, 1.046, 0.475
0.712, 4.07, 1.079
0.328, 0.675, 0.234
0.328, 0.666, 0.304
1.311, 4.541, 1.578
1.204, 3.557, 1.449
0.629, 1.771, 0.724
0.668, 1.19, 0.489
1.193, 3.864, 1.27
1.159, 3.864, 1.602
0.646, 1.562, 0.602
0.737, 2.029, 0.933
0.654, 1.111, 0.404
0.531, 0.547, 0.306
2.354, 10.496, 3.762
0.318, 0.428, 0.214
1.421, 8.727, 2.039
0.673, 1.467, 0.776
1.658, 8.721, 2.517
0.865, 2.381, 0.815
0.853, 2.381, 1.103
0.991, 3.343, 0.976
1.079, 2.175, 1.108
0.858, 3.343, 1.013
0.774, 3.312, 1.171
1.023, 3.312, 1.595
1.707, 3.654, 1.916
1.252, 8.238, 1.563
1.324, 3.529, 1.47
0.988, 2.414, 1.309
1.152, 8.238, 1.475
1.709, 8.148, 2.37
2.209, 8.014, 2.867
0.84, 1.538, 0.679
1.112, 4.948, 1.293
1.156, 1.746, 0.794
0.927, 4.926, 1.568
1.373, 4.813, 2.071
1.348, 3.653, 1.358
1.767, 3.653, 1.48
1.35, 2.374, 1.101
0.953, 3.645, 1.158
0.911, 2.051, 0.918
0.708, 3.645, 1.178
1.047, 3.596, 1.556
1.312, 3.394, 1.397
2.194, 3.391, 1.514
1.722, 3.227, 1.614
1.105, 10.574, 2.172
0.518, 1.046, 0.527
0.589, 1.909, 0.789
0.391, 1.356, 0.427
0.527, 1.349, 0.568
0.482, 1.116, 0.526
0.21, 0.234, 0.096
0.183, 0.215, 0.108
0.433, 1.509, 0.541
0.188, 0.195, 0.094
1.995, 5.738, 2.098
2.605, 5.738, 2.382
4.594, 26.844, 5.917
1.362, 2.912, 1.22
5.084, 26.844, 6.675
8.6, 25.716, 9.452
11.085, 25.716, 13.85
2.533, 5.826, 2.212
2.135, 4.241, 1.959
2.273, 4.075, 2.038
7.319, 15.377, 6.902
5.539, 12.844, 4.955
4.68, 12.485, 4.912
1.779, 5.958, 2.523
1.747, 14.611, 2.409
0.478, 0.561, 0.271
2.581, 3.533, 1.662
1.258, 3.341, 1.146
0.891, 2.232, 0.883
1.963, 14.6, 2.831
1.536, 5.422, 2.322
2.083, 14.551, 2.952
2.585, 10.229, 3.761
2.481, 10.229, 4.444
1.885, 7.403, 2.187
2.483, 7.221, 2.972
2.767, 14.468, 4.705
0.314, 0.224, 0.119
0.824, 2.868, 1.042
0.348, 0.937, 0.401
2.669, 5.258, 1.895
2.494, 5.258, 2.268
1.091, 1.74, 0.912
1.449, 13.707, 2.619
0.343, 0.392, 0.183
0.839, 2.325, 0.782
0.427, 1.115, 0.424
0.809, 2.121, 0.688
0.887, 2.121, 0.999
0.734, 1.373, 0.478
0.869, 1.373, 0.503
0.864, 0.371, 0.185
2.877, 13.653, 4.853
3.383, 13.653, 5.837
1.532, 20.526, 3.888
0.568, 0.753, 0.411
0.27, 0.477, 0.151
0.292, 0.477, 0.239
0.769, 1.532, 0.557
0.973, 3.513, 1.052
0.758, 1.724, 0.614
0.976, 1.724, 0.882
3.09, 12.43, 5.342
1.093, 18.181, 2.337
0.35, 0.391, 0.213
0.393, 1.554, 0.446
0.296, 0.561, 0.228
0.412, 0.561, 0.291
1.833, 3.628, 1.567
1.017, 1.454, 0.555
0.879, 1.104, 0.509
0.658, 2.008, 0.686
0.228, 0.087, 0.046
1.261, 3.102, 1.092
0.479, 0.622, 0.313
0.851, 2.302, 0.823
0.902, 1.55, 0.656
0.392, 0.759, 0.3
0.166, 0.087, 0.046
1.146, 19.531, 3.544
0.35, 0.391, 0.213
0.307, 0.824, 0.277
0.343, 0.824, 0.333
0.353, 0.822, 0.37
0.133, 0.159, 0.08
1.136, 5.046, 1.694
1.82, 4.948, 2.303
2.121, 13.018, 3.933
0.392, 0.896, 0.472
1.486, 3.465, 1.93
1.277, 6.545, 1.821
0.241, 0.434, 0.222
1.009, 3.762, 1.295
1.184, 6.493, 2.058
1.359, 6.493, 2.339
0.475, 0.407, 0.233
1.22, 8.84, 1.659
0.789, 1.4, 0.703
2.091, 5.6, 2.623
2.196, 7.586, 2.474
1.559, 3.297, 1.68
2.235, 6.051, 2.365
1.014, 2.394, 0.9
0.814, 1.38, 0.694
0.78, 3.741, 0.87
0.591, 2.164, 0.531
0.611, 2.164, 0.597
0.985, 2.056, 0.919
0.441, 0.711, 0.332
0.668, 1.496, 0.549
0.497, 0.628, 0.285
0.752, 2.686, 0.875
0.892, 2.626, 1.087
0.541, 1.178, 0.43
0.356, 0.302, 0.157
1.391, 13.331, 2.371
0.313, 0.228, 0.106
1.233, 4.465, 1.3
0.89, 1.412, 0.581
1.244, 4.465, 1.478
1.463, 4.465, 1.628
1.795, 4.465, 1.869
3.255, 11.549, 4.288
1.353, 13.331, 2.336
2.56, 7.978, 3.741
1.438, 13.331, 2.476
0.69, 2.543, 0.831
0.263, 0.471, 0.219
1.476, 13.331, 2.532
0.324, 0.869, 0.402
0.761, 2.485, 0.767
1.042, 2.475, 0.908
0.924, 1.074, 0.62
0.256, 0.293, 0.207
1.587, 9.675, 2.903
1.207, 4.731, 1.705
0.791, 1.491, 0.796
0.21, 0.269, 0.19
1.569, 9.735, 2.899
1.184, 4.498, 1.621
0.783, 1.491, 0.8
0.21, 0.269, 0.19
1.638, 9.535, 2.828
1.332, 4.616, 1.611
1.125, 1.492, 0.804
0.21, 0.269, 0.19
1.53, 8.652, 2.694
1.271, 5.098, 1.837
0.777, 1.492, 0.805
0.21, 0.269, 0.19
1.563, 9.679, 2.847
1.181, 4.125, 1.493
0.774, 1.494, 0.807
0.21, 0.269, 0.19
1.578, 8.385, 2.575
1.394, 4.944, 1.722
1.119, 1.492, 0.801
0.21, 0.269, 0.19
1.564, 8.277, 2.553
1.386, 4.965, 1.731
1.117, 1.495, 0.801
0.21, 0.269, 0.19
1.316, 9.571, 2.07
1.303, 3.572, 1.509
0.588, 1.687, 0.799
0.896, 3.527, 1.057
0.931, 3.527, 1.25
0.221, 0.243, 0.105
0.673, 1.207, 0.853
1.163, 10.813, 2.257
0.94, 4.016, 1.263
0.331, 0.357, 0.167
0.799, 3.981, 1.16
0.88, 3.959, 1.415
0.208, 0.181, 0.085
0.448, 0.794, 0.561
1.536, 8.431, 2.646
1.313, 5.166, 1.859
0.772, 1.492, 0.808
0.21, 0.269, 0.19
1.586, 10.23, 2.931
1.142, 3.202, 1.239
0.771, 1.495, 0.809
0.21, 0.269, 0.19
1.601, 9.145, 2.66
1.325, 3.92, 1.383
1.115, 1.495, 0.801
0.209, 0.269, 0.19
1.634, 9.538, 2.8
1.325, 4.34, 1.513
1.115, 1.495, 0.8
0.209, 0.269, 0.19
2.673, 13.267, 4.198
0.869, 2.051, 0.868
0.797, 2.051, 0.965
2.723, 5.078, 3.59
1.388, 8.893, 2.366
1.127, 4.655, 1.425
0.677, 1.482, 0.656
0.267, 0.11, 0.045
0.293, 0.463, 0.328
1.119, 10.27, 1.908
0.991, 3.607, 1.232
0.255, 0.514, 0.242
0.978, 3.777, 1.096
0.575, 1.708, 0.57
0.374, 0.549, 0.236
0.842, 3.951, 1.318
1.315, 3.846, 1.84
0.209, 0.269, 0.19
1.016, 10.618, 1.893
0.873, 2.788, 1.078
0.273, 0.588, 0.277
0.82, 2.744, 0.803
0.59, 1.577, 0.59
0.456, 1.047, 0.472
0.748, 3.981, 1.341
1.258, 3.854, 1.867
0.209, 0.269, 0.19
1.266, 10.703, 2.219
0.761, 3.166, 1.043
0.275, 0.605, 0.283
1.232, 7.914, 1.856
0.717, 1.86, 0.626
0.797, 1.86, 0.743
0.336, 0.365, 0.185
1.166, 10.703, 2.245
1.721, 10.683, 3.138
2.8, 10.664, 4.592
1.04, 2.01, 0.979
0.68, 3.682, 1.057
0.76, 3.625, 1.157
0.461, 0.983, 0.402
1.642, 5.465, 2.181
0.678, 1.496, 0.697
0.209, 0.269, 0.19
2.097, 7.808, 3.065
0.495, 0.599, 0.303
1.414, 15.014, 2.851
0.415, 0.93, 0.485
0.461, 1.49, 0.624
1.299, 4.493, 1.9
0.569, 2.374, 0.607
0.647, 2.374, 0.823
0.243, 0.124, 0.054
0.485, 0.561, 0.222
0.418, 0.446, 0.223
1.522, 13.929, 3.514
3.298, 13.899, 6.007
0.487, 1.08, 0.441
0.513, 1.08, 0.512
0.458, 1.02, 0.49
2.436, 14.81, 4.803
0.504, 0.491, 0.202
1.315, 4.047, 1.254
1.242, 4.047, 1.405
1.064, 2.372, 1.069
0.803, 10.626, 1.643
0.61, 1.425, 0.748
0.408, 1.341, 0.575
0.404, 1.37, 0.435
0.534, 1.37, 0.576
0.488, 1.126, 0.531
0.22, 0.227, 0.092
0.195, 0.201, 0.101
0.436, 1.532, 0.56
0.178, 0.182, 0.084
0.381, 0.551, 0.283
1.261, 2.957, 1.17
1.534, 2.957, 1.332
1.178, 14.408, 2.414
0.383, 0.817, 0.419
0.42, 0.962, 0.392
0.754, 6.26, 1.537
0.37, 1.161, 0.445
0.124, 0.072, 0.029
1.266, 6.209, 2.49
1.727, 6.209, 3.079
0.617, 1.725, 0.698
0.229, 0.228, 0.095
1.926, 4.575, 1.655
1.732, 4.575, 2.088
2.03, 15.384, 4.564
0.616, 1.405, 0.733
0.07, 0.013, 0.007
2.483, 12.978, 4.192
1.014, 3.072, 1.498
1.248, 12.624, 2.367
0.204, 0.28, 0.142
0.373, 1.188, 0.496
0.869, 3.769, 1.101
1.251, 3.769, 1.484
1.055, 2.443, 1.15
0.437, 0.45, 0.187
0.389, 0.402, 0.202
1.921, 12.453, 4.08
0.378, 0.379, 0.173
0.753, 1.487, 0.666
1.042, 3.245, 0.962
1.169, 3.245, 1.01
0.714, 1.852, 0.633
0.882, 1.852, 0.814
1.012, 4.441, 1.362
0.493, 0.861, 0.342
1.75, 4.389, 2.055
0.755, 13.243, 1.743
0.51, 1.021, 0.514
0.609, 1.908, 0.78
0.393, 1.356, 0.429
0.529, 1.349, 0.571
0.485, 1.127, 0.531
0.212, 0.242, 0.098
0.183, 0.215, 0.108
0.423, 1.536, 0.556
0.165, 0.178, 0.085
0.545, 1.554, 0.501
0.597, 1.554, 0.716
0.324, 0.543, 0.206
1.049, 3.135, 1.159
0.733, 3.135, 0.969
0.297, 0.514, 0.181
1.198, 16.331, 2.105
0.152, 0.087, 0.039
0.265, 0.557, 0.272
1.04, 2.585, 1.209
0.447, 0.855, 0.312
1.238, 16.331, 2.198
0.41, 0.355, 0.251
1.257, 16.331, 2.225
1.714, 3.646, 1.281
1.044, 2.227, 1.135
1.227, 16.331, 2.279
1.143, 6.607, 1.555
0.928, 4.876, 1.074
0.715, 1.423, 0.577
1.002, 4.87, 1.272
1.011, 4.87, 1.385
1.271, 4.711, 1.627
0.388, 0.184, 0.086
1.235, 3.089, 1.279
1.035, 1.806, 0.802
1.244, 1.806, 0.969
3.379, 6.607, 4.672
1.203, 14.967, 2.408
0.859, 6.595, 1.239
0.576, 1.566, 0.627
0.427, 1.381, 0.432
0.398, 1.176, 0.388
0.47, 1.111, 0.432
0.208, 0.055, 0.025
0.585, 1.273, 0.556
1.234, 6.595, 1.618
0.666, 1.929, 0.762
1.926, 6.438, 2.226
2.334, 6.429, 2.458
0.573, 0.919, 0.408
0.677, 0.919, 0.509
3.194, 6.227, 4.403
1.217, 16.331, 2.71
0.74, 4.139, 0.899
0.284, 0.428, 0.163
0.424, 1.36, 0.419
0.392, 1.152, 0.383
0.464, 1.091, 0.427
0.207, 0.048, 0.023
0.587, 1.265, 0.524
1.698, 4.09, 1.282
1.984, 4.09, 1.702
1.592, 2.701, 1.353
3.116, 6.152, 4.35
1.527, 15.89, 3.362
0.204, 0.28, 0.142
0.655, 2.011, 0.815
0.866, 3.784, 1.103
1.251, 3.769, 1.484
1.055, 2.444, 1.15
0.428, 0.493, 0.202
0.375, 0.446, 0.224
2.278, 15.632, 5.125
0.394, 0.442, 0.215
1.536, 6.711, 2.103
1.791, 6.711, 2.356
0.645, 1.522, 0.678
0.832, 3.691, 1.183
0.809, 3.149, 1.206
1.086, 3.149, 1.429
0.922, 2.572, 1.469
0.274, 0.601, 0.179
0.304, 0.601, 0.245
0.433, 0.601, 0.311
1.314, 3.435, 1.546
0.863, 2.497, 1.027
1.438, 14.593, 2.798
0.204, 0.28, 0.142
0.373, 1.188, 0.496
0.866, 3.784, 1.103
1.251, 3.769, 1.484
1.055, 2.444, 1.15
0.428, 0.493, 0.202
0.375, 0.446, 0.224
2.183, 14.435, 4.473
0.355, 0.436, 0.206
1.429, 6.032, 1.887
1.677, 6.032, 2.103
0.609, 1.054, 0.463
1.652, 20.128, 3.779
0.277, 0.293, 0.163
0.966, 3.188, 0.955
0.482, 1.313, 0.479
0.702, 1.308, 0.552
1.69, 3.072, 1.291
2.261, 5.896, 2.578
0.593, 1.176, 0.54
1.677, 12.413, 2.67
0.403, 0.71, 0.356
0.683, 1.646, 0.697
0.836, 3.784, 1.104
1.251, 3.769, 1.484
1.055, 2.443, 1.15
0.445, 0.494, 0.209
0.389, 0.49, 0.246
1.802, 12.413, 2.901
1.712, 11.16, 3.482
2.267, 11.12, 4.437
1.85, 10.935, 3.776
3.487, 10.864, 5.109
1.783, 12.413, 2.814
2.048, 11.55, 3.305
0.802, 2.336, 0.947
1.763, 12.413, 2.794
2.644, 8.665, 4.104
1.089, 7.344, 1.779
0.679, 2.431, 0.746
1.013, 2.39, 1.063
0.4, 0.694, 0.288
0.493, 0.694, 0.364
3.726, 7.344, 5.193
1.593, 11.418, 3.164
0.527, 2.468, 0.678
0.795, 2.369, 1.019
0.37, 0.556, 0.24
0.444, 0.556, 0.285
0.901, 1.737, 1.229
3.362, 11.372, 4.364
2.463, 4.465, 2.233
1.675, 12.383, 2.963
1.374, 12.383, 2.768
1.4, 12.383, 2.933
0.467, 0.57, 0.247
0.696, 1.325, 0.709
2.274, 12.383, 4.209
1.057, 2.435, 1.189
6.255, 12.383, 8.756
1.957, 10.072, 2.47
2.056, 10.072, 2.542
1.995, 10.072, 2.531
1.944, 10.072, 2.651
1.637, 7.468, 2.147
2.074, 7.468, 2.511
3.368, 7.467, 3.141
3.684, 10.072, 4.43
1.345, 6.211, 1.59
1.237, 6.211, 1.424
1.155, 6.211, 1.423
1.15, 6.211, 1.728
1.406, 6.211, 2.063
2.366, 6.211, 2.717
1.233, 3.175, 1.24
1.875, 3.175, 1.641
1.497, 14.815, 2.185
0.336, 0.802, 0.386
1.016, 2.587, 1.207
0.151, 0.173, 0.078
1.124, 3.436, 1.643
1.187, 3.022, 1.381
0.742, 1.666, 0.507
0.645, 1.287, 0.462
0.557, 0.701, 0.323
2.444, 10.397, 2.883
2.179, 6.871, 2.446
2.926, 6.871, 2.9
1.885, 8.186, 2.442
1.94, 8.186, 2.725
3.347, 8.186, 3.463
1.842, 8.46, 2.719
1.683, 7.691, 2.648
1.089, 5.532, 2.045
0.368, 0.456, 0.254
2.232, 8.362, 3.574
0.601, 0.914, 0.397
0.884, 2.107, 0.655
0.485, 0.359, 0.152
2.027, 11.234, 3.449
0.662, 0.973, 0.447
0.406, 0.71, 0.265
0.632, 0.825, 0.339
1.612, 14.797, 2.286
1.754, 11.652, 3.261
2.202, 11.652, 3.905
0.778, 1.623, 0.69
1.611, 14.797, 2.227
2.389, 7.129, 2.501
3.384, 7.111, 3.209
0.952, 1.669, 1.18
1.519, 8.239, 2.648
0.828, 1.646, 0.78
1.316, 5.621, 1.787
1.833, 5.621, 2.653
1.509, 8.012, 1.863
1.521, 3.695, 1.518
1.609, 8.012, 2.049
2.147, 8.012, 2.644
1.964, 5.689, 2.609
1.22, 3.541, 1.202
1.438, 3.541, 1.563
1.627, 14.797, 2.326
1.649, 8.986, 2.029
1.686, 8.986, 2.058
1.707, 8.986, 2.089
0.978, 1.565, 0.527
1.816, 8.986, 2.179
1.161, 1.92, 0.921
1.359, 1.939, 0.784
1.791, 8.986, 2.223
1.201, 4.701, 1.548
1.587, 4.698, 1.76
2.146, 4.698, 2.366
2.018, 8.951, 2.427
3.587, 8.871, 3.085
1.641, 6.778, 1.967
1.975, 6.623, 2.569
1.48, 5.281, 1.674
1.683, 5.281, 1.825
2.121, 5.281, 2.307
1.868, 6.488, 2.288
2.035, 6.488, 2.774
2.509, 8.666, 3.694
3.558, 8.3, 3.601
0.802, 1.396, 0.987
1.212, 14.79, 3.05
0.617, 3.395, 0.726
0.639, 3.288, 0.79
0.545, 0.578, 0.208
0.769, 3.286, 1.121
0.954, 3.263, 1.263
0.496, 0.865, 0.612
1.845, 5.2, 2.535
2.614, 5.2, 2.885
2.527, 4.779, 3.379
2.059, 3.459, 1.451
0.825, 3.5, 1.101
0.52, 0.61, 0.292
0.642, 2.004, 0.677
0.733, 2.004, 0.772
1.242, 15.653, 2.679
0.491, 0.648, 0.325
0.734, 2.397, 0.847
0.869, 2.397, 1.128
0.63, 3.518, 0.881
0.731, 3.518, 1.007
1.13, 3.416, 1.617
0.793, 1.948, 0.907
0.265, 0.573, 0.3
0.264, 0.636, 0.219
0.286, 0.636, 0.267
1.075, 3.789, 1.169
0.63, 1.468, 0.598
2.548, 15.562, 5.329
4.286, 15.523, 7.572
1.491, 6.393, 2.126
2.156, 6.346, 2.934
0.835, 2.472, 0.791
0.47, 0.907, 0.37
2.341, 15.614, 5.398
4.254, 15.584, 7.622
1.408, 7.201, 2.418
2.305, 7.163, 3.368
0.784, 2.28, 0.689
0.622, 1.316, 0.518
2.275, 7.962, 3.854
1.25, 12.624, 2.431
0.204, 0.28, 0.142
0.373, 1.188, 0.496
0.866, 3.784, 1.103
1.251, 3.769, 1.484
1.055, 2.443, 1.15
0.428, 0.493, 0.202
0.375, 0.446, 0.224
1.916, 12.453, 4.082
0.368, 0.379, 0.183
0.753, 1.487, 0.666
1.034, 3.245, 0.979
1.19, 3.245, 1.068
0.564, 0.829, 0.366
1.413, 19.491, 3.596
0.559, 0.763, 0.387
0.821, 3.839, 1.074
1.048, 3.839, 1.352
1.458, 3.839, 1.765
1.122, 2.278, 0.958
0.805, 0.934, 0.449
0.803, 10.618, 1.646
0.61, 1.425, 0.748
0.406, 1.341, 0.576
0.406, 1.412, 0.442
0.54, 1.412, 0.587
0.487, 1.125, 0.531
0.22, 0.228, 0.092
0.194, 0.203, 0.102
0.439, 1.509, 0.547
0.178, 0.171, 0.081
0.327, 0.54, 0.235
1.305, 2.979, 1.186
1.526, 2.979, 1.348
4.958, 28.505, 6.176
2.783, 7.659, 3.175
0.523, 1.207, 0.385
0.495, 1.207, 0.533
6.363, 21.337, 7.193
4.758, 14.769, 6.959
5.774, 28.441, 7.909
5.789, 28.441, 8.493
5.57, 28.441, 8.204
4.412, 14.521, 5.967
9.198, 26.838, 12.951
9.431, 24.966, 14.382
7.019, 18.774, 7.674
9.002, 18.774, 8.998
2.706, 7.164, 2.341
1.245, 1.983, 0.868
3.55, 17.971, 5.465
1.528, 3.706, 1.782
6.591, 16.742, 7.398
8.802, 16.742, 8.438
4.862, 22.736, 6.277
4.625, 10.145, 4.629
5.645, 22.538, 7.746
9.721, 21.912, 9.627
2.417, 3.414, 2.414
5.22, 26.383, 6.201
6.18, 21.637, 6.363
5.329, 13.728, 5.011
4.824, 13.314, 6.091
9.614, 20.234, 9.422
5.707, 10.598, 7.494
4.569, 25.467, 5.254
4.684, 25.419, 5.339
9.184, 22.516, 10.925
4.686, 14.315, 4.932
3.653, 14.269, 4.296
5.21, 14.269, 6.479
7.727, 13.681, 6.996
3.77, 7.071, 5.0
4.357, 15.111, 5.001
4.628, 14.784, 4.933
5.387, 14.61, 6.769
7.452, 12.329, 6.708
1.066, 1.743, 1.232
5.239, 15.81, 5.412
5.353, 13.454, 4.714
5.305, 13.454, 5.977
6.884, 12.44, 6.211
1.055, 1.721, 1.217
1.805, 5.002, 1.882
2.201, 5.002, 2.091
1.934, 2.624, 1.489
2.726, 5.348, 3.781
5.05, 24.519, 6.255
5.214, 14.863, 4.947
5.252, 14.722, 6.903
7.839, 22.969, 11.23
2.494, 4.519, 3.195
6.414, 25.262, 7.824
6.518, 24.705, 7.769
4.644, 13.593, 6.443
10.395, 23.22, 10.908
2.127, 3.786, 2.677
6.013, 23.553, 6.883
5.766, 16.698, 6.066
4.819, 13.401, 6.433
10.457, 22.109, 10.324
2.135, 3.802, 2.689
5.701, 23.436, 6.538
4.635, 13.817, 4.386
4.707, 13.628, 6.505
10.336, 22.033, 10.387
2.53, 4.224, 2.987
4.699, 14.03, 5.194
4.629, 13.843, 5.263
5.049, 13.843, 6.38
7.007, 12.868, 6.709
2.679, 4.884, 3.453
7.052, 24.767, 8.163
7.234, 24.373, 7.998
5.571, 17.655, 8.434
10.418, 23.65, 11.24
2.429, 4.023, 2.845
5.865, 25.091, 7.801
5.265, 25.091, 7.276
2.241, 5.083, 2.145
10.474, 24.019, 11.478
2.205, 3.886, 2.748
5.223, 26.369, 6.005
6.288, 14.466, 6.23
7.309, 13.188, 5.892
4.079, 14.92, 4.616
1.958, 5.509, 2.003
2.932, 5.48, 2.424
4.93, 14.449, 5.553
6.057, 14.449, 6.619
9.517, 25.64, 14.654
5.247, 13.892, 6.084
3.727, 6.62, 4.681
1.389, 6.3, 1.92
1.504, 6.3, 2.08
1.37, 6.3, 2.102
1.751, 6.3, 2.663
1.53, 14.478, 2.35
0.67, 3.052, 0.925
0.459, 1.998, 0.542
0.237, 0.25, 0.177
1.57, 3.003, 1.634
2.979, 0.37, 0.262
1.051, 7.089, 1.707
0.557, 1.227, 0.408
0.617, 1.227, 0.488
0.488, 0.789, 0.339
0.394, 0.016, 0.011
1.55, 14.478, 2.389
0.879, 2.355, 1.133
1.476, 2.198, 1.554
0.992, 4.552, 1.216
0.967, 2.236, 0.975
1.123, 4.495, 1.739
0.289, 0.388, 0.275
1.385, 13.277, 2.009
1.365, 13.277, 1.958
1.597, 6.299, 2.724
1.82, 8.457, 2.153
3.124, 8.453, 3.073
1.745, 3.903, 1.854
0.857, 2.72, 1.014
1.304, 13.277, 1.927
0.616, 1.45, 0.548
1.377, 13.269, 2.062
1.452, 6.029, 1.856
2.111, 6.029, 2.756
0.838, 1.425, 0.593
0.787, 1.412, 0.607
1.415, 13.269, 2.159
0.811, 1.835, 0.816
1.441, 12.635, 2.22
1.791, 9.335, 2.601
0.892, 2.666, 0.923
1.743, 8.836, 2.711
0.905, 2.597, 1.102
0.614, 1.563, 0.622
1.395, 12.635, 2.193
1.807, 12.635, 3.021
2.123, 12.618, 4.068
3.428, 12.617, 5.306
1.253, 6.308, 2.047
2.027, 6.308, 2.582
1.439, 5.317, 1.756
1.725, 5.317, 1.976
0.898, 2.733, 0.763
0.992, 2.733, 0.916
1.194, 2.733, 1.206
0.739, 1.376, 0.591
1.421, 13.263, 2.207
1.922, 13.174, 3.845
0.578, 1.561, 0.551
0.694, 1.561, 0.6
1.3, 9.497, 1.701
1.818, 9.475, 2.509
3.082, 9.454, 3.534
1.132, 2.858, 1.354
0.987, 3.316, 1.184
1.49, 2.454, 1.239
0.782, 3.304, 1.286
0.974, 4.105, 1.069
1.054, 4.097, 1.354
1.429, 3.931, 1.854
0.753, 1.839, 0.693
1.039, 4.826, 1.348
1.296, 4.785, 1.828
0.296, 0.431, 0.188
0.909, 1.961, 0.768
0.773, 1.683, 0.735
0.64, 1.438, 0.575
0.937, 4.208, 1.65
0.868, 1.559, 1.102
1.932, 11.161, 2.616
2.503, 6.544, 2.722
1.992, 11.144, 2.716
1.177, 4.619, 1.982
3.019, 10.94, 4.06
3.965, 10.94, 4.557
1.901, 5.849, 2.156
1.979, 5.849, 2.392
2.085, 5.849, 2.65
1.978, 5.708, 2.274
0.974, 3.607, 1.382
0.591, 1.023, 0.724
1.3, 10.242, 2.377
1.26, 5.6, 1.845
0.51, 0.677, 0.35
0.635, 1.563, 0.614
1.145, 4.881, 1.911
0.232, 0.307, 0.217
1.344, 9.872, 2.152
1.263, 3.133, 1.123
1.062, 2.479, 1.093
0.672, 1.535, 0.614
1.358, 4.911, 1.884
0.227, 0.297, 0.21
1.965, 14.477, 3.365
1.307, 4.727, 1.608
1.509, 4.727, 2.218
2.259, 13.472, 3.642
2.527, 13.392, 4.212
3.658, 13.392, 5.591
2.245, 10.69, 4.245
2.211, 13.472, 3.539
2.031, 13.472, 3.531
1.86, 13.472, 3.842
2.101, 13.472, 4.212
1.75, 13.472, 3.627
2.196, 13.472, 4.333
3.451, 13.436, 5.734
4.351, 8.337, 4.1
0.861, 1.739, 0.637
0.963, 1.632, 0.737
0.652, 1.949, 0.732
1.605, 3.052, 2.158
1.545, 9.071, 2.179
1.788, 5.73, 1.968
1.783, 5.73, 2.722
0.767, 1.564, 0.659
1.376, 4.259, 1.632
0.491, 0.824, 0.583
2.869, 9.072, 3.74
1.87, 13.944, 4.089
0.628, 1.083, 0.55
1.111, 2.539, 1.464
0.799, 10.618, 1.644
0.61, 1.425, 0.748
0.406, 1.341, 0.576
0.406, 1.412, 0.442
0.54, 1.412, 0.587
0.487, 1.125, 0.531
0.22, 0.228, 0.092
0.194, 0.203, 0.102
0.439, 1.509, 0.547
0.178, 0.171, 0.081
0.327, 0.54, 0.235
1.267, 2.973, 1.187
1.542, 2.973, 1.355
1.517, 16.569, 2.324
0.26, 0.207, 0.093
1.716, 3.501, 1.408
3.254, 13.695, 4.529
2.572, 7.32, 3.348
1.858, 11.721, 3.317
2.907, 11.68, 5.046
1.032, 3.311, 1.361
1.456, 3.311, 1.735
3.826, 14.219, 5.467
1.308, 10.487, 1.76
1.85, 8.252, 3.192
2.22, 10.486, 2.576
1.748, 6.934, 2.491
1.504, 5.528, 2.332
2.547, 6.862, 3.875
2.436, 10.486, 2.701
2.88, 6.233, 3.006
1.848, 8.207, 2.031
1.641, 4.845, 1.651
2.005, 4.845, 2.176
2.083, 8.048, 2.567
3.537, 8.048, 3.058
0.332, 0.235, 0.121
2.316, 5.426, 2.683
1.034, 1.961, 1.387
1.437, 9.994, 1.967
1.407, 9.994, 1.935
1.291, 9.994, 1.786
1.459, 9.994, 1.978
1.679, 9.994, 2.271
1.992, 9.994, 2.807
2.271, 9.954, 4.352
1.887, 7.583, 2.521
2.585, 7.583, 2.994
0.884, 2.406, 0.908
1.018, 2.406, 0.971
0.701, 1.695, 0.705
0.788, 1.616, 0.714
0.684, 1.614, 0.682
0.783, 1.614, 0.712
2.349, 8.838, 3.065
2.439, 8.838, 3.739
3.161, 6.218, 4.397
0.997, 6.303, 1.161
0.963, 5.243, 1.044
0.824, 4.088, 0.815
0.869, 4.088, 0.88
0.899, 4.088, 1.024
1.128, 4.058, 1.747
0.695, 1.621, 0.712
0.852, 1.621, 0.746
0.665, 1.613, 0.659
0.778, 1.613, 0.709
0.66, 1.612, 0.653
0.776, 1.612, 0.708
0.975, 1.689, 0.747
0.718, 1.689, 0.736
1.013, 5.237, 1.118
0.936, 5.237, 1.059
1.054, 5.237, 1.287
1.612, 5.207, 2.219
0.673, 1.618, 0.688
0.837, 1.618, 0.736
0.652, 1.61, 0.644
0.773, 1.61, 0.706
0.929, 1.676, 0.703
0.712, 1.676, 0.731
3.226, 6.211, 4.392
0.792, 2.709, 0.703
0.784, 2.568, 0.671
0.773, 2.568, 0.688
0.799, 2.568, 0.71
0.788, 2.568, 0.76
0.847, 2.539, 1.128
0.664, 1.617, 0.679
0.83, 1.617, 0.731
0.647, 1.609, 0.639
0.771, 1.609, 0.704
0.645, 1.608, 0.636
0.77, 1.608, 0.704
0.909, 1.666, 0.686
0.709, 1.666, 0.728
1.387, 2.701, 1.91
5.573, 12.577, 6.505
0.581, 1.557, 0.564
0.334, 0.216, 0.105
1.279, 14.209, 2.594
0.204, 0.28, 0.142
0.373, 1.188, 0.496
0.866, 3.784, 1.103
1.251, 3.769, 1.484
1.055, 2.444, 1.15
0.428, 0.493, 0.202
0.375, 0.446, 0.224
2.08, 14.051, 4.611
0.358, 0.426, 0.201
0.909, 1.487, 0.772
0.953, 3.219, 0.992
1.091, 3.219, 1.097
0.479, 0.683, 0.28
2.063, 11.552, 3.033
0.516, 0.882, 0.443
2.134, 11.457, 3.17
1.262, 5.16, 2.26
2.578, 9.973, 3.503
3.188, 9.973, 3.796
4.115, 9.973, 4.218
2.065, 11.366, 3.673
2.518, 11.366, 4.111
3.333, 11.366, 4.738
1.408, 12.165, 2.43
0.632, 2.045, 0.877
0.554, 1.046, 0.309
0.476, 0.66, 0.248
0.436, 0.578, 0.241
1.446, 11.043, 2.378
1.21, 7.524, 2.323
0.371, 0.65, 0.27
1.609, 11.033, 2.495
1.679, 11.033, 2.578
1.772, 11.033, 2.665
1.819, 11.033, 2.83
1.222, 6.197, 1.74
1.561, 6.197, 2.072
2.305, 6.197, 2.851
3.34, 11.033, 4.631
0.381, 0.524, 0.262
2.029, 27.557, 3.394
0.336, 0.802, 0.386
1.016, 2.587, 1.207
0.151, 0.173, 0.078
1.124, 3.436, 1.643
1.187, 3.022, 1.381
0.742, 1.666, 0.507
0.645, 1.287, 0.462
0.557, 0.701, 0.323
2.444, 10.397, 2.884
2.179, 6.872, 2.447
2.926, 6.872, 2.901
1.886, 8.193, 2.443
1.941, 8.193, 2.727
3.349, 8.193, 3.466
1.842, 8.461, 2.719
1.683, 7.691, 2.648
1.09, 5.532, 2.045
0.368, 0.456, 0.254
2.233, 8.363, 3.574
0.602, 0.913, 0.397
0.884, 2.107, 0.655
0.485, 0.359, 0.152
2.031, 11.273, 3.461
0.662, 0.973, 0.447
0.406, 0.71, 0.265
0.633, 0.825, 0.339
8.088, 23.123, 9.118
7.447, 26.168, 9.954
2.13, 16.211, 3.209
2.004, 11.887, 3.287
2.467, 11.887, 3.94
0.778, 1.623, 0.69
2.126, 16.211, 3.214
2.39, 7.134, 2.502
3.385, 7.116, 3.211
0.952, 1.669, 1.18
1.519, 8.238, 2.648
0.828, 1.645, 0.78
1.316, 5.621, 1.788
1.833, 5.621, 2.653
1.509, 8.012, 1.863
1.521, 3.695, 1.518
1.61, 8.012, 2.049
2.148, 8.012, 2.645
1.965, 5.69, 2.61
1.221, 3.54, 1.202
1.439, 3.54, 1.563
2.336, 16.211, 3.548
2.36, 15.544, 3.356
2.413, 15.544, 3.395
4.38, 15.325, 5.884
4.034, 14.278, 5.169
3.888, 14.278, 5.683
4.248, 14.278, 6.941
5.155, 14.26, 5.882
2.002, 14.341, 2.585
3.817, 14.048, 5.414
1.818, 8.985, 2.177
1.161, 1.92, 0.92
1.359, 1.939, 0.784
1.793, 8.985, 2.22
1.195, 4.701, 1.53
1.576, 4.699, 1.739
2.147, 4.699, 2.367
2.018, 8.95, 2.428
3.588, 8.871, 3.085
1.642, 6.779, 1.968
1.976, 6.624, 2.569
1.48, 5.283, 1.674
1.683, 5.283, 1.825
2.122, 5.283, 2.307
1.869, 6.495, 2.289
2.036, 6.495, 2.775
2.511, 8.674, 3.698
3.559, 8.3, 3.601
0.802, 1.396, 0.987
2.241, 16.205, 4.199
1.996, 16.205, 3.786
2.897, 15.583, 4.907
1.981, 7.579, 2.828
1.28, 4.761, 1.849
0.635, 1.204, 0.522
4.809, 15.278, 6.455
0.863, 3.288, 1.028
0.643, 1.107, 0.423
0.769, 3.286, 1.121
0.955, 3.263, 1.263
0.499, 0.872, 0.616
1.845, 5.201, 2.535
2.615, 5.201, 2.885
2.527, 4.779, 3.38
2.059, 3.46, 1.451
0.826, 3.494, 1.101
0.521, 0.612, 0.292
0.643, 2.004, 0.677
0.733, 2.004, 0.772
2.492, 24.55, 3.651
7.131, 12.567, 6.272
3.448, 11.89, 4.075
3.473, 11.89, 5.699
3.203, 13.204, 3.866
2.127, 7.533, 2.319
2.19, 4.948, 2.094
2.856, 7.42, 3.313
6.078, 12.91, 5.487
8.162, 12.687, 5.589
2.191, 8.663, 2.695
1.53, 4.545, 1.791
2.155, 12.625, 2.918
5.04, 12.379, 5.375
2.031, 12.159, 2.731
1.731, 10.49, 2.333
1.315, 10.49, 2.928
1.923, 10.485, 4.231
1.346, 5.682, 2.473
1.88, 7.729, 2.182
1.571, 5.351, 1.793
1.127, 3.3, 1.365
1.913, 7.729, 2.262
2.295, 7.729, 2.407
1.973, 6.692, 2.165
1.933, 6.692, 2.3
2.0, 6.681, 2.754
1.969, 6.685, 2.826
2.156, 5.43, 2.619
4.137, 7.65, 3.239
0.536, 1.733, 0.678
0.681, 1.733, 0.823
7.15, 10.771, 4.464
1.746, 14.867, 2.998
5.235, 13.988, 6.462
1.423, 14.867, 2.483
0.945, 5.867, 1.352
0.395, 1.617, 0.543
0.383, 1.602, 0.627
0.44, 1.545, 0.658
1.223, 5.855, 1.588
0.651, 1.59, 0.615
0.553, 1.59, 0.656
1.689, 5.757, 2.002
2.845, 5.737, 2.274
1.201, 4.561, 1.745
1.67, 4.42, 2.045
5.566, 14.335, 6.525
3.037, 4.882, 2.219
1.456, 14.209, 2.806
0.204, 0.28, 0.142
0.373, 1.188, 0.496
0.866, 3.784, 1.103
1.251, 3.769, 1.484
1.055, 2.444, 1.15
0.428, 0.493, 0.202
0.375, 0.446, 0.224
2.08, 14.051, 4.611
0.358, 0.426, 0.201
1.672, 6.765, 2.076
1.821, 6.765, 2.353
0.678, 1.257, 0.555
0.957, 13.823, 2.211
0.518, 1.046, 0.527
0.551, 1.72, 0.706
0.392, 1.356, 0.428
0.528, 1.349, 0.57
0.483, 1.122, 0.528
0.211, 0.239, 0.097
0.183, 0.215, 0.108
0.426, 1.509, 0.545
0.18, 0.195, 0.091
1.456, 6.266, 1.959
1.441, 6.266, 2.118
0.617, 0.792, 0.359
1.731, 9.484, 2.724
1.069, 2.105, 1.054
0.304, 0.232, 0.098
2.412, 5.54, 2.907
0.657, 2.693, 0.701
0.643, 1.951, 0.556
0.526, 1.951, 0.479
0.382, 0.523, 0.231
0.445, 0.699, 0.276
1.208, 12.284, 1.917
0.66, 1.507, 0.602
0.423, 0.604, 0.221
0.33, 0.11, 0.056
2.36, 8.894, 3.074
1.193, 1.457, 0.729
1.105, 12.284, 1.761
1.021, 12.26, 2.653
0.2, 0.4, 0.146
1.614, 12.26, 3.615
2.413, 12.235, 4.441
0.434, 0.635, 0.32
1.105, 6.527, 1.347
1.791, 6.491, 2.113
1.486, 6.491, 2.205
0.566, 1.158, 0.493
1.107, 3.862, 1.296
1.177, 3.862, 1.605
0.361, 0.72, 0.314
0.977, 2.173, 0.903
0.754, 2.161, 0.906
0.419, 0.852, 0.286
0.394, 0.643, 0.255
0.911, 1.974, 0.858
1.54, 2.594, 1.257
0.944, 10.577, 1.873
0.512, 1.194, 0.629
0.401, 1.355, 0.586
0.399, 1.356, 0.431
0.53, 1.349, 0.569
0.486, 1.118, 0.527
0.213, 0.239, 0.098
0.184, 0.219, 0.11
0.424, 1.509, 0.545
0.173, 0.191, 0.088
2.107, 6.024, 2.151
2.682, 6.024, 2.513
1.226, 19.279, 2.236
0.349, 0.281, 0.146
0.267, 0.598, 0.181
0.304, 0.598, 0.245
0.433, 0.598, 0.311
1.884, 5.149, 2.371
0.854, 2.087, 0.797
1.291, 2.175, 0.956
0.978, 3.397, 1.258
1.509, 2.607, 1.107
1.395, 4.156, 1.506
1.252, 3.075, 1.152
1.551, 4.528, 1.842
1.074, 2.912, 1.208
0.984, 3.073, 1.495
0.643, 1.595, 0.73
0.817, 2.078, 0.832
1.154, 3.493, 1.148
1.406, 3.254, 1.505
0.811, 1.477, 0.745
0.823, 10.642, 1.634
0.513, 1.195, 0.629
0.409, 1.355, 0.581
0.405, 1.37, 0.435
0.535, 1.37, 0.575
0.488, 1.126, 0.531
0.221, 0.226, 0.092
0.196, 0.202, 0.101
0.446, 1.531, 0.553
0.184, 0.163, 0.076
0.333, 0.54, 0.236
1.267, 3.738, 1.266
1.316, 3.738, 1.353
0.787, 2.175, 0.995
1.198, 16.331, 2.105
0.152, 0.087, 0.039
0.265, 0.557, 0.272
1.04, 2.585, 1.209
0.447, 0.855, 0.312
1.238, 16.331, 2.198
0.41, 0.355, 0.251
1.257, 16.331, 2.225
1.714, 3.646, 1.281
1.044, 2.227, 1.135
1.227, 16.331, 2.279
1.143, 6.607, 1.555
0.928, 4.876, 1.074
0.715, 1.423, 0.577
1.002, 4.87, 1.272
1.011, 4.87, 1.385
1.271, 4.711, 1.627
0.388, 0.184, 0.086
1.235, 3.089, 1.279
1.035, 1.806, 0.802
1.244, 1.806, 0.969
3.379, 6.607, 4.672
1.203, 14.967, 2.408
0.859, 6.595, 1.239
0.576, 1.566, 0.627
0.427, 1.381, 0.432
0.398, 1.176, 0.388
0.47, 1.111, 0.432
0.208, 0.055, 0.025
0.585, 1.273, 0.556
1.234, 6.595, 1.618
0.666, 1.929, 0.762
1.926, 6.438, 2.226
2.334, 6.429, 2.458
0.573, 0.919, 0.408
0.677, 0.919, 0.509
3.194, 6.227, 4.403
1.217, 16.331, 2.71
0.74, 4.139, 0.899
0.284, 0.428, 0.163
0.424, 1.36, 0.419
0.392, 1.152, 0.383
0.464, 1.091, 0.427
0.207, 0.048, 0.023
0.587, 1.265, 0.524
1.698, 4.09, 1.282
1.984, 4.09, 1.702
1.592, 2.701, 1.353
3.116, 6.152, 4.35
1.132, 13.62, 1.861
0.314, 0.413, 0.183
1.191, 1.744, 0.724
0.551, 0.739, 0.313
0.789, 2.361, 0.829
0.473, 1.413, 0.6
1.947, 1.058, 0.748
1.249, 10.703, 1.81
2.207, 10.703, 3.431
3.571, 10.703, 4.964
0.879, 3.094, 0.785
0.867, 2.063, 0.824
0.471, 1.293, 0.62
0.869, 3.087, 0.833
0.948, 1.587, 0.845
0.849, 3.07, 0.907
0.562, 1.224, 0.473
0.67, 1.224, 0.564
1.374, 3.834, 1.568
0.537, 0.657, 0.335
0.521, 1.757, 0.493
0.37, 0.516, 0.227
0.657, 1.77, 0.836
0.597, 1.181, 0.493
1.178, 11.415, 2.254
0.277, 0.149, 0.062
0.815, 2.261, 0.713
0.594, 0.844, 0.362
0.997, 2.219, 0.823
0.767, 1.306, 0.569
2.712, 14.788, 3.341
2.949, 7.487, 3.001
2.246, 4.418, 2.069
1.94, 10.871, 2.531
2.573, 8.683, 2.97
3.492, 8.683, 3.806
1.822, 10.868, 2.487
1.962, 10.868, 2.562
2.078, 10.868, 2.661
2.062, 10.868, 2.838
1.679, 5.377, 1.745
1.911, 5.366, 1.881
2.922, 5.366, 2.275
3.925, 8.246, 4.155
1.357, 14.991, 1.966
0.984, 9.995, 1.791
0.648, 1.485, 0.483
0.667, 1.485, 0.603
0.648, 0.891, 0.395
0.403, 0.033, 0.023
1.429, 9.995, 2.96
0.237, 0.25, 0.177
1.572, 2.867, 1.644
2.996, 0.024, 0.017
1.429, 5.815, 1.816
0.615, 1.503, 0.541
0.75, 1.503, 0.658
0.684, 1.822, 0.602
0.388, 0.446, 0.207
1.712, 11.908, 2.248
1.316, 4.792, 1.852
1.497, 10.349, 2.217
1.502, 10.349, 2.25
1.441, 10.349, 2.599
1.893, 10.336, 4.173
1.284, 4.92, 1.708
2.098, 4.75, 2.204
1.572, 10.33, 2.156
2.158, 8.293, 2.498
2.497, 8.293, 3.451
1.413, 10.33, 2.091
1.08, 3.673, 1.1
1.494, 3.659, 1.483
0.534, 1.795, 0.747
1.923, 10.313, 3.082
2.676, 10.289, 3.898
0.449, 0.734, 0.519
1.815, 11.908, 2.291
2.468, 11.389, 4.49
1.85, 11.908, 2.171
0.978, 2.698, 0.909
0.837, 2.695, 0.854
1.255, 2.687, 0.964
3.743, 9.31, 3.778
1.494, 4.591, 1.438
0.749, 1.081, 0.454
0.756, 0.998, 0.442
1.694, 4.382, 1.607
1.617, 4.382, 1.771
2.155, 11.908, 2.461
1.851, 7.196, 1.9
2.35, 7.139, 2.22
2.47, 5.681, 2.155
2.811, 5.621, 2.372
2.031, 7.135, 2.641
2.919, 7.135, 3.29
1.412, 5.277, 1.552
1.547, 4.357, 1.512
1.677, 4.357, 1.605
0.89, 1.867, 0.823
1.083, 5.277, 1.491
1.385, 5.277, 1.718
0.909, 2.616, 1.137
1.548, 3.675, 1.571
0.761, 1.261, 0.474
1.561, 10.097, 2.195
0.903, 2.19, 0.984
1.689, 10.097, 2.378
1.011, 3.2, 1.067
0.857, 3.2, 1.015
1.164, 3.2, 1.23
2.79, 10.014, 3.695
2.607, 8.673, 3.73
2.425, 6.787, 2.803
0.783, 1.66, 0.698
2.559, 6.278, 2.654
1.961, 6.278, 2.949
2.553, 6.493, 2.556
2.28, 6.493, 2.916
1.26, 1.678, 0.941
1.215, 14.991, 1.833
1.488, 10.919, 2.125
1.529, 10.919, 2.157
1.227, 6.498, 1.475
1.214, 6.461, 1.406
0.689, 1.255, 0.593
1.278, 6.455, 1.812
1.396, 6.455, 1.997
0.754, 1.604, 0.588
1.277, 5.262, 1.387
1.355, 3.75, 1.519
1.176, 5.262, 1.547
1.33, 5.262, 1.686
0.929, 2.522, 0.991
1.342, 4.795, 1.392
1.317, 4.795, 1.538
0.813, 1.29, 0.595
2.692, 5.283, 3.736
1.605, 10.898, 2.625
1.348, 7.883, 1.98
0.451, 1.163, 0.378
0.497, 1.145, 0.443
1.617, 4.029, 1.641
0.906, 3.144, 1.539
2.45, 3.923, 1.829
0.654, 1.14, 0.806
1.01, 8.258, 1.672
0.797, 2.561, 0.824
0.793, 2.316, 0.864
0.552, 1.42, 0.553
0.692, 1.444, 0.64
0.429, 1.386, 0.674
0.994, 1.405, 0.651
0.281, 0.46, 0.325
1.904, 8.871, 2.786
1.465, 6.623, 2.135
0.431, 0.958, 0.365
2.025, 3.915, 2.768
2.547, 9.898, 2.733
2.505, 9.898, 2.621
1.969, 5.775, 2.003
2.334, 5.775, 2.206
2.929, 5.775, 2.669
3.292, 5.745, 2.945
3.805, 8.38, 3.656
0.779, 1.378, 0.974
0.792, 9.091, 1.391
0.551, 1.671, 0.486
0.379, 1.104, 0.423
0.481, 1.389, 0.426
0.5, 1.389, 0.463
0.489, 1.389, 0.544
0.567, 1.671, 0.507
0.659, 1.438, 0.686
0.496, 1.671, 0.49
0.537, 1.671, 0.533
0.558, 1.671, 0.664
0.562, 1.58, 0.478
0.521, 1.58, 0.507
0.374, 0.605, 0.275
0.991, 1.91, 1.351
1.074, 5.398, 1.323
0.945, 5.364, 1.067
0.465, 1.221, 0.459
0.879, 3.161, 1.045
0.95, 3.161, 1.134
0.969, 3.161, 1.202
1.026, 5.363, 1.176
1.496, 5.282, 2.079
0.863, 2.63, 0.948
0.953, 2.63, 1.017
0.972, 2.608, 1.001
0.971, 2.762, 0.908
0.983, 2.762, 1.014
0.86, 2.729, 1.136
0.924, 1.777, 1.256
1.204, 6.154, 1.382
1.162, 6.154, 1.309
0.463, 1.221, 0.458
1.302, 6.154, 1.566
1.17, 3.127, 1.117
0.597, 1.551, 0.582
1.987, 6.072, 2.487
1.197, 5.222, 1.293
1.449, 5.119, 2.03
1.305, 4.806, 1.407
1.499, 4.806, 1.576
0.614, 1.244, 0.457
1.279, 3.109, 1.261
1.056, 3.406, 0.949
1.163, 3.348, 1.085
0.511, 0.665, 0.276
1.029, 1.87, 0.893
0.618, 1.164, 0.823
0.787, 5.644, 1.184
0.564, 1.586, 0.594
0.325, 1.101, 0.342
0.381, 1.101, 0.448
0.743, 1.586, 0.693
0.415, 1.343, 0.652
0.989, 1.405, 0.651
0.273, 0.444, 0.314
0.816, 5.65, 1.273
0.538, 1.446, 0.546
0.388, 1.205, 0.402
0.408, 1.205, 0.486
0.634, 1.446, 0.616
0.409, 1.32, 0.64
0.987, 1.405, 0.65
0.269, 0.436, 0.308
1.327, 7.645, 1.658
0.686, 1.094, 0.475
1.39, 7.645, 1.79
1.693, 7.645, 2.468
1.871, 7.645, 3.278
1.162, 2.809, 1.134
0.966, 2.809, 1.326
1.538, 2.716, 1.23
1.231, 3.452, 1.444
0.939, 1.731, 1.224
1.161, 9.441, 1.713
1.112, 9.441, 1.67
0.298, 0.37, 0.204
1.146, 2.172, 0.868
1.043, 1.709, 0.838
1.121, 9.441, 1.729
1.109, 9.441, 1.731
2.238, 5.565, 2.992
0.698, 2.889, 0.85
0.366, 0.425, 0.181
0.573, 0.999, 0.706
1.255, 9.417, 2.08
1.234, 9.399, 2.04
0.384, 0.909, 0.281
0.327, 0.42, 0.144
0.529, 0.909, 0.643
1.368, 9.399, 2.148
1.611, 9.399, 2.516
1.493, 9.399, 3.021
2.268, 9.35, 4.045
1.088, 1.652, 0.737
0.331, 0.553, 0.391
1.056, 8.747, 1.785
0.957, 6.513, 1.453
0.443, 1.208, 0.404
0.304, 0.424, 0.154
0.595, 1.053, 0.744
1.126, 6.287, 1.937
0.37, 0.653, 0.255
0.286, 0.471, 0.333
0.943, 3.473, 0.972
1.01, 3.473, 1.078
0.71, 2.792, 0.898
0.932, 2.77, 1.139
1.077, 1.64, 0.735
0.322, 0.536, 0.379
1.054, 5.158, 1.109
1.135, 5.158, 1.21
0.898, 2.204, 0.762
1.033, 2.204, 0.811
1.232, 2.204, 0.959
1.264, 2.202, 1.124
1.091, 1.63, 0.729
2.36, 4.629, 3.273
0.859, 5.198, 1.382
0.311, 0.446, 0.193
0.274, 0.44, 0.311
1.08, 4.021, 1.41
0.795, 2.435, 0.987
0.273, 0.438, 0.31
2.413, 14.954, 4.233
2.631, 14.954, 4.402
1.872, 13.524, 3.416
1.997, 13.505, 3.779
2.548, 13.505, 4.568
0.891, 2.794, 1.328
1.257, 13.363, 2.138
0.345, 0.719, 0.368
0.443, 1.508, 0.637
0.506, 2.038, 0.695
0.568, 2.038, 0.81
0.127, 0.036, 0.015
0.229, 0.253, 0.1
0.198, 0.201, 0.101
0.87, 3.327, 1.261
0.238, 0.208, 0.086
1.932, 6.807, 2.239
2.277, 6.695, 2.961
3.468, 6.695, 3.596
1.411, 13.353, 3.123
2.185, 13.344, 4.541
3.019, 13.344, 5.807
0.625, 1.614, 0.613
0.721, 1.614, 0.699
2.045, 4.099, 2.058
1.545, 14.22, 2.459
0.477, 0.578, 0.278
2.583, 3.533, 1.663
0.788, 3.14, 0.961
0.907, 3.14, 1.338
1.469, 9.934, 2.314
2.151, 9.906, 4.399
1.446, 9.302, 2.18
4.168, 9.065, 4.191
0.833, 1.256, 0.472
1.19, 8.001, 1.892
0.304, 0.213, 0.151
1.559, 8.001, 2.594
0.827, 2.737, 1.151
1.033, 1.756, 0.842
1.3, 9.281, 1.994
0.984, 3.353, 1.434
1.393, 9.281, 2.109
2.29, 7.869, 2.584
2.164, 7.774, 3.265
0.995, 3.418, 1.191
0.293, 0.281, 0.142
0.588, 1.463, 0.568
0.455, 1.463, 0.633
1.637, 9.179, 2.963
0.439, 0.512, 0.211
5.97, 14.047, 7.383
1.52, 19.839, 3.629
0.313, 0.608, 0.312
0.099, 0.078, 0.033
1.059, 5.388, 1.5
1.48, 5.373, 2.002
1.055, 2.443, 1.15
0.428, 0.493, 0.202
0.375, 0.446, 0.224
2.136, 14.311, 4.686
0.402, 0.429, 0.216
1.287, 6.7, 1.826
1.412, 6.7, 1.993
0.58, 1.383, 0.513
0.766, 1.383, 0.64
1.494, 14.443, 2.612
0.269, 0.484, 0.242
0.356, 0.999, 0.403
1.427, 3.202, 1.29
0.946, 3.836, 1.288
1.04, 3.82, 1.486
0.243, 0.124, 0.054
0.46, 0.575, 0.23
0.386, 0.481, 0.242
1.481, 10.159, 2.558
2.605, 10.159, 4.32
0.85, 2.036, 0.838
0.931, 2.036, 0.97
0.852, 2.036, 0.965
2.251, 14.238, 4.394
0.478, 0.492, 0.205
1.433, 6.833, 2.086
0.839, 1.666, 0.755
1.429, 5.365, 1.685
1.557, 5.365, 1.884
1.413, 2.908, 1.356
0.748, 13.249, 1.74
0.51, 1.021, 0.514
0.538, 1.552, 0.625
0.393, 1.356, 0.429
0.529, 1.349, 0.571
0.485, 1.127, 0.531
0.212, 0.242, 0.098
0.183, 0.215, 0.108
0.423, 1.536, 0.556
0.165, 0.178, 0.085
0.545, 1.554, 0.501
0.597, 1.554, 0.716
0.324, 0.543, 0.206
1.044, 3.135, 1.162
0.727, 3.135, 0.971
0.287, 0.514, 0.174
1.079, 9.832, 2.088
0.531, 1.084, 0.547
0.589, 1.909, 0.789
0.391, 1.356, 0.427
0.527, 1.349, 0.568
0.482, 1.116, 0.526
0.21, 0.234, 0.096
0.183, 0.215, 0.108
0.435, 1.509, 0.54
0.191, 0.19, 0.095
1.597, 6.114, 1.999
1.671, 6.114, 2.217
1.179, 2.728, 1.287
1.58, 19.506, 3.44
0.263, 0.306, 0.157
1.271, 4.508, 1.5
1.85, 4.358, 1.977
1.163, 4.294, 1.354
1.681, 4.227, 1.896
1.311, 3.087, 1.413
0.692, 1.56, 0.705
