1,2
1,3
1,4
1,6
4,5
6,7
6,8
9,10
9,11
9,12
9,14
12,13
14,15
14,17
15,16
17,18
17,20
17,21
17,24
18,19
21,22
22,23
25,26
25,27
25,31
25,34
25,38
25,41
25,42
27,28
28,29
29,30
31,32
32,33
34,35
34,37
35,36
38,39
38,40
42,43
42,44
45,46
45,47
45,51
45,54
45,57
45,61
45,64
45,68
45,70
45,73
45,74
47,48
48,49
49,50
51,52
52,53
54,55
54,56
57,58
57,60
58,59
61,62
62,63
64,65
64,67
65,66
68,69
70,71
70,72
74,75
74,76
77,78
79,80
79,81
79,83
79,85
79,96
81,82
83,84
85,86
85,87
85,93
87,88
88,89
89,90
90,91
91,92
93,94
94,95
97,98
97,99
97,100
97,101
97,103
101,102
103,104
103,105
105,106
105,107
105,109
105,110
105,111
107,108
111,112
112,113
114,115
114,116
114,120
116,117
117,118
117,119
120,121
122,123
122,124
122,125
122,126
122,128
122,134
122,137
122,163
122,170
126,127
128,129
129,130
129,132
129,133
130,131
134,135
135,136
137,138
137,141
138,139
138,140
141,142
142,143
142,146
143,144
143,145
146,147
146,148
148,149
148,152
148,157
149,150
149,151
152,153
153,154
154,155
155,156
157,158
157,161
158,159
158,160
161,162
163,164
163,166
164,165
166,167
167,168
168,169
170,171
170,173
171,172
173,174
174,175
175,176
176,177
176,179
177,178
180,181
180,182
180,183
183,184
185,186
185,187
185,188
185,189
185,190
185,191
185,192
185,193
185,194
195,196
195,197
195,198
195,199
195,200
195,201
195,202
203,204
203,205
203,206
203,208
203,211
203,212
203,214
203,216
203,218
203,219
206,207
208,209
209,210
212,213
214,215
216,217
220,221
220,222
220,227
220,229
222,223
222,224
224,225
225,226
227,228
229,230
230,231
232,233
232,234
232,235
232,238
232,240
235,236
235,237
238,239
240,241
240,242
243,244
245,246
245,247
245,248
248,249
248,251
249,250
251,252
251,254
252,253
254,255
254,256
256,257
257,258
257,259
257,261
259,260
261,262
263,264
263,265
263,266
263,267
263,268
263,269
263,270
263,271
263,272
263,274
263,277
263,278
263,279
263,283
263,294
263,295
263,296
263,297
263,302
263,304
263,307
263,314
272,273
274,275
275,276
279,280
279,281
281,282
283,284
283,285
285,286
285,288
286,287
288,289
288,291
289,290
291,292
292,293
297,298
298,299
299,300
299,301
302,303
304,305
305,306
307,308
307,312
308,309
308,310
310,311
312,313
314,315
314,319
315,316
315,317
317,318
319,320
321,322
321,324
321,325
321,329
321,332
321,334
321,338
321,339
321,342
321,346
321,349
321,352
321,355
321,357
321,359
321,362
321,365
321,368
321,371
321,374
321,377
321,379
321,392
321,393
321,396
321,402
321,405
321,406
321,408
321,414
321,417
321,422
321,425
321,428
321,431
321,433
321,446
321,447
322,323
325,326
326,327
326,328
329,330
330,331
332,333
334,335
335,336
336,337
339,340
340,341
342,343
342,344
344,345
346,347
347,348
349,350
350,351
352,353
353,354
355,356
357,358
359,360
360,361
362,363
363,364
365,366
366,367
368,369
369,370
371,372
372,373
374,375
375,376
377,378
379,380
380,381
380,382
380,383
380,385
380,386
380,387
380,388
380,389
380,390
380,391
383,384
393,394
394,395
396,397
396,398
398,399
398,401
399,400
402,403
403,404
406,407
408,409
408,410
410,411
410,413
411,412
414,415
415,416
417,418
417,420
418,419
420,421
422,423
423,424
425,426
426,427
428,429
429,430
431,432
433,434
433,436
434,435
436,437
436,440
436,442
437,438
438,439
440,441
442,443
442,444
444,445
448,449
448,450
448,453
448,460
448,479
448,482
448,488
448,495
448,508
448,511
448,513
448,514
448,517
448,520
448,526
448,529
448,531
448,532
448,533
448,534
448,541
448,551
448,558
448,565
448,567
448,577
448,578
448,579
448,586
450,451
451,452
453,454
454,455
454,458
454,459
455,456
456,457
460,461
460,464
460,467
460,470
460,473
460,476
461,462
462,463
464,465
465,466
467,468
468,469
470,471
471,472
473,474
474,475
476,477
477,478
479,480
480,481
482,483
483,484
484,485
484,487
485,486
488,489
489,490
489,493
489,494
490,491
491,492
495,496
495,499
495,502
495,505
496,497
497,498
499,500
500,501
502,503
503,504
505,506
506,507
508,509
509,510
511,512
514,515
515,516
517,518
518,519
520,521
521,522
522,523
522,525
523,524
526,527
527,528
529,530
534,535
535,536
535,539
535,540
536,537
537,538
541,542
541,545
541,548
542,543
543,544
545,546
546,547
548,549
549,550
551,552
552,553
552,556
552,557
553,554
554,555
558,559
558,562
559,560
560,561
562,563
563,564
565,566
567,568
567,571
567,574
568,569
569,570
571,572
572,573
574,575
575,576
579,580
580,581
580,584
580,585
581,582
582,583
586,587
586,590
586,593
587,588
588,589
590,591
591,592
593,594
594,595
595,596
597,598
597,599
597,600
597,602
597,604
597,606
597,608
597,609
597,613
600,601
602,603
604,605
606,607
609,610
609,611
611,612
613,614
615,616
615,617
615,618
615,623
615,624
615,642
615,644
615,648
615,658
618,619
618,620
620,621
621,622
624,625
624,627
625,626
627,628
627,630
627,632
627,634
627,640
628,629
630,631
632,633
634,635
634,636
636,637
636,638
638,639
640,641
642,643
644,645
645,646
646,647
648,649
648,654
649,650
649,653
650,651
650,652
654,655
655,656
656,657
658,659
658,660
658,667
658,670
660,661
661,662
662,663
662,664
662,665
665,666
667,668
668,669
670,671
671,672
673,674
673,675
673,676
673,677
673,678
673,685
673,690
673,695
673,700
673,704
673,706
673,707
673,711
673,713
673,715
673,721
673,727
673,735
673,742
673,743
673,746
673,750
673,751
673,753
673,755
673,761
673,767
673,775
678,679
678,682
679,680
679,681
682,683
683,684
685,686
685,687
687,688
688,689
690,691
690,692
692,693
693,694
695,696
696,697
696,698
696,699
700,701
700,702
702,703
704,705
707,708
708,709
709,710
711,712
713,714
715,716
716,717
716,720
717,718
717,719
721,722
721,724
722,723
724,725
725,726
727,728
727,730
728,729
730,731
731,732
732,733
733,734
735,736
736,737
736,738
738,739
739,740
739,741
743,744
744,745
746,747
747,748
748,749
751,752
753,754
755,756
756,757
756,760
757,758
757,759
761,762
761,764
762,763
764,765
765,766
767,768
767,770
768,769
770,771
771,772
772,773
773,774
775,776
776,777
776,778
779,780
779,781
779,782
779,784
779,786
779,788
779,790
779,791
779,795
782,783
784,785
786,787
788,789
791,792
791,793
793,794
795,796
797,798
797,799
797,802
797,805
797,808
797,811
797,815
797,817
797,820
797,821
797,824
797,835
799,800
800,801
802,803
802,804
805,806
805,807
808,809
809,810
811,812
811,814
812,813
815,816
817,818
817,819
821,822
821,823
824,825
825,826
825,827
827,828
828,829
829,830
830,831
831,832
832,833
833,834
835,836
836,837
836,838
838,839
840,841
840,842
840,850
840,852
840,864
842,843
843,844
843,845
843,847
843,849
845,846
847,848
850,851
852,853
852,854
854,855
855,856
855,859
856,857
857,858
859,860
860,861
861,862
861,863
865,866
865,867
865,868
865,872
865,876
865,878
865,879
865,884
865,888
865,890
865,892
865,894
865,900
865,906
865,914
868,869
869,870
869,871
872,873
872,874
874,875
876,877
879,880
880,881
880,883
881,882
884,885
885,886
886,887
888,889
890,891
892,893
894,895
895,896
895,899
896,897
896,898
900,901
900,903
901,902
903,904
904,905
906,907
906,909
907,908
909,910
910,911
911,912
912,913
914,915
915,916
915,917
918,919
918,920
918,921
918,922
918,924
918,926
918,928
918,929
918,932
918,937
918,939
922,923
924,925
926,927
929,930
930,931
932,933
933,934
934,935
934,936
937,938
939,940
940,941
942,943
942,944
942,948
944,945
945,946
946,947
948,949
949,950
949,951
952,953
952,954
952,955
952,959
952,962
952,969
952,974
955,956
956,957
957,958
959,960
960,961
962,963
963,964
963,965
963,967
965,966
967,968
969,970
969,971
971,972
972,973
975,976
975,978
975,979
975,980
975,981
975,983
975,986
975,989
975,992
975,995
976,977
981,982
983,984
983,985
986,987
986,988
989,990
989,991
992,993
992,994
995,996
997,998
999,1000
999,1001
999,1002
999,1004
999,1008
999,1011
999,1014
999,1018
999,1031
1002,1003
1004,1005
1005,1006
1005,1007
1008,1009
1009,1010
1011,1012
1012,1013
1014,1015
1015,1016
1016,1017
1018,1019
1018,1023
1019,1020
1019,1021
1021,1022
1023,1024
1023,1026
1024,1025
1026,1027
1026,1028
1028,1029
1029,1030
1031,1032
1032,1033
1033,1034
1034,1035
1036,1037
1036,1039
1037,1038
1039,1040
1041,1042
1041,1043
1041,1044
1041,1046
1041,1053
1041,1058
1041,1064
1041,1067
1041,1069
1041,1070
1041,1073
1044,1045
1046,1047
1046,1048
1048,1049
1048,1052
1049,1050
1049,1051
1053,1054
1053,1055
1055,1056
1055,1057
1058,1059
1059,1060
1060,1061
1061,1062
1062,1063
1064,1065
1065,1066
1067,1068
1070,1071
1071,1072
1073,1074
1073,1078
1073,1089
1073,1100
1074,1075
1075,1076
1075,1077
1078,1079
1078,1082
1079,1080
1079,1081
1082,1083
1082,1085
1082,1088
1083,1084
1085,1086
1086,1087
1089,1090
1089,1092
1089,1098
1090,1091
1092,1093
1092,1094
1092,1097
1094,1095
1095,1096
1098,1099
1100,1101
1100,1102
1103,1104
1103,1105
1105,1106
1106,1107
1107,1108
1107,1109
1110,1111
1110,1112
1110,1113
1110,1114
1110,1115
1110,1116
1110,1118
1110,1121
1110,1135
1110,1141
1116,1117
1118,1119
1119,1120
1121,1122
1122,1123
1122,1129
1122,1133
1123,1124
1124,1125
1124,1126
1124,1127
1124,1128
1129,1130
1130,1131
1131,1132
1133,1134
1135,1136
1136,1137
1137,1138
1138,1139
1139,1140
1142,1143
1142,1144
1142,1145
1142,1147
1142,1158
1145,1146
1147,1148
1147,1149
1147,1150
1147,1156
1150,1151
1151,1152
1152,1153
1152,1155
1153,1154
1156,1157
1159,1160
1159,1161
1159,1163
1159,1177
1161,1162
1163,1164
1163,1167
1164,1165
1164,1166
1167,1168
1168,1169
1168,1171
1169,1170
1171,1172
1172,1173
1173,1174
1174,1175
1175,1176
1178,1179
1178,1181
1178,1183
1178,1185
1178,1195
1179,1180
1181,1182
1183,1184
1185,1186
1186,1187
1187,1188
1188,1189
1188,1192
1189,1190
1189,1191
1192,1193
1192,1194
1196,1197
1196,1200
1197,1198
1198,1199
1200,1201
1200,1204
1200,1207
1200,1209
1200,1214
1201,1202
1202,1203
1204,1205
1205,1206
1207,1208
1209,1210
1209,1211
1211,1212
1212,1213
1214,1215
1214,1216
1214,1218
1214,1221
1214,1231
1216,1217
1218,1219
1219,1220
1221,1222
1221,1226
1222,1223
1222,1224
1224,1225
1226,1227
1227,1228
1228,1229
1229,1230
1232,1233
1232,1234
1232,1237
1232,1240
1232,1242
1232,1244
1232,1256
1234,1235
1235,1236
1237,1238
1238,1239
1240,1241
1242,1243
1244,1245
1244,1246
1246,1247
1246,1249
1247,1248
1249,1250
1249,1255
1250,1251
1250,1253
1251,1252
1253,1254
1257,1258
1257,1259
1257,1261
1257,1263
1257,1265
1257,1266
1257,1267
1259,1260
1261,1262
1263,1264
1267,1268
1268,1269
1270,1271
1270,1272
1270,1275
1270,1277
1270,1280
1270,1282
1270,1285
1270,1286
1270,1289
1270,1290
1270,1293
1270,1302
1270,1305
1270,1312
1270,1315
1270,1318
1270,1319
1270,1322
1270,1323
1270,1345
1270,1348
1272,1273
1273,1274
1275,1276
1277,1278
1278,1279
1280,1281
1282,1283
1283,1284
1286,1287
1287,1288
1290,1291
1291,1292
1293,1294
1294,1295
1294,1298
1294,1299
1294,1300
1295,1296
1296,1297
1300,1301
1302,1303
1303,1304
1305,1306
1305,1309
1306,1307
1307,1308
1309,1310
1310,1311
1312,1313
1313,1314
1315,1316
1316,1317
1319,1320
1320,1321
1323,1324
1323,1327
1324,1325
1324,1326
1327,1328
1328,1329
1328,1334
1328,1339
1329,1330
1329,1332
1330,1331
1332,1333
1334,1335
1335,1336
1336,1337
1337,1338
1339,1340
1339,1344
1340,1341
1341,1342
1342,1343
1345,1346
1346,1347
1349,1350
1351,1352
1351,1353
1351,1354
1351,1355
1351,1356
1351,1358
1351,1360
1351,1361
1351,1363
1351,1372
1356,1357
1358,1359
1361,1362
1363,1364
1363,1365
1365,1366
1366,1367
1367,1368
1368,1369
1369,1370
1370,1371
1373,1374
1373,1375
1373,1379
1373,1382
1373,1386
1373,1389
1373,1392
1373,1396
1373,1398
1373,1401
1373,1402
1375,1376
1376,1377
1377,1378
1379,1380
1380,1381
1382,1383
1382,1385
1383,1384
1386,1387
1386,1388
1389,1390
1390,1391
1392,1393
1392,1395
1393,1394
1396,1397
1398,1399
1398,1400
1402,1403
1402,1404
1405,1406
1405,1407
1405,1408
1408,1409
1410,1411
1410,1412
1410,1413
1413,1414
1415,1416
1415,1417
1415,1418
1415,1419
1415,1435
1419,1420
1419,1421
1419,1422
1419,1423
1419,1425
1419,1426
1419,1430
1423,1424
1426,1427
1426,1428
1428,1429
1430,1431
1430,1432
1432,1433
1433,1434
1436,1437
1437,1438
1437,1441
1438,1439
1438,1440
1441,1442
1442,1443
1442,1447
1442,1455
1442,1459
1442,1504
1443,1444
1444,1445
1445,1446
1447,1448
1447,1450
1448,1449
1450,1451
1451,1452
1452,1453
1453,1454
1455,1456
1456,1457
1457,1458
1459,1460
1459,1462
1460,1461
1462,1463
1462,1467
1462,1468
1462,1476
1462,1480
1463,1464
1464,1465
1465,1466
1468,1469
1469,1470
1469,1473
1469,1475
1470,1471
1470,1472
1473,1474
1476,1477
1477,1478
1478,1479
1480,1481
1480,1491
1480,1503
1481,1482
1481,1486
1482,1483
1483,1484
1483,1485
1486,1487
1487,1488
1488,1489
1488,1490
1491,1492
1492,1493
1493,1494
1493,1500
1494,1495
1495,1496
1496,1497
1497,1498
1498,1499
1500,1501
1500,1502
1504,1505
1504,1506
1506,1507
1507,1508
1507,1510
1508,1509
1511,1512
1511,1513
1511,1514
1511,1516
1514,1515
1516,1517
1516,1519
1517,1518
1519,1520
1519,1522
1519,1523
1519,1526
1520,1521
1523,1524
1524,1525
1527,1528
1527,1529
1529,1530
1529,1532
1529,1535
1529,1537
1529,1539
1529,1544
1530,1531
1532,1533
1533,1534
1535,1536
1537,1538
1539,1540
1540,1541
1540,1542
1540,1543
1544,1545
1545,1546
1547,1548
1547,1550
1548,1549
1550,1551
1552,1553
1552,1554
1552,1555
1552,1559
1552,1561
1552,1563
1552,1564
1555,1556
1555,1557
1557,1558
1559,1560
1561,1562
1565,1566
1565,1567
1565,1568
1565,1570
1565,1571
1565,1573
1568,1569
1571,1572
1573,1574
1573,1575
1576,1577
1576,1578
1576,1580
1578,1579
1580,1581
1582,1583
1582,1584
1582,1585
1582,1586
1582,1588
1582,1590
1582,1592
1582,1594
1582,1608
1582,1611
1582,1620
1586,1587
1588,1589
1590,1591
1592,1593
1594,1595
1594,1597
1595,1596
1597,1598
1597,1600
1598,1599
1600,1601
1600,1605
1601,1602
1601,1603
1603,1604
1605,1606
1606,1607
1608,1609
1609,1610
1611,1612
1611,1614
1612,1613
1614,1615
1614,1618
1615,1616
1616,1617
1618,1619
1621,1622
1621,1623
1621,1625
1621,1635
1621,1647
1623,1624
1625,1626
1625,1628
1625,1632
1626,1627
1628,1629
1629,1630
1630,1631
1632,1633
1633,1634
1635,1636
1635,1637
1637,1638
1637,1640
1637,1644
1638,1639
1640,1641
1641,1642
1642,1643
1644,1645
1644,1646
1647,1648
1649,1650
1651,1652
1651,1653
1651,1654
1651,1655
1651,1656
1651,1657
1651,1658
1659,1660
1659,1661
1659,1662
1662,1663
1663,1664
1663,1666
1663,1670
1663,1673
1663,1681
1664,1665
1666,1667
1667,1668
1668,1669
1670,1671
1671,1672
1673,1674
1673,1676
1674,1675
1676,1677
1676,1680
1677,1678
1678,1679
1681,1682
1681,1683
1683,1684
1683,1685
1686,1687
1686,1688
1686,1689
1686,1691
1686,1693
1686,1695
1686,1697
1686,1698
1686,1702
1686,1704
1689,1690
1691,1692
1693,1694
1695,1696
1698,1699
1698,1700
1700,1701
1702,1703
1704,1705
1706,1707
1706,1708
1706,1710
1708,1709
1710,1711
1711,1712
1713,1714
1713,1715
1713,1716
1716,1717
1716,1719
1717,1718
1719,1720
1719,1722
1720,1721
1722,1723
1722,1724
1724,1725
1725,1726
1726,1727
1726,1728
1726,1729
1730,1731
1730,1732
1730,1733
1730,1735
1733,1734
1735,1736
1735,1740
1736,1737
1736,1738
1738,1739
1740,1741
1740,1743
1741,1742
1743,1744
1743,1745
1746,1747
1746,1748
1746,1749
1746,1750
1746,1752
1746,1757
1746,1758
1746,1760
1746,1761
1746,1762
1746,1764
1750,1751
1752,1753
1752,1754
1754,1755
1755,1756
1758,1759
1762,1763
1764,1765
1765,1766
1767,1768
1767,1770
1767,1771
1767,1772
1767,1773
1767,1774
1767,1776
1767,1778
1767,1797
1767,1803
1767,1809
1767,1889
1767,1894
1767,1896
1767,1898
1767,1900
1767,1902
1767,1904
1767,1906
1767,1908
1767,1910
1767,1912
1767,1918
1767,1922
1767,1928
1767,1932
1767,1934
1767,1936
1767,1938
1767,1941
1767,1944
1767,1948
1767,1952
1767,1954
1767,1956
1767,1960
1767,1965
1767,1968
1767,1972
1767,1976
1767,1981
1768,1769
1774,1775
1776,1777
1778,1779
1778,1782
1779,1780
1779,1781
1782,1783
1783,1784
1783,1788
1783,1790
1784,1785
1784,1787
1785,1786
1788,1789
1790,1791
1790,1795
1791,1792
1791,1794
1792,1793
1795,1796
1797,1798
1797,1799
1799,1800
1800,1801
1801,1802
1803,1804
1803,1805
1805,1806
1806,1807
1807,1808
1809,1810
1809,1813
1810,1811
1810,1812
1813,1814
1814,1815
1814,1818
1815,1816
1815,1817
1818,1819
1818,1821
1818,1823
1818,1825
1818,1830
1818,1832
1818,1838
1818,1842
1818,1850
1818,1858
1818,1884
1819,1820
1821,1822
1823,1824
1825,1826
1826,1827
1827,1828
1828,1829
1830,1831
1832,1833
1833,1834
1833,1837
1834,1835
1834,1836
1838,1839
1838,1840
1840,1841
1842,1843
1842,1848
1843,1844
1843,1845
1845,1846
1845,1847
1848,1849
1850,1851
1850,1856
1851,1852
1851,1853
1853,1854
1853,1855
1856,1857
1858,1859
1858,1880
1858,1882
1859,1860
1859,1873
1860,1861
1860,1866
1861,1862
1861,1863
1863,1864
1863,1865
1866,1867
1866,1868
1868,1869
1868,1870
1870,1871
1870,1872
1873,1874
1873,1875
1875,1876
1875,1877
1877,1878
1877,1879
1880,1881
1882,1883
1884,1885
1884,1886
1886,1887
1886,1888
1889,1890
1890,1891
1891,1892
1892,1893
1894,1895
1896,1897
1898,1899
1900,1901
1902,1903
1904,1905
1906,1907
1908,1909
1910,1911
1912,1913
1913,1914
1914,1915
1915,1916
1916,1917
1918,1919
1919,1920
1920,1921
1922,1923
1923,1924
1924,1925
1925,1926
1926,1927
1928,1929
1929,1930
1930,1931
1932,1933
1934,1935
1936,1937
1938,1939
1939,1940
1941,1942
1942,1943
1944,1945
1945,1946
1946,1947
1948,1949
1949,1950
1950,1951
1952,1953
1954,1955
1956,1957
1957,1958
1958,1959
1960,1961
1961,1962
1962,1963
1962,1964
1965,1966
1966,1967
1968,1969
1969,1970
1970,1971
1972,1973
1973,1974
1974,1975
1976,1977
1977,1978
1978,1979
1979,1980
1981,1982
1982,1983
1984,1985
1984,1986
1984,1987
1984,1989
1984,1991
1987,1988
1989,1990
1991,1992
1991,1993
1991,2000
1993,1994
1993,1998
1994,1995
1995,1996
1995,1997
1998,1999
2000,2001
2000,2004
2001,2002
2001,2003
2004,2005
2004,2010
2005,2006
2005,2007
2007,2008
2007,2009
2011,2012
2011,2013
2011,2014
2011,2015
2011,2016
2011,2018
2011,2020
2011,2021
2016,2017
2018,2019
