1
2
3
4
4
4
4
4
101
105
105
103
104
106
107
108
109
103
110
104
103
104
104
4
101
2
104
104
110
4
3
4
11
104
104
112
4
4
4
4
4
4
4
4
101
2
104
104
110
4
3
4
11
4
4
4
104
104
112
4
3
4
11
4
4
4
4
3
4
4
4
4
4
4
4
4
1
5
101
105
103
104
104
104
113
4
109
4
4
4
4
4
109
104
104
14
101
5
5
5
3
4
113
112
109
103
103
110
104
104
104
104
104
101
2
103
110
4
110
4
4
101
105
105
105
103
104
103
115
112
104
104
104
3
4
16
106
107
108
104
109
113
112
112
4
109
4
113
112
4
4
109
104
104
112
4
113
112
4
4
109
4
113
112
104
109
117
110
112
113
112
104
109
117
110
112
112
112
104
1
2
5
14
4
101
102
105
105
105
105
105
5
5
4
1
5
5
5
5
5
5
5
101
105
105
103
110
103
104
104
104
104
104
104
104
3
4
104
114
101
105
113
4
109
117
110
103
104
114
104
104
1
2
3
4
4
4
4
4
4
4
4
118
119
101
102
105
113
104
104
109
103
110
113
104
109
104
4
104
120
104
120
101
102
105
105
105
105
105
105
105
103
110
104
104
104
104
104
113
112
109
104
113
112
109
4
4
113
112
4
109
4
4
104
104
104
103
104
104
104
111
103
104
103
104
104
113
112
112
112
104
109
104
113
112
112
112
104
109
104
101
102
121
105
103
110
104
104
104
104
111
104
110
104
104
104
111
104
103
104
111
113
112
109
104
103
104
111
103
104
111
103
104
111
103
104
103
104
103
104
111
103
104
111
103
104
111
103
104
111
103
104
111
103
104
111
103
104
103
110
104
104
104
104
104
104
104
104
104
4
104
104
103
104
111
113
112
109
103
104
104
103
104
111
104
103
104
113
112
109
103
104
104
103
104
111
113
112
104
109
104
104
104
111
104
104
111
103
104
111
103
110
106
107
108
109
103
104
111
103
104
113
112
109
104
104
114
101
102
103
122
104
103
104
104
104
104
104
104
104
104
104
104
104
104
104
104
104
104
104
104
104
104
104
104
104
104
104
104
122
104
103
123
104
104
104
111
124
104
104
104
104
104
104
104
104
104
104
104
104
104
104
104
104
104
104
104
104
122
104
103
110
104
103
104
104
103
104
104
103
123
104
104
104
111
103
110
116
103
110
104
116
104
124
104
104
104
104
104
104
104
104
104
104
104
104
104
104
104
104
103
104
104
104
104
104
104
104
104
104
104
104
104
104
3
4
4
4
4
4
4
4
4
4
4
4
116
104
124
104
104
104
104
104
104
104
104
104
104
104
104
104
104
104
104
104
101
102
3
103
110
104
104
4
4
103
110
104
4
4
4
4
4
4
101
102
105
113
104
109
117
110
103
113
112
104
109
103
110
104
104
103
110
125
104
126
127
117
110
124
104
103
104
103
104
104
104
113
112
112
112
112
104
109
104
104
104
128
104
129
114
104
104
104
104
104
129
114
104
129
117
110
101
105
105
105
105
113
112
112
112
109
117
110
113
112
109
117
110
113
104
109
117
110
103
104
104
104
104
113
112
109
104
103
110
104
104
112
122
104
103
110
103
110
103
104
104
104
104
111
113
112
104
109
117
110
113
112
104
109
117
110
112
104
124
4
4
4
4
4
4
104
103
112
112
103
104
104
104
104
104
112
124
110
124
104
104
104
104
111
113
112
104
109
117
110
113
112
104
109
117
110
112
104
114
104
104
104
101
102
103
103
110
104
104
104
104
103
110
104
104
104
104
104
104
104
101
102
103
104
111
104
104
104
104
104
104
103
104
111
104
104
104
104
103
104
104
104
104
104
104
104
104
104
110
104
112
112
112
112
112
112
112
112
104
110
4
112
112
101
105
103
104
104
104
120
4
4
104
103
110
113
104
109
104
104
130
4
104
130
4
16
16
114
101
105
105
3
4
4
4
113
112
109
104
103
110
104
103
112
112
104
104
103
104
104
104
104
112
103
110
103
110
103
104
104
104
104
111
113
112
104
109
117
110
113
112
104
109
117
110
112
104
114
104
104
104
101
5
5
104
103
110
4
4
4
4
104
104
104
104
103
104
104
104
111
103
104
114
104
104
101
5
103
104
104
110
14
4
4
11
101
102
105
103
104
104
104
103
123
104
103
104
104
104
120
104
104
113
104
109
14
4
114
101
5
2
5
5
5
103
110
104
104
104
4
4
4
4
4
4
4
4
4
114
104
1
5
118
105
105
124
122
113
124
122
110
3
4
4
3
4
4
122
4
4
4
106
107
108
104
104
109
103
123
113
4
122
104
104
122
104
104
104
104
101
3
4
114
104
101
105
105
103
104
113
112
109
104
104
104
114
113
4
109
4
14
103
104
104
112
104
104
103
112
122
103
110
3
103
110
104
125
103
104
104
104
113
112
104
104
109
124
110
104
104
104
104
113
112
104
109
104
104
104
104
104
109
104
126
127
104
101
105
114
112
115
4
112
101
5
5
5
5
5
103
110
103
122
104
113
109
103
110
104
104
104
4
103
123
104
111
104
104
104
112
112
112
112
104
114
101
102
105
103
110
104
4
4
104
130
112
112
4
4
104
120
114
101
5
103
110
113
112
112
112
109
106
107
108
109
104
122
104
131
132
114
101
103
104
103
104
103
104
103
104
104
104
130
105
104
130
105
104
14
101
103
110
104
125
103
104
104
103
110
104
124
104
113
4
109
117
110
126
127
103
104
103
104
104
113
112
104
104
104
109
117
110
104
104
117
101
105
3
4
4
3
4
4
103
110
103
104
133
104
109
103
104
113
112
4
4
4
4
104
114
101
105
103
110
104
104
4
4
104
104
14
4
4
101
102
103
122
104
122
104
103
122
104
122
104
103
122
104
104
124
122
104
104
103
122
104
103
104
104
104
104
104
104
112
104
104
112
104
104
104
104
104
104
104
104
104
122
104
124
122
104
104
124
122
104
104
106
107
108
104
109
113
112
4
4
4
4
109
104
112
112
104
109
104
112
112
104
104
124
122
104
104
1
14
101
102
105
105
104
103
104
103
110
4
3
4
113
112
109
117
110
112
112
112
112
104
101
2
104
104
110
4
3
4
11
104
104
112
4
4
4
4
3
4
11
4
4
4
4
3
4
4
4
4
4
4
4
4
1
2
5
14
4
1
2
5
14
4
101
5
103
104
125
104
104
104
124
104
104
126
127
104
104
126
127
104
112
104
114
101
106
107
108
122
109
125
103
104
104
122
106
107
108
109
122
4
4
4
103
104
104
122
106
107
108
109
122
4
4
4
104
103
110
104
104
104
104
104
104
103
122
104
122
113
112
112
104
104
104
122
104
104
104
104
104
112
112
112
112
112
112
104
104
104
104
104
104
126
127
104
112
112
112
104
101
105
105
103
104
106
107
108
109
103
110
104
103
104
104
4
101
5
104
4
4
104
130
4
104
120
104
120
104
130
134
134
112
104
130
4
1
3
4
14
4
101
5
5
113
112
109
14
103
110
3
4
4
14
101
2
3
4
4
124
4
4
4
4
4
101
5
124
122
114
122
101
105
105
105
103
104
103
104
103
104
103
110
106
107
108
109
103
104
113
112
112
112
116
109
104
116
103
110
104
106
107
108
109
103
112
112
104
104
114
101
105
103
110
104
104
120
104
130
4
4
104
130
4
113
4
109
103
110
104
130
4
4
104
104
104
14
4
1
5
101
105
105
105
105
105
5
5
101
5
5
133
109
3
4
103
104
104
104
113
109
114
113
112
104
109
104
104
104
114
125
104
126
127
114
101
2
3
103
110
4
4
4
4
103
110
4
4
4
4
4
4
4
4
4
1
5
3
4
14
4
4
101
102
105
113
104
104
109
103
110
113
104
109
104
130
134
134
4
101
5
5
103
104
113
112
112
104
104
109
124
104
113
112
104
101
5
5
5
3
4
113
112
109
124
4
103
103
110
104
104
103
110
104
104
104
101
103
110
103
103
103
103
103
110
103
110
106
107
108
122
109
113
112
122
104
104
109
104
113
112
122
104
104
109
104
113
104
104
112
112
104
113
104
104
112
112
104
106
107
108
122
109
106
107
108
104
109
113
104
113
104
113
104
104
122
104
104
104
113
104
113
112
112
104
104
104
113
104
109
104
113
112
104
112
104
104
109
104
113
112
104
112
104
104
109
104
113
112
112
112
104
112
104
104
112
104
112
104
112
104
104
112
104
112
104
112
104
104
109
104
109
104
113
104
109
124
104
122
104
123
104
104
122
104
122
104
122
104
122
104
122
104
122
104
122
104
122
104
122
104
122
104
104
115
122
104
122
104
104
104
122
104
104
115
122
104
122
104
104
104
122
104
122
104
122
104
122
4
4
122
4
4
122
104
104
104
122
104
104
104
122
104
122
104
122
104
104
110
122
104
104
104
104
122
104
122
122
104
122
104
122
104
122
104
122
104
104
122
104
122
104
104
101
105
105
103
104
103
104
113
104
109
103
115
112
112
104
112
113
112
104
104
109
113
4
109
4
14
104
101
102
105
105
104
103
104
103
110
4
4
