1,2
1,3
4,5
4,6
4,10
4,11
6,7
6,9
7,8
12,13
12,14
12,19
14,15
14,16
16,17
17,18
20,21
20,22
20,23
20,28
20,30
20,33
20,38
23,24
23,26
24,25
26,27
28,29
30,31
31,32
33,34
33,36
34,35
36,37
39,40
39,41
39,42
39,43
39,44
44,45
44,46
46,47
46,49
47,48
49,50
49,61
49,76
50,51
50,60
51,52
51,53
51,58
53,54
53,57
54,55
55,56
58,59
61,62
61,75
62,63
62,64
62,69
64,65
64,68
65,66
66,67
69,70
69,71
69,73
71,72
73,74
76,77
76,87
77,78
77,79
77,84
79,80
79,83
80,81
81,82
84,85
84,86
88,89
88,90
90,91
90,93
91,92
93,94
94,95
95,96
96,97
96,100
97,98
98,99
100,101
102,103
102,104
102,106
102,111
102,113
102,115
102,116
102,118
102,119
102,121
104,105
106,107
107,108
107,109
107,110
111,112
113,114
116,117
119,120
122,123
123,124
124,125
124,126
127,128
127,129
130,131
130,132
130,133
130,138
130,140
130,141
133,134
133,136
134,135
136,137
138,139
141,142
142,143
144,145
144,146
144,147
144,148
144,152
144,163
144,165
144,167
144,168
148,149
148,150
150,151
152,153
152,155
153,154
155,156
155,158
156,157
158,159
158,160
160,161
161,162
163,164
165,166
169,170
169,171
169,174
169,175
171,172
172,173
176,177
176,178
176,179
176,184
176,186
179,180
179,182
180,181
182,183
184,185
186,187
187,188
189,190
189,191
189,193
189,194
191,192
194,195
194,196
194,197
197,198
199,200
199,201
199,202
199,219
202,203
202,206
202,213
203,204
204,205
206,207
206,208
206,210
208,209
210,211
211,212
213,214
213,215
213,217
215,216
217,218
220,221
220,222
220,223
220,228
220,230
223,224
223,226
224,225
226,227
228,229
230,231
231,232
233,234
233,235
233,240
233,241
233,354
233,355
235,236
235,237
237,238
238,239
241,242
241,243
241,314
241,319
241,328
241,337
243,244
243,246
243,313
244,245
246,247
246,248
246,252
246,256
246,260
246,264
246,268
246,272
246,276
246,280
246,287
246,294
246,298
246,302
246,306
246,310
248,249
248,251
249,250
252,253
252,255
253,254
256,257
256,259
257,258
260,261
260,263
261,262
264,265
264,267
265,266
268,269
268,271
269,270
272,273
272,275
273,274
276,277
276,279
277,278
280,281
280,283
280,286
281,282
283,284
284,285
287,288
287,290
287,293
288,289
290,291
291,292
294,295
294,297
295,296
298,299
298,301
299,300
302,303
302,305
303,304
306,307
306,309
307,308
310,311
311,312
314,315
314,318
315,316
316,317
319,320
319,322
319,325
319,327
320,321
322,323
323,324
325,326
328,329
328,331
328,334
328,336
329,330
331,332
332,333
334,335
337,338
337,340
337,344
337,351
337,353
338,339
340,341
341,342
342,343
344,345
344,348
345,346
345,347
348,349
349,350
351,352
356,357
356,358
356,360
356,362
358,359
360,361
362,363
362,368
363,364
363,365
365,366
366,367
368,369
368,372
368,375
368,377
368,379
368,380
369,370
370,371
372,373
373,374
375,376
377,378
381,382
381,383
381,386
381,387
381,388
381,389
381,390
381,391
381,392
381,393
381,394
381,395
381,396
381,397
381,398
381,400
383,384
384,385
398,399
401,402
401,403
401,404
401,409
401,411
404,405
404,407
405,406
407,408
409,410
411,412
412,413
414,415
414,416
414,417
414,422
414,424
414,426
414,427
417,418
417,420
418,419
420,421
422,423
424,425
427,428
428,429
430,431
430,432
433,434
433,435
433,436
433,437
433,440
433,451
433,453
433,455
433,456
437,438
437,439
440,441
440,443
441,442
443,444
443,446
444,445
446,447
446,448
448,449
449,450
451,452
453,454
457,458
457,459
457,460
457,465
457,467
457,468
460,461
460,463
461,462
463,464
465,466
468,469
469,470
471,472
471,473
471,476
471,478
471,480
471,482
471,485
471,488
471,490
471,499
471,501
471,506
471,511
473,474
474,475
476,477
478,479
480,481
482,483
483,484
485,486
486,487
488,489
490,491
490,493
490,494
490,496
490,497
490,498
491,492
494,495
499,500
501,502
501,503
503,504
504,505
506,507
506,508
508,509
509,510
512,513
512,514
512,515
512,520
512,522
512,524
512,525
512,528
515,516
515,518
516,517
518,519
520,521
522,523
525,526
526,527
528,529
530,531
530,534
531,532
532,533
535,536
535,539
535,542
535,543
536,537
537,538
539,540
540,541
544,545
544,546
544,547
544,552
544,554
544,555
547,548
547,550
548,549
550,551
552,553
555,556
556,557
558,559
558,560
558,561
558,562
558,563
558,564
558,567
558,573
558,578
558,579
558,581
558,583
558,584
558,585
558,638
558,639
558,641
564,565
565,566
567,568
567,570
568,569
570,571
571,572
573,574
573,577
574,575
575,576
579,580
581,582
585,586
585,589
586,587
587,588
589,590
589,593
589,595
589,597
589,604
590,591
590,592
593,594
595,596
597,598
597,599
599,600
599,602
600,601
602,603
604,605
604,628
604,635
605,606
606,607
606,627
607,608
607,609
609,610
609,611
609,612
609,626
612,613
612,616
613,614
614,615
616,617
616,618
616,625
618,619
618,620
618,623
620,621
621,622
623,624
628,629
629,630
629,634
630,631
630,632
632,633
635,636
636,637
639,640
641,642
643,644
643,645
643,646
643,651
643,653
643,656
643,670
643,675
643,679
643,683
643,687
643,691
643,693
646,647
646,648
648,649
649,650
651,652
653,654
654,655
656,657
656,661
656,664
657,658
657,659
659,660
661,662
662,663
664,665
665,666
665,667
667,668
668,669
670,671
670,672
672,673
673,674
675,676
675,677
677,678
679,680
679,681
681,682
683,684
683,685
685,686
687,688
687,689
689,690
691,692
693,694
695,696
695,697
695,701
697,698
698,699
699,700
701,702
703,704
703,705
706,707
706,708
706,710
706,714
706,715
706,716
706,721
708,709
710,711
711,712
712,713
716,717
716,718
716,720
718,719
722,723
722,728
722,733
722,846
723,724
723,726
724,725
726,727
728,729
729,730
729,731
729,732
733,734
733,736
733,740
733,797
733,809
733,815
733,821
733,840
734,735
736,737
736,738
736,739
740,741
740,796
741,742
741,743
741,747
743,744
743,745
743,746
747,748
747,749
747,789
749,750
749,752
749,754
750,751
752,753
754,755
754,756
754,774
756,757
756,759
756,761
756,762
757,758
759,760
762,763
762,768
762,770
763,764
763,766
764,765
766,767
768,769
770,771
770,773
771,772
774,775
774,778
775,776
776,777
778,779
778,782
778,785
779,780
779,781
782,783
782,784
785,786
785,788
786,787
789,790
789,792
789,794
789,795
790,791
792,793
797,798
797,799
797,806
797,807
797,808
799,800
799,801
799,803
801,802
803,804
804,805
809,810
809,812
809,813
809,814
810,811
815,816
815,818
815,819
815,820
816,817
821,822
821,824
821,836
821,838
821,839
822,823
824,825
824,828
825,826
825,827
828,829
828,835
829,830
830,831
831,832
832,833
833,834
836,837
840,841
840,843
840,844
840,845
841,842
847,848
847,849
850,851
850,852
850,854
850,859
852,853
854,855
854,856
856,857
857,858
859,860
861,862
861,863
861,864
861,868
861,870
864,865
864,867
865,866
868,869
870,871
871,872
874,875
874,876
874,877
874,882
874,884
877,878
877,880
878,879
880,881
882,883
884,885
885,886
886,887
888,889
888,898
888,901
888,903
888,957
888,959
888,961
888,962
889,890
889,894
889,896
890,891
890,892
890,893
894,895
896,897
898,899
899,900
901,902
903,904
903,905
903,921
905,906
906,907
906,911
907,908
907,909
909,910
911,912
911,914
912,913
914,915
914,918
915,916
915,917
918,919
918,920
921,922
921,923
921,942
923,924
923,927
923,929
923,940
923,941
924,925
925,926
927,928
929,930
929,938
930,931
930,934
931,932
931,933
934,935
935,936
936,937
938,939
942,943
942,944
944,945
944,948
944,950
944,955
944,956
945,946
946,947
948,949
950,951
950,954
951,952
951,953
957,958
959,960
962,963
962,1008
962,1023
962,1038
962,1056
962,1064
962,1072
962,1082
962,1126
962,1129
962,1132
963,964
963,1007
964,965
964,980
964,988
964,996
964,1000
965,966
965,979
966,967
966,968
966,971
968,969
969,970
971,972
971,973
971,976
973,974
974,975
976,977
977,978
980,981
980,987
981,982
981,984
982,983
984,985
984,986
988,989
988,995
989,990
989,992
990,991
992,993
992,994
996,997
996,999
997,998
1000,1001
1000,1006
1001,1002
1002,1003
1003,1004
1004,1005
1008,1009
1008,1022
1009,1010
1009,1011
1009,1014
1011,1012
1012,1013
1014,1015
1014,1016
1014,1019
1016,1017
1017,1018
1019,1020
1020,1021
1023,1024
1023,1037
1024,1025
1024,1026
1024,1029
1026,1027
1027,1028
1029,1030
1029,1031
1029,1034
1031,1032
1032,1033
1034,1035
1035,1036
1038,1039
1038,1055
1039,1040
1039,1041
1039,1045
1041,1042
1041,1044
1042,1043
1045,1046
1045,1047
1045,1051
1047,1048
1047,1050
1048,1049
1051,1052
1051,1054
1052,1053
1056,1057
1056,1063
1057,1058
1057,1060
1058,1059
1060,1061
1060,1062
1064,1065
1064,1071
1065,1066
1065,1068
1066,1067
1068,1069
1068,1070
1072,1073
1072,1074
1072,1080
1072,1081
1074,1075
1074,1077
1075,1076
1077,1078
1077,1079
1082,1083
1082,1125
1083,1084
1083,1085
1083,1087
1085,1086
1087,1088
1088,1089
1088,1090
1088,1093
1088,1104
1088,1118
1090,1091
1090,1092
1093,1094
1093,1103
1094,1095
1094,1098
1095,1096
1095,1097
1098,1099
1098,1102
1099,1100
1100,1101
1104,1105
1104,1117
1105,1106
1105,1109
1105,1112
1106,1107
1106,1108
1109,1110
1109,1111
1112,1113
1112,1116
1113,1114
1114,1115
1118,1119
1118,1124
1119,1120
1120,1121
1121,1122
1122,1123
1126,1127
1126,1128
1129,1130
1129,1131
1132,1133
1133,1134
1134,1135
1135,1136
1136,1137
1138,1139
1138,1140
1138,1141
1138,1142
1138,1143
1138,1144
1138,1147
1138,1153
1138,1158
1138,1159
1138,1161
1138,1163
1138,1164
1138,1165
1138,1166
1138,1167
1138,1230
1138,1231
1138,1233
1144,1145
1145,1146
1147,1148
1147,1150
1148,1149
1150,1151
1151,1152
1153,1154
1153,1157
1154,1155
1155,1156
1159,1160
1161,1162
1167,1168
1167,1171
1168,1169
1169,1170
1171,1172
1171,1175
1171,1177
1171,1179
1171,1186
1172,1173
1172,1174
1175,1176
1177,1178
1179,1180
1179,1181
1181,1182
1181,1184
1182,1183
1184,1185
1186,1187
1186,1215
1186,1227
1187,1188
1188,1189
1188,1193
1188,1194
1188,1214
1189,1190
1190,1191
1191,1192
1194,1195
1194,1196
1196,1197
1196,1198
1196,1199
1196,1213
1199,1200
1199,1203
1200,1201
1201,1202
1203,1204
1203,1205
1203,1212
1205,1206
1205,1207
1205,1210
1207,1208
1208,1209
1210,1211
1215,1216
1216,1217
1216,1221
1216,1222
1216,1226
1217,1218
1218,1219
1219,1220
1222,1223
1222,1224
1224,1225
1227,1228
1228,1229
1231,1232
1233,1234
1235,1236
1235,1237
1235,1238
1235,1239
1235,1241
1235,1243
1235,1263
1239,1240
1241,1242
1243,1244
1243,1246
1243,1247
1243,1258
1243,1259
1244,1245
1247,1248
1247,1251
1248,1249
1248,1250
1251,1252
1251,1254
1251,1256
1252,1253
1254,1255
1256,1257
1259,1260
1259,1261
1261,1262
1263,1264
1264,1265
1266,1267
1266,1268
1266,1269
1266,1274
1266,1276
1269,1270
1269,1272
1270,1271
1272,1273
1274,1275
1276,1277
1277,1278
1278,1279
1280,1281
1280,1282
1280,1285
1280,1286
1280,1288
1280,1290
1280,1292
1280,1294
1282,1283
1283,1284
1286,1287
1288,1289
1290,1291
1292,1293
1294,1295
1296,1297
1296,1298
1296,1299
1296,1301
1296,1314
1299,1300
1301,1302
1301,1303
1303,1304
1303,1306
1303,1308
1303,1310
1303,1312
1304,1305
1306,1307
1308,1309
1310,1311
1312,1313
1315,1316
1315,1317
1315,1320
1315,1322
1315,1324
1315,1326
1315,1329
1315,1332
1315,1334
1315,1335
1315,1336
1315,1338
1315,1339
1315,1340
1315,1342
1315,1344
1315,1349
1315,1354
1317,1318
1318,1319
1320,1321
1322,1323
1324,1325
1326,1327
1327,1328
1329,1330
1330,1331
1332,1333
1336,1337
1340,1341
1342,1343
1344,1345
1344,1346
1346,1347
1347,1348
1349,1350
1349,1351
1351,1352
1352,1353
1355,1356
1355,1357
1355,1358
1355,1363
1355,1365
1355,1366
1358,1359
1358,1361
1359,1360
1361,1362
1363,1364
1366,1367
1367,1368
1369,1370
1369,1371
1369,1372
1369,1377
1369,1379
1369,1380
1372,1373
1372,1375
1373,1374
1375,1376
1377,1378
1380,1381
1381,1382
1382,1383
1384,1385
1384,1386
1384,1391
1384,1392
1384,1505
1384,1506
1386,1387
1386,1388
1388,1389
1389,1390
1392,1393
1392,1394
1392,1465
1392,1470
1392,1479
1392,1488
1394,1395
1394,1397
1394,1464
1395,1396
1397,1398
1397,1399
1397,1403
1397,1407
1397,1411
1397,1415
1397,1419
1397,1423
1397,1427
1397,1431
1397,1438
1397,1445
1397,1449
1397,1453
1397,1457
1397,1461
1399,1400
1399,1402
1400,1401
1403,1404
1403,1406
1404,1405
1407,1408
1407,1410
1408,1409
1411,1412
1411,1414
1412,1413
1415,1416
1415,1418
1416,1417
1419,1420
1419,1422
1420,1421
1423,1424
1423,1426
1424,1425
1427,1428
1427,1430
1428,1429
1431,1432
1431,1434
1431,1437
1432,1433
1434,1435
1435,1436
1438,1439
1438,1441
1438,1444
1439,1440
1441,1442
1442,1443
1445,1446
1445,1448
1446,1447
1449,1450
1449,1452
1450,1451
1453,1454
1453,1456
1454,1455
1457,1458
1457,1460
1458,1459
1461,1462
1462,1463
1465,1466
1465,1469
1466,1467
1467,1468
1470,1471
1470,1473
1470,1476
1470,1478
1471,1472
1473,1474
1474,1475
1476,1477
1479,1480
1479,1482
1479,1485
1479,1487
1480,1481
1482,1483
1483,1484
1485,1486
1488,1489
1488,1491
1488,1495
1488,1502
1488,1504
1489,1490
1491,1492
1492,1493
1493,1494
1495,1496
1495,1499
1496,1497
1496,1498
1499,1500
1500,1501
1502,1503
1507,1508
1509,1510
1509,1511
1509,1512
1509,1517
1509,1519
1512,1513
1512,1515
1513,1514
1515,1516
1517,1518
1519,1520
1521,1522
1521,1523
1521,1524
1521,1525
1521,1529
1521,1544
1521,1558
1521,1560
1521,1561
1521,1563
1521,1565
1521,1578
1525,1526
1525,1527
1527,1528
1529,1530
1529,1535
1530,1531
1530,1533
1531,1532
1533,1534
1535,1536
1536,1537
1537,1538
1538,1539
1539,1540
1540,1541
1541,1542
1542,1543
1544,1545
1544,1548
1545,1546
1546,1547
1548,1549
1549,1550
1550,1551
1551,1552
1552,1553
1553,1554
1554,1555
1555,1556
1556,1557
1558,1559
1561,1562
1563,1564
1565,1566
1565,1567
1565,1570
1567,1568
1568,1569
1570,1571
1570,1573
1570,1575
1571,1572
1573,1574
1575,1576
1575,1577
1578,1579
1580,1581
1580,1590
1580,1593
1580,1595
1580,1651
1580,1653
1580,1655
1580,1656
1581,1582
1581,1586
1581,1588
1582,1583
1582,1584
1582,1585
1586,1587
1588,1589
1590,1591
1591,1592
1593,1594
1595,1596
1595,1597
1595,1613
1597,1598
1598,1599
1598,1603
1599,1600
1599,1601
1601,1602
1603,1604
1603,1606
1604,1605
1606,1607
1606,1610
1607,1608
1607,1609
1610,1611
1610,1612
1613,1614
1613,1615
1613,1641
1615,1616
1615,1619
1615,1620
1615,1625
1615,1639
1615,1640
1616,1617
1617,1618
1620,1621
1620,1623
1621,1622
1623,1624
1625,1626
1626,1627
1626,1632
1627,1628
1627,1630
1628,1629
1630,1631
1632,1633
1632,1636
1633,1634
1634,1635
1636,1637
1637,1638
1641,1642
1641,1643
1643,1644
1643,1647
1643,1649
1643,1650
1644,1645
1645,1646
1647,1648
1651,1652
1653,1654
1656,1657
1656,1702
1656,1717
1656,1732
1656,1750
1656,1758
1656,1766
1656,1776
1656,1820
1656,1823
1656,1826
1657,1658
1657,1701
1658,1659
1658,1674
1658,1682
1658,1690
1658,1694
1659,1660
1659,1673
1660,1661
1660,1662
1660,1665
1662,1663
1663,1664
1665,1666
1665,1667
1665,1670
1667,1668
1668,1669
1670,1671
1671,1672
1674,1675
1674,1681
1675,1676
1675,1678
1676,1677
1678,1679
1678,1680
1682,1683
1682,1689
1683,1684
1683,1686
1684,1685
1686,1687
1686,1688
1690,1691
1690,1693
1691,1692
1694,1695
1694,1700
1695,1696
1696,1697
1697,1698
1698,1699
1702,1703
1702,1716
1703,1704
1703,1705
1703,1708
1705,1706
1706,1707
1708,1709
1708,1710
1708,1713
1710,1711
1711,1712
1713,1714
1714,1715
1717,1718
1717,1731
1718,1719
1718,1720
1718,1723
1720,1721
1721,1722
1723,1724
1723,1725
1723,1728
1725,1726
1726,1727
1728,1729
1729,1730
1732,1733
1732,1749
1733,1734
1733,1735
1733,1739
1735,1736
1735,1738
1736,1737
1739,1740
1739,1741
1739,1745
1741,1742
1741,1744
1742,1743
1745,1746
1745,1748
1746,1747
1750,1751
1750,1757
1751,1752
1751,1754
1752,1753
1754,1755
1754,1756
1758,1759
1758,1765
1759,1760
1759,1762
1760,1761
1762,1763
1762,1764
1766,1767
1766,1768
1766,1774
1766,1775
1768,1769
1768,1771
1769,1770
1771,1772
1771,1773
1776,1777
1776,1819
1777,1778
1777,1779
1777,1781
1779,1780
1781,1782
1782,1783
1782,1784
1782,1787
1782,1798
1782,1812
1784,1785
1784,1786
1787,1788
1787,1797
1788,1789
1788,1792
1789,1790
1789,1791
1792,1793
1792,1796
1793,1794
1794,1795
1798,1799
1798,1811
1799,1800
1799,1803
1799,1806
1800,1801
1800,1802
1803,1804
1803,1805
1806,1807
1806,1810
1807,1808
1808,1809
1812,1813
1812,1818
1813,1814
1814,1815
1815,1816
1816,1817
1820,1821
1820,1822
1823,1824
1823,1825
1826,1827
1827,1828
1828,1829
1829,1830
1830,1831
1832,1833
1832,1834
1832,1835
1832,1839
1832,1841
1832,1844
1832,1849
1835,1836
1835,1838
1836,1837
1839,1840
1841,1842
1842,1843
1844,1845
1844,1847
1845,1846
1847,1848
1850,1851
1850,1852
1850,1853
1850,1855
1853,1854
1855,1856
1856,1857
1858,1859
1858,1860
1860,1861
1861,1862
1863,1864
1863,1865
1863,1869
1863,1874
1863,1876
1865,1866
1866,1867
1866,1868
1869,1870
1870,1871
1870,1872
1870,1873
1874,1875
1876,1877
1878,1879
1878,1880
1878,1881
1878,1883
1878,1904
1881,1882
1883,1884
1883,1885
1885,1886
1885,1887
1885,1888
1885,1893
1888,1889
1888,1890
1888,1892
1890,1891
1893,1894
1893,1895
1895,1896
1895,1898
1895,1900
1895,1902
1896,1897
1898,1899
1900,1901
1902,1903
1905,1906
1905,1907
1907,1908
1907,1909
1907,1912
1909,1910
1910,1911
1912,1913
1913,1914
1915,1916
1915,1917
1915,1921
1915,1926
1915,1928
1915,1930
1915,1931
1915,1933
1915,1934
1915,1936
1917,1918
1918,1919
1918,1920
1921,1922
1922,1923
1922,1924
1922,1925
1926,1927
1928,1929
1931,1932
1934,1935
1937,1938
1937,1939
1939,1940
1939,1942
1940,1941
1942,1943
1943,1944
1944,1945
1945,1946
1945,1949
1946,1947
1947,1948
1949,1950
1951,1952
1951,1953
1951,1954
1951,1959
1951,1961
1951,1964
1951,1970
1954,1955
1954,1957
1955,1956
1957,1958
1959,1960
1961,1962
1962,1963
1964,1965
1964,1967
1965,1966
1967,1968
1968,1969
1971,1972
1971,1973
1971,1978
1971,1979
1971,2092
1971,2093
1973,1974
1973,1975
1975,1976
1976,1977
1979,1980
1979,1981
1979,2052
1979,2057
1979,2066
1979,2075
1981,1982
1981,1984
1981,2051
1982,1983
1984,1985
1984,1986
1984,1990
1984,1994
1984,1998
1984,2002
1984,2006
1984,2010
1984,2014
1984,2018
1984,2025
1984,2032
1984,2036
1984,2040
1984,2044
1984,2048
1986,1987
1986,1989
1987,1988
1990,1991
1990,1993
1991,1992
1994,1995
1994,1997
1995,1996
1998,1999
1998,2001
1999,2000
2002,2003
2002,2005
2003,2004
2006,2007
2006,2009
2007,2008
2010,2011
2010,2013
2011,2012
2014,2015
2014,2017
2015,2016
2018,2019
2018,2021
2018,2024
2019,2020
2021,2022
2022,2023
2025,2026
2025,2028
2025,2031
2026,2027
2028,2029
2029,2030
2032,2033
2032,2035
2033,2034
2036,2037
2036,2039
2037,2038
2040,2041
2040,2043
2041,2042
2044,2045
2044,2047
2045,2046
2048,2049
2049,2050
2052,2053
2052,2056
2053,2054
2054,2055
2057,2058
2057,2060
2057,2063
2057,2065
2058,2059
2060,2061
2061,2062
2063,2064
2066,2067
2066,2069
2066,2072
2066,2074
2067,2068
2069,2070
2070,2071
2072,2073
2075,2076
2075,2078
2075,2082
2075,2089
2075,2091
2076,2077
2078,2079
2079,2080
2080,2081
2082,2083
2082,2086
2083,2084
2083,2085
2086,2087
2087,2088
2089,2090
2094,2095
2094,2096
2094,2097
2094,2102
2094,2104
2097,2098
2097,2100
2098,2099
2100,2101
2102,2103
2104,2105
2106,2107
2106,2108
2106,2110
2106,2116
2106,2118
2106,2139
2106,2154
2108,2109
2110,2111
2110,2114
2111,2112
2111,2113
2114,2115
2116,2117
2118,2119
2118,2120
2120,2121
2120,2138
2121,2122
2121,2125
2122,2123
2122,2124
2125,2126
2125,2128
2126,2127
2128,2129
2128,2136
2129,2130
2129,2135
2130,2131
2130,2134
2131,2132
2131,2133
2136,2137
2139,2140
2139,2141
2141,2142
2141,2153
2142,2143
2142,2146
2143,2144
2143,2145
2146,2147
2146,2149
2147,2148
2149,2150
2149,2151
2151,2152
2155,2156
2157,2158
2157,2159
2157,2160
2157,2170
2160,2161
2160,2163
2161,2162
2163,2164
2164,2165
2165,2166
2166,2167
2167,2168
2168,2169
2171,2172
2171,2173
2171,2174
2175,2176
2175,2177
2175,2178
2175,2179
2175,2180
2180,2181
2180,2182
2182,2183
2182,2185
2183,2184
2185,2186
2185,2197
2185,2212
2186,2187
2186,2196
2187,2188
2187,2189
2187,2194
2189,2190
2189,2193
2190,2191
2191,2192
2194,2195
2197,2198
2197,2211
2198,2199
2198,2200
2198,2205
2200,2201
2200,2204
2201,2202
2202,2203
2205,2206
2205,2207
2205,2209
2207,2208
2209,2210
2212,2213
2212,2223
2213,2214
2213,2215
2213,2220
2215,2216
2215,2219
2216,2217
2217,2218
2220,2221
2220,2222
2224,2225
2224,2226
2224,2227
2224,2229
2224,2230
2224,2232
2224,2237
2224,2239
2224,2241
2227,2228
2230,2231
2232,2233
2233,2234
2234,2235
2234,2236
2237,2238
2239,2240
2241,2242
2243,2244
2243,2245
2243,2246
2243,2250
2243,2252
2246,2247
2246,2249
2247,2248
2250,2251
2252,2253
2253,2254
2255,2256
2255,2257
2255,2262
2255,2263
2255,2376
2255,2377
2257,2258
2257,2259
2259,2260
2260,2261
2263,2264
2263,2265
2263,2336
2263,2341
2263,2350
2263,2359
2265,2266
2265,2268
2265,2335
2266,2267
2268,2269
2268,2270
2268,2274
2268,2278
2268,2282
2268,2286
2268,2290
2268,2294
2268,2298
2268,2302
2268,2309
2268,2316
2268,2320
2268,2324
2268,2328
2268,2332
2270,2271
2270,2273
2271,2272
2274,2275
2274,2277
2275,2276
2278,2279
2278,2281
2279,2280
2282,2283
2282,2285
2283,2284
2286,2287
2286,2289
2287,2288
2290,2291
2290,2293
2291,2292
2294,2295
2294,2297
2295,2296
2298,2299
2298,2301
2299,2300
2302,2303
2302,2305
2302,2308
2303,2304
2305,2306
2306,2307
2309,2310
2309,2312
2309,2315
2310,2311
2312,2313
2313,2314
2316,2317
2316,2319
2317,2318
2320,2321
2320,2323
2321,2322
2324,2325
2324,2327
2325,2326
2328,2329
2328,2331
2329,2330
2332,2333
2333,2334
2336,2337
2336,2340
2337,2338
2338,2339
2341,2342
2341,2344
2341,2347
2341,2349
2342,2343
2344,2345
2345,2346
2347,2348
2350,2351
2350,2353
2350,2356
2350,2358
2351,2352
2353,2354
2354,2355
2356,2357
2359,2360
2359,2362
2359,2366
2359,2373
2359,2375
2360,2361
2362,2363
2363,2364
2364,2365
2366,2367
2366,2370
2367,2368
2367,2369
2370,2371
2371,2372
2373,2374
2378,2379
2378,2380
2378,2382
2378,2383
2378,2386
2380,2381
2383,2384
2384,2385
2387,2388
2387,2389
2387,2393
2389,2390
2389,2391
2391,2392
2393,2394
2394,2395
2396,2397
2396,2398
2398,2399
2400,2401
2400,2402
2400,2403
2404,2405
2404,2406
2406,2407
2407,2408
2409,2410
2409,2411
2409,2412
2409,2417
2409,2419
2409,2420
2412,2413
2412,2415
2413,2414
2415,2416
2417,2418
2420,2421
2422,2423
2422,2424
2422,2425
2422,2430
2422,2432
2422,2433
2425,2426
2425,2428
2426,2427
2428,2429
2430,2431
2433,2434
2434,2435
2436,2437
2436,2438
2436,2439
2436,2444
2436,2446
2436,2447
2439,2440
2439,2442
2440,2441
2442,2443
2444,2445
2447,2448
2449,2450
2449,2451
2449,2452
2449,2457
2449,2459
2452,2453
2452,2455
2453,2454
2455,2456
2457,2458
2459,2460
2460,2461
2462,2463
2462,2464
2462,2466
2462,2468
2462,2486
2462,2488
2464,2465
2466,2467
2468,2469
2468,2473
2469,2470
2469,2471
2471,2472
2473,2474
2473,2476
2474,2475
2476,2477
2476,2478
2476,2483
2478,2479
2479,2480
2479,2481
2481,2482
2483,2484
2484,2485
2486,2487
2488,2489
2490,2491
2490,2492
2490,2493
2493,2494
2494,2495
2497,2498
2497,2499
2497,2500
2497,2501
2497,2506
2497,2511
2497,2513
2501,2502
2501,2504
2502,2503
2504,2505
2506,2507
2506,2508
2508,2509
2509,2510
2511,2512
2513,2514
2514,2515
2516,2517
2516,2518
2516,2521
2518,2519
2519,2520
2521,2522
2521,2524
2522,2523
2524,2525
2525,2526
2526,2527
2527,2528
2527,2531
2528,2529
2529,2530
2531,2532
2533,2534
2533,2535
2533,2536
2533,2541
2533,2543
2536,2537
2536,2539
2537,2538
2539,2540
2541,2542
2543,2544
2544,2545
2546,2547
2546,2548
2546,2549
2546,2554
2546,2556
2549,2550
2549,2552
2550,2551
2552,2553
2554,2555
2556,2557
2558,2559
2558,2560
2558,2562
2558,2564
2560,2561
2562,2563
2564,2565
2564,2570
2565,2566
2565,2567
2567,2568
2568,2569
2570,2571
2570,2574
2570,2577
2570,2579
2570,2581
2570,2582
2571,2572
2572,2573
2574,2575
2575,2576
2577,2578
2579,2580
2583,2584
2583,2585
2583,2586
2583,2587
2583,2589
2583,2591
2583,2611
2587,2588
2589,2590
2591,2592
2591,2594
2591,2595
2591,2606
2591,2607
2592,2593
2595,2596
2595,2599
2596,2597
2596,2598
2599,2600
2599,2602
2599,2604
2600,2601
2602,2603
2604,2605
2607,2608
2607,2609
2609,2610
2611,2612
2612,2613
2614,2615
2614,2616
2614,2617
2614,2622
2614,2624
2617,2618
2617,2620
2618,2619
2620,2621
2622,2623
2624,2625
2626,2627
2626,2628
2626,2632
2626,2639
2626,2642
2628,2629
2628,2630
2630,2631
2632,2633
2632,2636
2633,2634
2633,2635
2636,2637
2637,2638
2639,2640
2640,2641
2642,2643
2643,2644
2643,2645
2643,2649
2645,2646
2646,2647
2647,2648
2650,2651
2650,2652
2650,2659
2650,2661
2650,2664
2650,2666
2650,2672
2650,2674
2650,2682
2652,2653
2652,2655
2653,2654
2655,2656
2656,2657
2657,2658
2659,2660
2661,2662
2662,2663
2664,2665
2666,2667
2666,2670
2666,2671
2667,2668
2668,2669
2672,2673
2674,2675
2674,2677
2674,2680
2674,2681
2675,2676
2677,2678
2678,2679
2682,2683
2682,2693
2683,2684
2683,2687
2683,2689
2683,2692
2684,2685
2685,2686
2687,2688
2689,2690
2690,2691
2693,2694
2695,2696
2695,2697
2695,2699
2695,2701
2695,2702
2695,2703
2695,2705
2695,2709
2695,2713
2695,2717
2695,2719
2695,2721
2697,2698
2699,2700
2703,2704
2705,2706
2705,2707
2707,2708
2709,2710
2709,2711
2711,2712
2713,2714
2713,2715
2715,2716
2717,2718
2719,2720
2722,2723
2722,2724
2722,2725
2722,2730
2722,2732
2725,2726
2725,2728
2726,2727
2728,2729
2730,2731
2732,2733
2733,2734
2735,2736
2735,2737
2735,2738
2735,2740
2735,2744
2738,2739
2740,2741
2740,2742
2742,2743
2744,2745
2746,2747
2746,2748
2746,2750
2746,2752
2746,2760
2746,2762
2746,2766
2746,2771
2748,2749
2750,2751
2752,2753
2752,2758
2753,2754
2753,2757
2754,2755
2754,2756
2758,2759
2760,2761
2762,2763
2762,2764
2764,2765
2766,2767
2766,2768
2768,2769
2768,2770
2771,2772
2771,2777
2771,2799
2771,2804
2771,2809
2771,2814
2771,2819
2771,2824
2771,2829
2771,2834
2771,2845
2772,2773
2772,2775
2772,2776
2773,2774
2777,2778
2777,2798
2778,2779
2778,2780
2778,2785
2778,2790
2778,2795
2780,2781
2780,2783
2780,2784
2781,2782
2785,2786
2785,2788
2785,2789
2786,2787
2790,2791
2790,2793
2790,2794
2791,2792
2795,2796
2796,2797
2799,2800
2799,2802
2799,2803
2800,2801
2804,2805
2804,2807
2804,2808
2805,2806
2809,2810
2809,2812
2809,2813
2810,2811
2814,2815
2814,2817
2814,2818
2815,2816
2819,2820
2819,2822
2819,2823
2820,2821
2824,2825
2824,2827
2824,2828
2825,2826
2829,2830
2829,2832
2829,2833
2830,2831
2834,2835
2834,2836
2834,2837
2834,2842
2834,2843
2834,2844
2837,2838
2837,2840
2838,2839
2840,2841
2845,2846
2846,2847
2847,2848
2849,2850
2849,2851
2849,2852
2849,2857
2849,2859
2852,2853
2852,2855
2853,2854
2855,2856
2857,2858
2859,2860
2860,2861
2861,2862
2863,2864
2865,2866
2865,2867
2865,2868
2865,2870
2865,2874
2865,2875
2865,2949
2868,2869
2870,2871
2870,2872
2872,2873
2875,2876
2875,2877
2875,2891
2875,2909
2875,2934
2877,2878
2877,2881
2877,2889
2877,2890
2878,2879
2878,2880
2881,2882
2881,2883
2883,2884
2883,2886
2884,2885
2886,2887
2886,2888
2891,2892
2891,2908
2892,2893
2892,2906
2893,2894
2893,2904
2894,2895
2894,2902
2895,2896
2895,2900
2896,2897
2896,2898
2898,2899
2900,2901
2902,2903
2904,2905
2906,2907
2909,2910
2909,2933
2910,2911
2910,2921
2910,2923
2911,2912
2911,2919
2912,2913
2912,2917
2913,2914
2913,2915
2915,2916
2917,2918
2919,2920
2921,2922
2923,2924
2923,2931
2924,2925
2924,2929
2925,2926
2925,2927
2927,2928
2929,2930
2931,2932
2934,2935
2934,2948
2935,2936
2935,2946
2936,2937
2936,2944
2937,2938
2937,2942
2938,2939
2938,2940
2940,2941
2942,2943
2944,2945
2946,2947
2950,2951
2950,2952
2952,2953
2952,2956
2953,2954
2954,2955
2956,2957
2957,2958
2957,2959
2957,2974
2959,2960
2960,2961
2960,2963
2961,2962
2963,2964
2963,2965
2963,2967
2965,2966
2967,2968
2967,2969
2969,2970
2969,2972
2969,2973
2970,2971
2974,2975
2974,2976
2974,2996
2976,2977
2976,2979
2977,2978
2979,2980
2979,2983
2980,2981
2980,2982
2983,2984
2984,2985
2984,2987
2985,2986
2987,2988
2987,2990
2987,2993
2987,2994
2987,2995
2988,2989
2990,2991
2991,2992
2996,2997
2997,2998
2999,3000
2999,3001
2999,3003
2999,3005
2999,3006
3001,3002
3003,3004
3007,3008
3007,3009
3009,3010
3009,3013
3010,3011
3011,3012
3013,3014
3014,3015
3014,3016
3014,3031
3016,3017
3017,3018
3017,3020
3018,3019
3020,3021
3020,3022
3020,3024
3022,3023
3024,3025
3024,3026
3026,3027
3026,3029
3026,3030
3027,3028
3031,3032
3031,3033
3031,3053
3033,3034
3033,3036
3034,3035
3036,3037
3036,3040
3037,3038
3037,3039
3040,3041
3041,3042
3041,3044
3042,3043
3044,3045
3044,3047
3044,3050
3044,3051
3044,3052
3045,3046
3047,3048
3048,3049
3053,3054
3054,3055
3056,3057
3056,3058
3056,3059
3056,3064
3056,3066
3056,3067
3059,3060
3059,3062
3060,3061
3062,3063
3064,3065
3067,3068
3069,3070
3069,3071
3069,3075
3069,3077
3069,3079
3071,3072
3072,3073
3073,3074
3075,3076
3077,3078
3079,3080
3081,3082
3081,3083
3083,3084
3085,3086
3085,3087
3085,3090
3085,3091
3085,3094
3085,3095
3085,3096
3085,3099
3085,3102
3085,3103
3087,3088
3088,3089
3091,3092
3092,3093
3096,3097
3097,3098
3099,3100
3100,3101
3103,3104
3104,3105
3106,3107
3106,3108
3106,3109
3106,3114
3106,3116
3109,3110
3109,3112
3110,3111
3112,3113
3114,3115
3116,3117
3117,3118
3118,3119
3120,3121
3120,3122
3120,3123
3120,3128
3120,3130
3123,3124
3123,3126
3124,3125
3126,3127
3128,3129
3130,3131
3131,3132
3133,3134
3133,3135
3136,3137
3136,3138
3136,3139
3136,3143
3136,3147
3139,3140
3139,3141
3141,3142
3143,3144
3143,3145
3145,3146
3147,3148
3147,3149
3147,3151
3147,3153
3147,3155
3149,3150
3151,3152
3153,3154
3155,3156
3157,3158
3157,3159
3157,3160
3157,3165
3157,3167
3157,3169
3157,3170
3160,3161
3160,3163
3161,3162
3163,3164
3165,3166
3167,3168
3170,3171
3171,3172
3173,3174
3173,3183
3173,3186
3173,3188
3173,3236
3173,3238
3173,3240
3173,3241
3174,3175
3174,3179
3174,3181
3175,3176
3175,3177
3175,3178
3179,3180
3181,3182
3183,3184
3184,3185
3186,3187
3188,3189
3188,3190
3188,3206
3190,3191
3191,3192
3191,3196
3192,3193
3192,3194
3194,3195
3196,3197
3196,3199
3197,3198
3199,3200
3199,3203
3200,3201
3200,3202
3203,3204
3203,3205
3206,3207
3206,3210
3207,3208
3207,3209
3210,3211
3210,3214
3210,3216
3210,3219
3210,3234
3210,3235
3211,3212
3212,3213
3214,3215
3216,3217
3217,3218
3219,3220
3219,3228
3220,3221
3220,3224
3221,3222
3221,3223
3224,3225
3225,3226
3226,3227
3228,3229
3229,3230
3230,3231
3231,3232
3232,3233
3236,3237
3238,3239
3241,3242
3241,3287
3241,3302
3241,3317
3241,3335
3241,3343
3241,3351
3241,3361
3241,3405
3241,3408
3241,3411
3242,3243
3242,3286
3243,3244
3243,3259
3243,3267
3243,3275
3243,3279
3244,3245
3244,3258
3245,3246
3245,3247
3245,3250
3247,3248
3248,3249
3250,3251
3250,3252
3250,3255
3252,3253
3253,3254
3255,3256
3256,3257
3259,3260
3259,3266
3260,3261
3260,3263
3261,3262
3263,3264
3263,3265
3267,3268
3267,3274
3268,3269
3268,3271
3269,3270
3271,3272
3271,3273
3275,3276
3275,3278
3276,3277
3279,3280
3279,3285
3280,3281
3281,3282
3282,3283
3283,3284
3287,3288
3287,3301
3288,3289
3288,3290
3288,3293
3290,3291
3291,3292
3293,3294
3293,3295
3293,3298
3295,3296
3296,3297
3298,3299
3299,3300
3302,3303
3302,3316
3303,3304
3303,3305
3303,3308
3305,3306
3306,3307
3308,3309
3308,3310
3308,3313
3310,3311
3311,3312
3313,3314
3314,3315
3317,3318
3317,3334
3318,3319
3318,3320
3318,3324
3320,3321
3320,3323
3321,3322
3324,3325
3324,3326
3324,3330
3326,3327
3326,3329
3327,3328
3330,3331
3330,3333
3331,3332
3335,3336
3335,3342
3336,3337
3336,3339
3337,3338
3339,3340
3339,3341
3343,3344
3343,3350
3344,3345
3344,3347
3345,3346
3347,3348
3347,3349
3351,3352
3351,3353
3351,3359
3351,3360
3353,3354
3353,3356
3354,3355
3356,3357
3356,3358
3361,3362
3361,3404
3362,3363
3362,3364
3362,3366
3364,3365
3366,3367
3367,3368
3367,3369
3367,3372
3367,3383
3367,3397
3369,3370
3369,3371
3372,3373
3372,3382
3373,3374
3373,3377
3374,3375
3374,3376
3377,3378
3377,3381
3378,3379
3379,3380
3383,3384
3383,3396
3384,3385
3384,3388
3384,3391
3385,3386
3385,3387
3388,3389
3388,3390
3391,3392
3391,3395
3392,3393
3393,3394
3397,3398
3397,3403
3398,3399
3399,3400
3400,3401
3401,3402
3405,3406
3405,3407
3408,3409
3408,3410
3411,3412
3412,3413
3413,3414
3414,3415
3415,3416
3417,3418
3417,3419
3417,3421
3417,3426
3417,3428
3417,3430
3417,3432
3417,3434
3417,3436
3417,3438
3417,3440
3417,3442
3419,3420
3421,3422
3422,3423
3422,3424
3422,3425
3426,3427
3428,3429
3430,3431
3432,3433
3434,3435
3436,3437
3438,3439
3440,3441
3443,3444
3443,3445
3445,3446
3445,3451
3445,3455
3446,3447
3446,3449
3447,3448
3449,3450
3451,3452
3451,3453
3451,3454
3455,3456
3455,3461
3455,3465
3456,3457
3456,3459
3457,3458
3459,3460
3461,3462
3461,3463
3463,3464
3465,3466
3465,3467
3467,3468
3469,3470
3471,3472
3471,3473
3471,3475
3471,3477
3473,3474
3475,3476
3477,3478
3477,3480
3478,3479
3480,3481
3481,3482
3482,3483
3483,3484
3483,3487
3484,3485
3485,3486
3487,3488
3489,3490
3489,3491
3489,3493
3489,3494
3489,3496
3489,3497
3491,3492
3494,3495
3498,3499
3498,3500
3498,3503
3500,3501
3501,3502
3503,3504
3503,3506
3504,3505
3506,3507
3507,3508
3508,3509
3509,3510
3509,3513
3510,3511
3511,3512
3513,3514
3515,3516
3515,3517
3515,3518
3515,3523
3515,3525
3515,3526
3518,3519
3518,3521
3519,3520
3521,3522
3523,3524
3526,3527
3527,3528
3528,3529
3530,3531
3530,3532
3530,3533
3530,3535
3530,3581
3530,3583
3533,3534
3535,3536
3535,3539
3535,3577
3536,3537
3536,3538
3539,3540
3539,3541
3539,3542
3539,3552
3539,3555
3539,3557
3542,3543
3542,3544
3542,3545
3542,3549
3545,3546
3545,3547
3547,3548
3549,3550
3549,3551
3552,3553
3553,3554
3555,3556
3557,3558
3557,3562
3558,3559
3558,3561
3559,3560
3562,3563
3562,3565
3563,3564
3565,3566
3565,3567
3565,3573
3567,3568
3568,3569
3568,3571
3569,3570
3571,3572
3573,3574
3574,3575
3575,3576
3577,3578
3578,3579
3579,3580
3581,3582
3583,3584
3585,3586
3585,3587
3585,3588
3585,3589
3585,3590
3585,3591
3585,3594
3585,3600
3585,3605
3585,3606
3585,3608
3585,3610
3585,3611
3585,3612
3585,3677
3585,3678
3585,3680
3591,3592
3592,3593
3594,3595
3594,3597
3595,3596
3597,3598
3598,3599
3600,3601
3600,3604
3601,3602
3602,3603
3606,3607
3608,3609
3612,3613
3612,3616
3613,3614
3614,3615
3616,3617
3616,3620
3616,3622
3616,3624
3616,3631
3617,3618
3617,3619
3620,3621
3622,3623
3624,3625
3624,3626
3626,3627
3626,3629
3627,3628
3629,3630
3631,3632
3631,3655
3631,3674
3632,3633
3633,3634
3633,3654
3634,3635
3634,3636
3636,3637
3636,3638
3636,3639
3636,3653
3639,3640
3639,3643
3640,3641
3641,3642
3643,3644
3643,3645
3643,3652
3645,3646
3645,3647
3645,3650
3647,3648
3648,3649
3650,3651
3655,3656
3656,3657
3656,3673
3657,3658
3657,3659
3657,3661
3659,3660
3661,3662
3661,3663
3663,3664
3664,3665
3664,3670
3665,3666
3665,3668
3666,3667
3668,3669
3670,3671
3671,3672
3674,3675
3675,3676
3678,3679
3680,3681
3682,3683
3682,3684
3682,3685
3682,3686
3682,3687
3687,3688
3687,3689
3689,3690
3689,3692
3690,3691
3692,3693
3692,3704
3692,3719
3693,3694
3693,3703
3694,3695
3694,3696
3694,3701
3696,3697
3696,3700
3697,3698
3698,3699
3701,3702
3704,3705
3704,3718
3705,3706
3705,3707
3705,3712
3707,3708
3707,3711
3708,3709
3709,3710
3712,3713
3712,3714
3712,3716
3714,3715
3716,3717
3719,3720
3719,3730
3720,3721
3720,3722
3720,3727
3722,3723
3722,3726
3723,3724
3724,3725
3727,3728
3727,3729
3731,3732
3731,3733
3731,3734
3731,3739
3731,3741
3731,3743
3731,3744
3731,3747
3734,3735
3734,3737
3735,3736
3737,3738
3739,3740
3741,3742
3744,3745
3745,3746
3747,3748
3749,3750
3749,3751
3749,3752
3749,3757
3749,3759
3752,3753
3752,3755
3753,3754
3755,3756
3757,3758
3759,3760
3760,3761
3762,3763
3762,3764
3762,3766
3764,3765
3766,3767
3768,3769
3768,3770
3768,3776
3768,3777
3768,3778
3768,3779
3770,3771
3770,3773
3771,3772
3773,3774
3774,3775
3780,3781
3780,3782
3780,3783
3780,3788
3780,3828
3783,3784
3783,3786
3784,3785
3786,3787
3788,3789
3788,3793
3789,3790
3789,3791
3791,3792
3793,3794
3793,3796
3794,3795
3796,3797
3796,3798
3796,3804
3796,3810
3796,3812
3796,3820
3798,3799
3798,3803
3799,3800
3799,3801
3801,3802
3804,3805
3804,3809
3805,3806
3805,3807
3807,3808
3810,3811
3812,3813
3813,3814
3814,3815
3814,3816
3814,3817
3817,3818
3817,3819
3820,3821
3821,3822
3822,3823
3823,3824
3823,3827
3824,3825
3825,3826
3828,3829
3829,3830
3830,3831
3830,3834
3831,3832
3832,3833
3834,3835
3836,3837
3836,3838
3836,3839
3836,3840
3836,3845
3836,3850
3836,3852
3836,3854
3840,3841
3840,3843
3841,3842
3843,3844
3845,3846
3845,3847
3847,3848
3848,3849
3850,3851
3852,3853
3854,3855
3855,3856
3857,3858
3857,3859
3857,3860
3857,3862
3857,3863
3857,3865
3857,3870
3857,3872
3857,3874
3860,3861
3863,3864
3865,3866
3866,3867
3867,3868
3867,3869
3870,3871
3872,3873
3874,3875
3876,3877
3876,3878
3876,3879
3876,3884
3876,3886
3879,3880
3879,3882
3880,3881
3882,3883
3884,3885
3886,3887
3887,3888
3889,3890
3891,3892
3891,3893
3891,3895
3891,3897
3891,3905
3893,3894
3895,3896
3897,3898
3897,3900
3898,3899
3900,3901
3901,3902
3901,3903
3903,3904
3906,3907
3906,3908
3906,3909
3906,3910
3906,3927
3910,3911
3910,3912
3910,3924
3912,3913
3912,3915
3912,3917
3912,3920
3913,3914
3915,3916
3917,3918
3918,3919
3920,3921
3921,3922
3921,3923
3924,3925
3925,3926
3928,3929
3928,3930
3928,3931
3928,3933
3928,3939
3928,3941
3928,3978
3931,3932
3933,3934
3933,3937
3934,3935
3934,3936
3937,3938
3939,3940
3941,3942
3941,3944
3941,3957
3942,3943
3944,3945
3944,3956
3945,3946
3945,3949
3946,3947
3946,3948
3949,3950
3949,3952
3950,3951
3952,3953
3952,3954
3954,3955
3957,3958
3957,3959
3959,3960
3959,3977
3960,3961
3960,3964
3961,3962
3961,3963
3964,3965
3964,3967
3965,3966
3967,3968
3967,3975
3968,3969
3968,3974
3969,3970
3969,3973
3970,3971
3970,3972
3975,3976
