1.571, 12.016, 2.195
0.324, 0.314, 0.149
1.29, 3.019, 1.378
2.272, 5.98, 2.695
0.925, 3.057, 1.053
0.48, 1.053, 0.488
0.873, 2.285, 0.724
0.634, 1.627, 0.499
1.28, 6.74, 2.052
1.756, 6.74, 2.873
2.205, 10.015, 2.964
1.134, 0.498, 0.227
1.808, 12.016, 2.53
1.496, 6.222, 2.153
1.984, 6.222, 2.651
1.888, 11.981, 2.674
1.369, 3.821, 1.209
1.387, 3.821, 1.524
2.165, 11.981, 3.069
2.296, 11.039, 2.996
2.735, 11.02, 4.236
2.105, 6.693, 2.604
2.327, 5.315, 2.814
2.017, 11.981, 3.621
2.364, 11.981, 4.021
0.483, 1.008, 0.568
2.391, 7.3, 2.384
2.078, 7.3, 2.417
3.166, 7.3, 3.522
1.024, 8.437, 1.494
1.989, 8.437, 2.887
2.42, 8.437, 3.54
0.796, 4.34, 0.88
0.769, 1.987, 0.633
0.528, 1.452, 0.467
0.602, 1.452, 0.609
0.857, 4.34, 1.103
0.458, 1.046, 0.355
3.996, 9.932, 5.344
2.645, 23.891, 4.003
0.51, 0.933, 0.476
3.21, 6.666, 2.679
2.616, 23.87, 4.375
1.33, 6.704, 2.154
0.498, 0.895, 0.464
2.934, 23.844, 4.824
0.587, 1.482, 0.452
0.545, 0.409, 0.211
3.878, 23.844, 5.499
1.853, 4.761, 2.187
4.604, 23.844, 6.044
4.839, 23.844, 6.296
5.818, 23.844, 6.816
1.546, 2.122, 1.199
0.56, 1.226, 0.703
8.613, 22.801, 8.307
4.07, 26.353, 5.082
0.328, 0.499, 0.223
11.084, 20.227, 9.721
7.158, 9.882, 3.908
7.551, 9.882, 5.317
6.368, 11.562, 4.375
5.867, 11.562, 4.851
7.717, 10.467, 5.418
6.122, 11.277, 5.843
2.293, 21.684, 5.201
0.435, 1.328, 0.379
0.496, 1.303, 0.456
0.714, 3.603, 0.934
0.465, 2.192, 0.611
0.567, 2.152, 0.758
7.617, 26.072, 6.75
7.174, 26.072, 7.161
7.278, 26.072, 7.503
4.654, 10.361, 4.642
3.349, 14.134, 3.956
1.928, 6.445, 2.538
2.326, 5.876, 2.827
2.045, 6.44, 2.793
2.056, 5.541, 3.113
3.877, 14.126, 4.373
2.301, 11.715, 3.537
0.452, 0.552, 0.248
4.795, 14.116, 4.655
5.313, 14.116, 5.732
4.491, 12.048, 4.237
3.544, 12.048, 4.23
1.769, 4.061, 1.606
3.807, 16.496, 4.67
3.938, 16.496, 5.061
4.119, 16.496, 5.735
2.95, 16.496, 6.058
0.574, 1.062, 0.587
1.137, 6.747, 2.327
0.274, 0.031, 0.017
0.988, 18.567, 2.076
0.401, 0.68, 0.346
0.458, 1.126, 0.368
0.419, 0.944, 0.379
0.418, 0.902, 0.501
0.613, 2.369, 0.734
0.68, 2.36, 1.158
0.523, 1.397, 0.647
0.572, 1.966, 0.715
0.572, 1.892, 0.919
0.66, 1.964, 0.921
0.838, 3.228, 1.119
0.363, 1.115, 0.393
0.49, 1.05, 0.587
0.521, 2.578, 0.685
0.659, 2.576, 0.942
1.071, 2.541, 1.116
0.366, 0.802, 0.371
0.401, 1.172, 0.337
0.298, 0.49, 0.198
0.928, 3.931, 1.269
1.096, 3.931, 1.925
1.191, 2.351, 1.28
1.142, 3.558, 1.379
0.874, 3.819, 1.063
1.299, 3.798, 1.585
0.717, 1.945, 0.901
1.31, 14.189, 2.719
1.149, 14.189, 2.392
0.82, 1.61, 0.818
1.124, 14.189, 2.515
1.106, 14.189, 2.597
1.202, 14.189, 2.811
1.303, 14.189, 3.024
1.502, 14.171, 3.383
1.792, 14.154, 3.777
1.845, 14.091, 4.38
2.732, 14.091, 5.656
1.014, 5.321, 1.256
1.018, 5.316, 1.382
1.044, 1.746, 0.897
0.863, 5.28, 1.61
1.134, 5.28, 2.08
1.432, 10.24, 1.836
0.565, 1.09, 0.491
0.468, 0.573, 0.324
1.504, 10.24, 1.917
1.453, 10.24, 1.904
1.512, 6.785, 2.302
1.069, 3.361, 1.614
1.3, 6.105, 1.548
1.408, 6.105, 1.812
1.089, 2.889, 1.07
0.745, 1.673, 0.887
0.485, 1.302, 0.443
0.35, 0.291, 0.153
0.481, 0.007, 0.005
1.463, 10.237, 2.034
2.224, 10.237, 3.151
3.75, 10.237, 4.521
0.956, 2.636, 0.808
1.116, 2.636, 0.893
1.067, 2.636, 1.033
1.057, 2.631, 1.473
0.626, 0.279, 0.198
1.981, 5.619, 2.23
2.297, 4.748, 2.327
1.544, 5.619, 2.029
1.153, 3.496, 1.653
3.456, 4.502, 3.183
1.317, 13.529, 2.036
0.557, 1.967, 0.583
0.376, 0.424, 0.207
0.49, 1.424, 0.432
1.868, 12.694, 4.157
1.484, 13.403, 3.814
2.621, 13.372, 5.374
2.061, 10.671, 3.193
0.427, 0.465, 0.206
2.1, 11.501, 3.333
0.413, 0.423, 0.187
1.787, 12.248, 2.745
2.144, 8.91, 2.804
2.661, 8.91, 3.793
2.344, 3.48, 1.816
1.688, 12.248, 2.801
1.731, 12.248, 2.846
1.785, 8.01, 2.529
2.534, 7.991, 3.405
0.36, 0.526, 0.259
1.409, 4.992, 1.924
2.075, 11.285, 4.118
2.639, 11.285, 4.904
1.57, 12.248, 2.834
1.392, 6.358, 2.174
2.414, 6.351, 2.895
0.252, 0.381, 0.165
0.451, 1.185, 0.47
2.049, 12.22, 4.524
2.696, 12.22, 5.374
2.285, 11.89, 3.246
3.192, 11.825, 4.967
1.765, 10.424, 2.76
1.988, 10.354, 3.07
2.59, 10.343, 3.487
3.41, 10.343, 4.384
1.671, 12.146, 2.779
3.243, 12.097, 5.072
1.091, 8.073, 1.87
1.168, 8.028, 2.087
1.504, 8.018, 2.415
2.007, 8.018, 3.094
1.152, 13.175, 1.72
1.177, 4.913, 1.597
1.334, 4.913, 2.072
1.369, 2.883, 1.514
1.126, 13.175, 1.689
1.124, 13.175, 1.692
0.943, 4.173, 1.232
1.214, 4.173, 1.745
0.945, 1.551, 0.753
1.132, 13.175, 1.716
2.286, 13.064, 4.461
4.08, 13.064, 6.15
0.659, 1.488, 0.524
0.776, 1.488, 0.687
0.646, 1.773, 0.59
0.794, 1.773, 0.797
0.579, 3.225, 0.739
0.643, 3.225, 0.837
0.675, 3.225, 0.908
0.417, 0.817, 0.323
0.465, 0.779, 0.394
0.463, 1.138, 0.349
0.65, 1.138, 0.513
1.205, 9.278, 1.935
1.345, 9.278, 2.118
1.724, 9.278, 2.632
2.918, 9.278, 4.323
0.668, 1.213, 0.588
0.993, 1.984, 0.874
0.685, 2.481, 0.712
0.874, 1.999, 0.787
0.613, 2.481, 0.764
0.219, 0.185, 0.077
1.473, 7.411, 1.836
1.495, 6.677, 1.621
2.889, 6.67, 2.693
0.977, 2.338, 0.835
1.181, 2.338, 1.074
1.009, 2.082, 0.887
1.296, 7.411, 2.385
0.194, 0.201, 0.078
0.99, 8.241, 1.546
0.844, 2.815, 0.828
0.778, 1.169, 0.485
0.934, 2.815, 1.033
0.947, 2.695, 1.242
0.988, 2.717, 1.108
1.28, 8.241, 2.657
0.192, 0.201, 0.079
1.317, 12.609, 1.838
1.297, 12.609, 1.832
1.514, 12.598, 2.181
1.849, 12.575, 2.861
3.309, 12.575, 5.375
1.231, 4.023, 1.391
1.694, 4.023, 1.791
1.154, 3.735, 1.566
1.248, 7.11, 1.682
2.26, 7.087, 2.892
0.932, 5.402, 1.308
1.961, 5.387, 2.271
0.602, 1.895, 0.661
0.773, 1.895, 0.856
0.625, 1.791, 0.728
0.841, 2.37, 0.811
1.011, 2.167, 0.882
0.696, 2.37, 0.723
0.931, 2.343, 0.916
0.671, 2.028, 0.739
0.81, 2.028, 0.916
0.666, 1.973, 0.809
2.059, 7.948, 2.791
2.459, 7.948, 3.266
0.717, 1.552, 0.61
0.69, 1.552, 0.584
0.906, 3.611, 0.877
1.748, 3.523, 1.472
0.679, 1.672, 0.558
0.827, 1.409, 0.561
0.624, 1.672, 0.671
2.082, 9.524, 2.967
1.371, 9.524, 2.351
1.609, 9.518, 2.714
1.718, 9.518, 3.224
0.658, 1.293, 0.578
1.807, 6.08, 2.464
1.376, 5.217, 2.228
1.11, 5.617, 1.88
1.373, 5.617, 2.433
1.109, 5.617, 1.881
1.373, 5.617, 2.433
1.108, 5.618, 1.881
1.373, 5.618, 2.434
1.092, 5.632, 1.894
1.349, 5.632, 2.454
1.091, 5.632, 1.895
1.349, 5.632, 2.454
1.104, 5.618, 1.882
1.372, 5.618, 2.434
1.104, 5.618, 1.883
1.372, 5.618, 2.434
1.088, 5.632, 1.895
1.349, 5.632, 2.455
1.261, 5.09, 1.365
1.307, 5.09, 1.475
1.429, 5.09, 1.544
0.971, 2.453, 0.9
0.692, 1.962, 0.828
0.888, 1.962, 1.099
1.432, 6.757, 1.773
1.37, 6.757, 1.994
1.748, 6.753, 2.347
2.515, 6.703, 3.097
0.871, 2.937, 0.836
0.878, 2.937, 0.908
1.024, 2.937, 0.981
1.025, 2.847, 0.996
0.818, 2.847, 1.223
1.094, 2.847, 1.638
1.281, 7.726, 1.917
1.357, 7.726, 2.154
1.799, 7.705, 2.551
2.496, 7.673, 3.584
2.044, 5.556, 2.37
2.002, 5.556, 2.528
1.371, 6.386, 2.155
1.593, 6.386, 2.756
1.358, 6.387, 2.152
1.592, 6.387, 2.756
1.392, 3.315, 1.282
1.317, 3.315, 1.401
1.544, 3.315, 1.575
1.181, 3.255, 1.134
1.064, 3.255, 1.181
1.171, 3.249, 1.322
0.903, 3.41, 0.954
0.82, 3.41, 0.968
0.979, 3.374, 1.116
0.6, 1.278, 0.572
0.785, 2.312, 0.813
0.699, 2.312, 0.808
0.833, 2.284, 0.922
0.664, 2.251, 0.958
1.498, 6.405, 2.1
1.69, 6.405, 2.707
1.431, 6.395, 2.091
1.669, 6.395, 2.715
1.384, 5.112, 1.734
1.339, 5.112, 1.933
1.195, 4.957, 1.793
0.246, 0.117, 0.061
0.818, 2.811, 0.841
0.779, 2.811, 0.876
0.888, 2.784, 0.961
1.034, 2.753, 1.589
0.673, 2.227, 0.835
1.346, 4.771, 1.489
1.38, 4.771, 1.788
2.601, 4.649, 2.327
1.29, 3.72, 1.206
1.25, 3.72, 1.365
1.507, 3.681, 1.575
0.395, 0.553, 0.249
1.047, 3.585, 1.101
1.028, 3.585, 1.242
1.336, 3.555, 1.469
0.392, 0.584, 0.257
1.311, 4.657, 1.238
1.339, 4.657, 1.374
1.663, 4.639, 1.522
1.101, 2.286, 0.927
0.919, 1.483, 0.754
1.104, 4.98, 1.42
1.113, 4.98, 1.679
1.797, 4.961, 2.271
1.291, 12.431, 1.982
0.467, 1.18, 0.572
0.31, 0.518, 0.242
1.388, 4.297, 1.311
0.693, 1.038, 0.457
1.136, 2.398, 0.875
1.025, 2.398, 1.053
1.416, 12.431, 2.283
1.15, 3.394, 1.365
0.889, 6.4, 1.281
0.745, 6.4, 1.481
0.344, 1.161, 0.361
0.175, 0.368, 0.15
0.345, 0.802, 0.34
0.981, 2.512, 0.857
0.971, 1.654, 0.763
1.888, 12.431, 2.954
1.837, 11.953, 3.439
3.711, 11.952, 5.616
0.75, 1.52, 0.655
2.042, 12.431, 2.876
1.717, 12.431, 3.002
4.149, 12.36, 5.65
0.918, 2.455, 0.89
0.825, 2.32, 0.884
1.758, 1.498, 1.059
3.558, 7.503, 2.742
1.188, 3.003, 1.114
0.969, 2.992, 1.42
3.794, 23.488, 4.495
0.624, 1.201, 0.614
3.837, 6.551, 2.76
2.009, 4.396, 1.864
2.137, 5.749, 1.849
1.556, 3.141, 1.177
2.521, 4.402, 1.719
6.727, 8.99, 2.948
7.811, 5.864, 2.5
0.841, 10.996, 1.705
0.355, 0.299, 0.144
0.859, 1.25, 0.529
0.463, 1.252, 0.414
0.372, 0.897, 0.386
0.601, 1.252, 0.511
0.78, 1.252, 0.632
1.753, 10.907, 3.548
0.573, 0.962, 0.454
0.474, 0.911, 0.332
0.509, 0.796, 0.34
0.466, 0.888, 0.348
0.353, 0.27, 0.155
1.321, 9.127, 1.852
0.838, 0.914, 0.379
1.002, 3.526, 1.131
0.881, 3.526, 1.075
0.527, 1.287, 0.375
0.618, 1.287, 0.512
0.447, 0.748, 0.318
0.818, 4.995, 1.154
0.317, 0.511, 0.256
0.193, 0.26, 0.121
0.647, 2.014, 0.969
0.982, 2.525, 1.177
0.524, 0.68, 0.351
0.443, 0.736, 0.288
0.52, 0.876, 0.365
1.335, 3.985, 1.913
1.187, 3.265, 1.331
1.363, 16.991, 2.465
1.206, 3.95, 1.352
1.373, 3.95, 1.816
0.466, 0.966, 0.364
1.267, 6.483, 1.769
0.987, 4.211, 1.191
0.289, 0.406, 0.172
0.763, 1.032, 0.428
1.698, 5.518, 1.755
1.503, 5.518, 1.795
0.941, 1.607, 0.807
0.971, 1.574, 0.61
0.93, 1.178, 0.482
1.094, 4.497, 1.394
0.977, 4.497, 1.234
0.555, 0.855, 0.329
0.576, 0.708, 0.409
1.257, 1.802, 0.716
0.852, 3.263, 0.879
0.825, 3.263, 1.064
1.473, 3.221, 1.664
2.042, 8.631, 3.108
1.642, 7.342, 3.249
2.553, 8.631, 3.596
3.434, 8.631, 4.001
1.898, 9.624, 2.659
1.299, 4.886, 1.568
0.889, 1.493, 0.75
1.207, 6.355, 1.668
0.541, 1.134, 0.412
0.75, 1.094, 0.574
1.09, 6.771, 1.759
0.54, 0.955, 0.352
0.685, 0.915, 0.506
2.252, 14.065, 4.115
0.761, 1.898, 0.784
1.13, 4.535, 1.524
0.989, 2.507, 1.136
0.807, 2.675, 0.747
0.768, 2.675, 0.856
1.288, 2.632, 1.336
1.166, 6.771, 1.748
0.573, 0.965, 0.36
0.71, 0.924, 0.526
1.074, 6.772, 1.761
0.53, 0.921, 0.347
0.677, 0.88, 0.498
1.529, 7.495, 2.122
1.094, 4.082, 1.365
1.775, 3.995, 2.117
1.214, 6.771, 1.786
0.753, 2.256, 0.722
0.674, 0.865, 0.496
1.058, 6.772, 1.767
0.528, 0.883, 0.35
0.653, 0.842, 0.478
1.097, 7.45, 2.307
0.395, 0.446, 0.187
0.485, 1.598, 0.385
0.493, 1.598, 0.39
0.68, 0.653, 0.294
0.539, 1.015, 0.46
0.798, 1.598, 0.645
0.786, 1.57, 0.671
0.448, 0.487, 0.252
0.327, 0.335, 0.145
0.363, 0.274, 0.119
0.306, 0.335, 0.154
0.342, 0.274, 0.129
0.334, 0.305, 0.144
0.314, 0.422, 0.211
0.719, 1.995, 0.828
0.561, 0.873, 0.308
0.577, 0.873, 0.333
0.636, 0.833, 0.465
1.525, 15.844, 3.466
1.712, 7.757, 3.442
1.508, 15.844, 3.764
2.037, 15.844, 4.91
0.26, 0.443, 0.166
0.929, 1.735, 0.757
1.597, 14.27, 3.839
0.479, 0.865, 0.337
0.622, 0.825, 0.454
1.618, 4.691, 1.984
1.784, 13.149, 3.707
1.21, 2.778, 1.181
1.463, 16.061, 3.373
0.989, 4.058, 1.779
1.581, 16.048, 3.93
2.305, 16.006, 5.22
0.553, 0.739, 0.392
0.723, 2.045, 0.831
1.909, 11.343, 3.122
1.184, 4.704, 1.564
1.987, 4.592, 2.462
2.08, 14.849, 3.787
2.49, 14.849, 5.14
4.645, 14.849, 7.01
1.867, 7.364, 2.584
2.31, 7.364, 3.015
1.268, 4.317, 1.403
0.867, 3.173, 1.037
0.493, 0.879, 0.448
0.966, 4.317, 1.201
0.603, 1.6, 0.526
0.482, 0.851, 0.433
1.395, 12.244, 3.055
0.925, 3.943, 1.288
1.685, 3.894, 2.05
2.511, 13.007, 3.994
0.613, 1.126, 0.54
1.792, 16.991, 3.131
1.644, 7.398, 2.406
1.64, 7.398, 2.613
1.83, 16.991, 3.385
1.751, 12.487, 3.071
0.856, 1.636, 0.563
0.759, 1.2, 0.601
2.253, 6.614, 2.609
2.584, 6.479, 2.818
1.813, 16.964, 4.43
0.653, 2.082, 0.875
3.021, 16.961, 6.212
3.996, 16.961, 7.329
2.769, 7.652, 3.093
0.451, 0.371, 0.195
1.093, 11.144, 1.842
0.411, 0.601, 0.287
0.778, 3.052, 0.863
0.707, 3.052, 0.84
0.71, 2.991, 0.851
0.438, 0.869, 0.301
1.305, 3.913, 1.554
0.958, 3.913, 1.427
1.16, 3.913, 1.904
0.554, 0.636, 0.319
4.994, 27.137, 6.076
1.163, 1.929, 0.965
2.515, 9.093, 4.461
4.599, 21.601, 7.092
5.259, 6.756, 3.402
6.01, 27.137, 6.621
6.92, 12.627, 6.321
2.231, 2.741, 1.517
4.956, 24.707, 5.31
5.604, 24.707, 5.431
5.488, 24.707, 5.72
6.181, 24.707, 7.47
2.672, 5.931, 2.567
3.539, 5.003, 2.298
10.785, 26.848, 10.808
17.198, 23.362, 9.998
2.075, 4.407, 2.341
2.115, 27.548, 4.154
1.822, 6.997, 2.473
1.273, 2.062, 1.034
2.401, 4.188, 1.814
0.483, 0.86, 0.405
0.475, 0.861, 0.406
1.064, 4.962, 1.579
0.238, 0.15, 0.085
0.69, 2.811, 0.746
0.493, 0.781, 0.376
1.04, 2.558, 1.216
2.947, 16.09, 4.467
0.632, 1.213, 0.543
6.151, 15.655, 7.298
2.996, 16.123, 4.505
0.724, 1.306, 0.629
6.136, 15.689, 7.31
2.648, 16.155, 4.518
0.592, 1.047, 0.483
6.124, 15.721, 7.322
1.339, 5.243, 2.023
0.606, 1.635, 0.734
2.25, 12.433, 3.3
1.415, 3.453, 1.35
1.531, 3.453, 1.548
0.504, 0.825, 0.458
1.398, 15.02, 2.237
0.306, 0.189, 0.082
1.286, 6.631, 1.628
1.285, 5.069, 1.783
1.868, 5.069, 2.288
1.303, 4.888, 1.608
1.624, 4.888, 1.756
1.468, 4.888, 1.851
1.714, 6.587, 2.544
2.833, 6.552, 3.006
1.812, 5.478, 1.942
2.54, 5.445, 2.275
1.186, 4.339, 1.409
1.359, 4.326, 1.51
2.191, 4.134, 2.068
0.243, 0.274, 0.154
1.406, 4.269, 1.776
1.248, 5.349, 1.662
1.477, 5.331, 1.904
0.363, 0.703, 0.271
3.726, 24.412, 4.723
10.21, 22.13, 8.415
2.052, 17.275, 4.193
0.431, 1.332, 0.381
0.492, 1.307, 0.459
0.731, 3.172, 0.856
0.468, 2.193, 0.612
0.569, 2.154, 0.758
5.339, 16.149, 5.233
5.754, 9.686, 4.43
6.191, 15.709, 5.382
8.088, 15.709, 7.972
3.44, 14.316, 3.97
1.065, 3.14, 1.464
3.62, 14.316, 4.137
2.804, 9.334, 3.352
2.766, 9.334, 4.461
4.005, 14.316, 4.419
3.366, 14.316, 4.365
4.271, 14.238, 4.891
6.021, 10.243, 4.266
2.514, 14.316, 4.324
2.877, 7.71, 3.425
7.484, 11.12, 4.156
4.68, 10.208, 5.334
1.759, 19.633, 2.877
1.222, 2.546, 1.339
0.799, 2.496, 0.95
2.313, 10.326, 3.078
1.632, 3.205, 1.304
1.04, 3.562, 1.079
0.567, 0.942, 0.396
0.947, 4.427, 1.368
0.363, 0.752, 0.316
2.275, 9.777, 2.92
1.605, 5.658, 2.256
1.627, 8.79, 3.236
1.257, 3.262, 1.174
0.773, 1.541, 0.566
1.355, 3.049, 1.267
0.641, 1.123, 0.433
2.026, 8.655, 2.756
2.081, 8.652, 3.717
1.248, 16.487, 2.919
0.284, 0.511, 0.258
0.312, 0.317, 0.148
0.64, 1.142, 0.533
0.457, 0.554, 0.254
0.332, 0.717, 0.225
0.273, 0.393, 0.161
0.668, 1.602, 0.522
0.429, 0.69, 0.297
0.485, 1.325, 0.465
0.952, 3.02, 0.926
0.596, 0.889, 0.352
1.674, 13.387, 3.406
0.701, 2.045, 0.873
1.959, 13.362, 3.766
2.083, 13.362, 3.892
2.15, 13.362, 4.046
2.015, 13.354, 3.859
2.521, 13.354, 4.32
1.966, 10.363, 3.323
2.712, 10.332, 4.412
3.551, 12.564, 6.148
2.199, 21.499, 4.436
0.439, 0.694, 0.347
0.889, 3.641, 1.457
2.12, 13.275, 4.282
3.588, 13.25, 6.506
2.202, 11.229, 3.093
3.746, 11.229, 5.141
1.711, 3.564, 1.5
1.383, 15.382, 2.602
0.313, 0.511, 0.256
0.191, 0.257, 0.12
0.645, 2.008, 0.966
0.981, 2.522, 1.177
0.522, 0.67, 0.348
0.443, 0.736, 0.288
0.518, 0.876, 0.363
1.332, 3.972, 1.906
0.984, 4.886, 1.399
0.469, 0.517, 0.215
1.229, 7.455, 2.117
0.766, 2.726, 0.971
0.234, 0.263, 0.132
1.582, 6.064, 2.331
0.893, 2.492, 0.969
1.405, 9.516, 2.43
0.54, 1.647, 0.684
1.995, 9.516, 3.222
2.337, 9.516, 3.723
1.553, 15.354, 2.853
3.364, 15.32, 6.751
1.225, 9.441, 1.832
1.214, 5.188, 1.632
2.068, 5.143, 2.223
1.224, 9.436, 2.012
1.751, 9.373, 3.227
3.121, 9.37, 4.383
0.875, 1.995, 0.627
0.903, 1.995, 0.694
1.126, 1.969, 0.836
2.23, 7.954, 3.162
2.872, 12.616, 5.538
0.611, 1.365, 0.559
1.09, 3.181, 1.055
1.06, 3.181, 1.184
1.255, 3.175, 1.264
1.424, 3.09, 1.331
1.24, 3.04, 1.747
1.518, 11.413, 3.196
0.414, 0.625, 0.289
0.733, 2.906, 0.9
0.618, 2.906, 0.976
0.288, 0.415, 0.209
2.043, 12.559, 3.668
2.248, 12.559, 4.016
3.413, 12.557, 5.334
1.924, 11.779, 4.046
3.405, 11.779, 5.679
2.033, 9.793, 3.533
2.615, 9.793, 4.149
1.995, 12.638, 3.929
2.157, 12.638, 4.192
3.282, 12.638, 5.421
1.98, 12.625, 4.363
3.416, 12.625, 6.204
2.039, 11.246, 4.127
2.706, 11.246, 4.858
1.182, 3.001, 1.128
0.963, 2.99, 1.421
1.026, 3.506, 1.22
0.299, 0.482, 0.242
1.048, 3.26, 1.552
0.885, 2.638, 0.962
0.941, 2.638, 1.109
1.696, 15.884, 3.451
0.499, 0.881, 0.415
0.572, 0.86, 0.341
0.542, 0.58, 0.318
1.599, 15.884, 3.564
2.378, 14.783, 4.978
3.338, 14.783, 6.478
2.437, 13.133, 5.303
1.264, 15.884, 2.857
1.279, 15.884, 2.958
2.373, 15.884, 5.498
3.59, 15.884, 6.925
0.764, 2.655, 0.746
0.806, 2.655, 0.775
0.71, 2.107, 0.674
0.671, 2.107, 0.704
0.312, 0.693, 0.269
0.517, 0.52, 0.368
4.968, 11.272, 5.836
1.056, 11.33, 1.754
1.216, 4.042, 1.735
0.58, 1.481, 0.499
0.405, 0.774, 0.365
0.597, 1.57, 0.502
0.688, 1.57, 0.596
1.214, 11.325, 2.227
0.626, 1.512, 0.619
0.959, 7.17, 1.699
1.001, 7.17, 1.783
1.128, 7.17, 1.924
1.236, 7.17, 2.114
0.43, 0.717, 0.262
0.443, 0.717, 0.288
2.136, 11.32, 3.653
2.38, 11.32, 4.156
3.828, 11.265, 5.279
1.853, 3.24, 1.621
1.185, 8.175, 1.823
0.437, 0.474, 0.228
1.44, 6.521, 1.841
1.311, 0.933, 0.47
1.898, 7.285, 2.909
0.247, 0.222, 0.112
0.828, 3.043, 1.009
0.246, 0.131, 0.048
0.755, 2.716, 0.894
0.677, 2.716, 0.901
0.96, 4.623, 1.335
1.06, 4.623, 1.472
1.359, 4.623, 1.764
0.931, 21.518, 1.963
0.312, 0.488, 0.25
0.303, 0.617, 0.224
0.322, 0.573, 0.26
0.272, 0.454, 0.238
0.605, 5.336, 0.971
0.421, 1.238, 0.37
0.331, 0.868, 0.301
0.382, 0.868, 0.341
0.218, 0.376, 0.192
0.491, 0.905, 0.345
0.425, 1.079, 0.421
0.572, 3.888, 0.923
0.35, 2.162, 0.701
0.479, 2.154, 0.851
0.845, 2.154, 1.186
0.56, 2.473, 0.778
0.694, 2.44, 0.91
1.038, 2.44, 1.13
0.549, 3.111, 0.93
0.712, 3.106, 1.06
1.009, 3.088, 1.464
0.575, 3.148, 0.933
0.72, 3.143, 1.07
1.018, 3.126, 1.482
0.577, 3.184, 0.943
0.723, 3.179, 1.082
1.027, 3.162, 1.5
0.579, 3.22, 0.953
0.727, 3.214, 1.093
1.035, 3.197, 1.517
0.37, 0.951, 0.29
0.384, 0.907, 0.341
0.147, 0.133, 0.069
1.054, 10.248, 2.111
0.612, 3.414, 0.762
0.594, 3.414, 0.827
0.392, 1.127, 0.385
0.205, 0.326, 0.116
1.417, 3.225, 1.778
1.008, 7.12, 1.678
0.611, 4.683, 0.926
0.754, 4.683, 1.343
0.928, 4.683, 1.564
0.222, 0.388, 0.199
0.522, 0.905, 0.343
0.425, 1.078, 0.421
0.669, 3.742, 0.909
0.352, 2.066, 0.665
0.478, 2.057, 0.805
0.826, 2.057, 1.121
0.559, 2.482, 0.781
0.695, 2.449, 0.913
1.04, 2.449, 1.134
0.676, 2.99, 0.889
0.886, 2.988, 0.97
1.228, 2.981, 1.281
0.688, 2.871, 0.846
0.875, 2.869, 0.929
1.198, 2.862, 1.225
1.16, 7.775, 2.353
1.655, 7.604, 3.025
0.34, 0.355, 0.201
1.631, 10.112, 2.944
0.553, 0.69, 0.276
3.546, 15.464, 6.759
0.659, 4.241, 1.054
0.728, 4.241, 1.236
0.66, 4.241, 1.385
0.744, 4.89, 1.163
0.479, 1.932, 0.528
0.511, 1.856, 0.606
0.907, 6.221, 1.626
0.743, 6.221, 1.4
0.791, 6.221, 1.527
0.528, 1.651, 0.574
0.205, 0.326, 0.116
2.36, 6.011, 3.389
0.931, 6.544, 1.558
0.543, 1.401, 0.433
0.247, 0.041, 0.02
2.276, 9.66, 3.713
0.447, 0.538, 0.254
0.412, 0.938, 0.37
0.504, 0.71, 0.359
3.698, 11.859, 5.627
0.696, 5.096, 1.123
0.615, 5.096, 1.004
0.768, 5.096, 1.472
0.955, 5.096, 1.716
0.224, 0.397, 0.204
0.521, 0.905, 0.343
0.424, 1.078, 0.42
0.585, 3.591, 0.864
0.288, 1.68, 0.543
0.387, 1.678, 0.659
0.669, 1.678, 0.92
0.556, 2.461, 0.775
0.691, 2.428, 0.906
1.034, 2.428, 1.125
0.656, 2.767, 0.831
0.859, 2.765, 0.901
1.173, 2.758, 1.176
1.083, 7.447, 1.702
0.803, 7.447, 1.597
0.601, 3.84, 1.115
0.753, 3.84, 1.295
0.224, 0.394, 0.202
0.49, 0.906, 0.345
0.424, 1.077, 0.42
0.767, 7.84, 1.651
0.286, 1.613, 0.52
0.383, 1.61, 0.63
0.659, 1.61, 0.873
0.552, 2.426, 0.766
0.686, 2.393, 0.894
1.025, 2.393, 1.11
1.47, 4.163, 1.482
1.114, 3.281, 1.533
0.691, 5.561, 1.112
0.279, 1.554, 0.5
0.373, 1.551, 0.606
0.64, 1.551, 0.839
0.546, 2.381, 0.753
0.678, 2.348, 0.879
1.013, 2.348, 1.09
0.655, 2.674, 0.806
0.851, 2.673, 0.874
1.15, 2.666, 1.133
1.793, 4.831, 2.784
4.572, 13.062, 6.02
0.846, 6.865, 1.497
0.657, 4.2, 1.006
0.568, 3.263, 0.942
0.698, 3.263, 1.092
0.223, 0.392, 0.201
0.49, 0.905, 0.345
0.424, 1.076, 0.419
1.129, 12.683, 2.352
0.269, 1.504, 0.484
0.358, 1.502, 0.588
0.61, 1.502, 0.82
0.542, 2.352, 0.745
0.674, 2.319, 0.87
1.006, 2.319, 1.077
1.722, 12.667, 3.408
2.146, 12.651, 3.765
3.025, 12.637, 4.58
4.407, 12.637, 5.94
0.918, 15.517, 1.73
0.296, 0.338, 0.159
0.445, 0.856, 0.412
0.446, 0.858, 0.412
0.666, 0.931, 0.475
1.399, 14.088, 2.902
1.682, 14.043, 3.818
0.837, 2.603, 1.086
3.056, 14.043, 6.218
1.011, 2.493, 0.91
1.096, 2.493, 1.042
0.935, 1.495, 0.818
1.646, 15.478, 3.9
3.445, 15.434, 6.785
0.641, 1.366, 0.502
0.693, 1.366, 0.581
0.725, 1.366, 0.648
1.516, 9.037, 2.307
3.11, 8.994, 3.548
0.647, 2.071, 0.676
0.695, 2.071, 0.788
0.868, 2.071, 0.946
1.437, 10.648, 2.65
1.057, 8.958, 2.005
0.496, 0.741, 0.285
1.201, 2.937, 1.197
2.209, 8.905, 3.846
0.56, 1.871, 0.535
0.56, 1.867, 0.781
0.618, 1.152, 0.443
0.719, 1.152, 0.473
0.362, 0.824, 0.287
0.239, 0.244, 0.127
0.543, 0.952, 0.364
1.192, 5.009, 1.274
1.009, 4.98, 1.504
1.462, 4.98, 1.847
0.466, 0.902, 0.475
0.473, 1.015, 0.335
0.35, 0.404, 0.186
0.344, 0.631, 0.226
0.25, 0.254, 0.136
0.405, 1.006, 0.275
0.349, 0.857, 0.248
0.35, 0.857, 0.272
0.217, 0.314, 0.157
0.371, 0.499, 0.279
0.242, 0.236, 0.119
0.504, 1.575, 0.499
0.608, 1.575, 0.606
0.679, 1.397, 0.67
0.432, 1.269, 0.418
0.5, 1.269, 0.464
0.574, 1.269, 0.563
0.681, 2.851, 0.727
0.769, 1.862, 0.709
0.792, 1.694, 0.813
0.586, 2.847, 0.716
0.643, 2.847, 0.756
0.704, 2.847, 0.808
0.78, 2.847, 0.933
0.958, 2.847, 1.323
1.661, 10.779, 2.461
1.185, 7.46, 1.717
0.528, 0.74, 0.28
1.449, 7.46, 2.103
1.463, 7.46, 2.262
0.432, 0.659, 0.276
0.577, 1.08, 0.541
0.782, 1.47, 0.609
0.907, 2.823, 0.922
0.853, 2.803, 1.009
0.83, 2.803, 1.21
0.401, 1.142, 0.342
0.334, 1.057, 0.3
0.369, 1.057, 0.366
0.497, 1.057, 0.451
0.696, 1.764, 0.582
0.576, 1.948, 0.601
0.531, 1.892, 0.826
1.462, 3.183, 1.164
0.973, 2.213, 0.905
0.589, 3.337, 0.734
0.394, 0.901, 0.287
0.36, 0.857, 0.274
0.214, 0.314, 0.158
0.37, 0.499, 0.278
0.241, 0.236, 0.119
0.648, 3.063, 0.777
0.856, 3.063, 1.022
1.214, 3.063, 1.408
0.427, 1.256, 0.414
0.496, 1.256, 0.46
0.569, 1.256, 0.558
0.64, 2.579, 0.658
0.701, 1.735, 0.626
0.703, 1.368, 0.686
0.563, 2.576, 0.653
0.617, 2.576, 0.688
0.674, 2.576, 0.734
0.74, 2.576, 0.845
0.887, 2.576, 1.191
0.97, 4.082, 1.114
0.841, 4.082, 1.166
0.309, 0.384, 0.176
0.573, 1.075, 0.538
1.317, 13.529, 2.036
0.557, 1.967, 0.583
0.376, 0.424, 0.207
0.49, 1.424, 0.432
1.868, 12.694, 4.157
1.484, 13.403, 3.814
2.621, 13.372, 5.374
2.061, 10.671, 3.193
0.427, 0.465, 0.206
2.1, 11.501, 3.333
0.413, 0.423, 0.187
1.787, 12.248, 2.745
2.144, 8.91, 2.804
2.661, 8.91, 3.793
2.344, 3.48, 1.816
1.688, 12.248, 2.801
1.731, 12.248, 2.846
1.785, 8.01, 2.529
2.534, 7.991, 3.405
0.36, 0.526, 0.259
1.409, 4.992, 1.924
2.075, 11.285, 4.118
2.639, 11.285, 4.904
1.57, 12.248, 2.834
1.392, 6.358, 2.174
2.414, 6.351, 2.895
0.252, 0.381, 0.165
0.451, 1.185, 0.47
2.049, 12.22, 4.524
2.696, 12.22, 5.374
2.285, 11.89, 3.246
3.192, 11.825, 4.967
1.765, 10.424, 2.76
1.988, 10.354, 3.07
2.59, 10.343, 3.487
3.41, 10.343, 4.384
1.671, 12.146, 2.779
3.243, 12.097, 5.072
1.091, 8.073, 1.87
1.168, 8.028, 2.087
1.504, 8.018, 2.415
2.007, 8.018, 3.094
1.152, 13.175, 1.72
1.177, 4.913, 1.597
1.334, 4.913, 2.072
1.369, 2.883, 1.514
1.126, 13.175, 1.689
1.124, 13.175, 1.692
0.943, 4.173, 1.232
1.214, 4.173, 1.745
0.945, 1.551, 0.753
1.132, 13.175, 1.716
2.286, 13.064, 4.461
4.08, 13.064, 6.15
0.659, 1.488, 0.524
0.776, 1.488, 0.687
0.646, 1.773, 0.59
0.794, 1.773, 0.797
0.579, 3.225, 0.739
0.643, 3.225, 0.837
0.675, 3.225, 0.908
0.417, 0.817, 0.323
0.465, 0.779, 0.394
0.463, 1.138, 0.349
0.65, 1.138, 0.513
1.205, 9.278, 1.935
1.345, 9.278, 2.118
1.724, 9.278, 2.632
2.918, 9.278, 4.323
0.668, 1.213, 0.588
0.993, 1.984, 0.874
0.685, 2.481, 0.712
0.874, 1.999, 0.787
0.613, 2.481, 0.764
0.219, 0.185, 0.077
1.473, 7.411, 1.836
1.495, 6.677, 1.621
2.889, 6.67, 2.693
0.977, 2.338, 0.835
1.181, 2.338, 1.074
1.009, 2.082, 0.887
1.296, 7.411, 2.385
0.194, 0.201, 0.078
0.99, 8.241, 1.546
0.844, 2.815, 0.828
0.778, 1.169, 0.485
0.934, 2.815, 1.033
0.947, 2.695, 1.242
0.988, 2.717, 1.108
1.28, 8.241, 2.657
0.192, 0.201, 0.079
1.317, 12.609, 1.838
1.297, 12.609, 1.832
1.514, 12.598, 2.181
1.849, 12.575, 2.861
3.309, 12.575, 5.375
1.231, 4.023, 1.391
1.694, 4.023, 1.791
1.154, 3.735, 1.566
1.248, 7.11, 1.682
2.26, 7.087, 2.892
0.932, 5.402, 1.308
1.961, 5.387, 2.271
0.602, 1.895, 0.661
0.773, 1.895, 0.856
0.625, 1.791, 0.728
0.841, 2.37, 0.811
1.011, 2.167, 0.882
0.696, 2.37, 0.723
0.931, 2.343, 0.916
0.671, 2.028, 0.739
0.81, 2.028, 0.916
0.666, 1.973, 0.809
2.059, 7.948, 2.791
2.459, 7.948, 3.266
0.717, 1.552, 0.61
0.69, 1.552, 0.584
0.906, 3.611, 0.877
1.748, 3.523, 1.472
0.679, 1.672, 0.558
0.827, 1.409, 0.561
0.624, 1.672, 0.671
2.082, 9.524, 2.967
1.371, 9.524, 2.351
1.609, 9.518, 2.714
1.718, 9.518, 3.224
0.658, 1.293, 0.578
1.807, 6.08, 2.464
1.376, 5.217, 2.228
1.11, 5.617, 1.88
1.373, 5.617, 2.433
1.109, 5.617, 1.881
1.373, 5.617, 2.433
1.108, 5.618, 1.881
1.373, 5.618, 2.434
1.092, 5.632, 1.894
1.349, 5.632, 2.454
1.091, 5.632, 1.895
1.349, 5.632, 2.454
1.104, 5.618, 1.882
1.372, 5.618, 2.434
1.104, 5.618, 1.883
1.372, 5.618, 2.434
1.088, 5.632, 1.895
1.349, 5.632, 2.455
1.261, 5.09, 1.365
1.307, 5.09, 1.475
1.429, 5.09, 1.544
0.971, 2.453, 0.9
0.692, 1.962, 0.828
0.888, 1.962, 1.099
1.432, 6.757, 1.773
1.37, 6.757, 1.994
1.748, 6.753, 2.347
2.515, 6.703, 3.097
0.871, 2.937, 0.836
0.878, 2.937, 0.908
1.024, 2.937, 0.981
1.025, 2.847, 0.996
0.818, 2.847, 1.223
1.094, 2.847, 1.638
1.281, 7.726, 1.917
1.357, 7.726, 2.154
1.799, 7.705, 2.551
2.496, 7.673, 3.584
2.044, 5.556, 2.37
2.002, 5.556, 2.528
1.371, 6.386, 2.155
1.593, 6.386, 2.756
1.358, 6.387, 2.152
1.592, 6.387, 2.756
1.392, 3.315, 1.282
1.317, 3.315, 1.401
1.544, 3.315, 1.575
1.181, 3.255, 1.134
1.064, 3.255, 1.181
1.171, 3.249, 1.322
0.903, 3.41, 0.954
0.82, 3.41, 0.968
0.979, 3.374, 1.116
0.6, 1.278, 0.572
0.785, 2.312, 0.813
0.699, 2.312, 0.808
0.833, 2.284, 0.922
0.664, 2.251, 0.958
1.498, 6.405, 2.1
1.69, 6.405, 2.707
1.431, 6.395, 2.091
1.669, 6.395, 2.715
1.384, 5.112, 1.734
1.339, 5.112, 1.933
1.195, 4.957, 1.793
0.246, 0.117, 0.061
0.818, 2.811, 0.841
0.779, 2.811, 0.876
0.888, 2.784, 0.961
1.034, 2.753, 1.589
0.673, 2.227, 0.835
1.346, 4.771, 1.489
1.38, 4.771, 1.788
2.601, 4.649, 2.327
1.29, 3.72, 1.206
1.25, 3.72, 1.365
1.507, 3.681, 1.575
0.395, 0.553, 0.249
1.047, 3.585, 1.101
1.028, 3.585, 1.242
1.336, 3.555, 1.469
0.392, 0.584, 0.257
1.311, 4.657, 1.238
1.339, 4.657, 1.374
1.663, 4.639, 1.522
1.101, 2.286, 0.927
0.919, 1.483, 0.754
1.104, 4.98, 1.42
1.113, 4.98, 1.679
1.797, 4.961, 2.271
1.575, 27.539, 4.898
0.282, 0.389, 0.196
0.9, 6.701, 1.611
0.37, 1.238, 0.399
0.486, 1.238, 0.573
0.162, 0.108, 0.044
0.702, 1.394, 0.484
0.84, 1.353, 0.574
1.374, 10.31, 1.961
0.491, 0.636, 0.268
1.169, 2.41, 1.013
0.992, 2.665, 0.935
0.966, 1.593, 0.803
1.474, 10.31, 2.144
1.993, 10.31, 3.51
2.829, 10.31, 4.361
1.422, 9.165, 1.866
1.626, 5.905, 1.637
1.656, 5.769, 2.27
1.36, 5.38, 2.077
1.016, 3.713, 1.084
1.101, 3.713, 1.272
0.56, 1.396, 0.529
2.407, 9.038, 3.416
1.222, 20.542, 2.153
0.36, 0.631, 0.33
0.397, 1.031, 0.315
0.3, 0.453, 0.204
0.276, 0.398, 0.2
0.939, 2.411, 0.986
0.338, 0.463, 0.213
0.836, 1.76, 0.605
0.691, 1.76, 0.691
0.465, 0.747, 0.378
0.563, 1.228, 0.52
0.411, 1.052, 0.498
0.916, 3.553, 0.983
0.641, 1.677, 0.566
0.789, 1.677, 0.652
2.401, 8.924, 3.773
0.75, 2.716, 0.848
0.642, 2.716, 0.913
0.846, 2.716, 1.145
1.935, 6.253, 2.637
0.921, 2.774, 0.856
0.596, 1.28, 0.446
0.634, 1.28, 0.472
1.027, 7.829, 1.539
0.965, 7.829, 1.601
0.776, 4.42, 1.3
0.964, 4.42, 1.504
0.255, 0.479, 0.249
0.532, 0.908, 0.346
0.431, 1.083, 0.421
1.855, 7.768, 2.631
1.346, 3.082, 1.313
0.828, 2.456, 0.786
0.815, 1.832, 0.675
0.902, 1.832, 0.8
1.047, 7.788, 2.034
0.38, 2.422, 0.786
0.521, 2.414, 0.956
0.92, 2.414, 1.345
0.517, 1.801, 0.699
0.651, 1.754, 0.81
0.971, 1.754, 0.991
1.086, 6.62, 1.981
1.49, 6.517, 2.547
0.387, 0.645, 0.354
1.095, 6.033, 1.71
0.379, 1.285, 0.412
0.481, 1.285, 0.482
0.929, 3.499, 1.49
0.477, 1.836, 0.588
0.413, 1.836, 0.62
0.557, 1.836, 0.775
0.468, 1.646, 0.696
1.739, 12.888, 2.573
1.994, 10.386, 3.224
2.918, 10.386, 4.429
1.64, 4.848, 2.277
1.699, 12.888, 2.518
1.705, 12.888, 2.543
1.216, 12.864, 2.492
1.604, 12.835, 3.609
0.297, 0.346, 0.15
0.617, 2.184, 0.79
0.272, 0.303, 0.143
2.242, 9.682, 2.844
2.281, 9.682, 3.007
1.763, 9.682, 2.668
2.416, 9.682, 3.111
3.484, 9.682, 4.34
1.96, 9.541, 2.447
1.225, 6.839, 1.704
0.764, 2.439, 0.693
0.978, 2.439, 0.747
1.211, 2.439, 1.008
3.927, 9.499, 4.063
1.403, 6.575, 2.153
0.641, 2.835, 0.932
0.833, 2.835, 1.121
0.748, 1.94, 0.826
1.235, 11.505, 2.046
0.544, 1.196, 0.445
0.454, 0.572, 0.237
1.174, 3.224, 1.47
1.276, 6.347, 2.01
0.431, 0.488, 0.182
1.716, 10.44, 3.241
0.469, 0.693, 0.265
1.431, 8.198, 2.506
0.437, 0.814, 0.318
0.969, 2.726, 1.139
0.704, 2.492, 0.859
0.624, 2.484, 0.888
0.175, 0.176, 0.1
1.489, 6.67, 2.101
0.895, 6.631, 1.706
1.083, 6.631, 1.897
0.736, 1.138, 0.488
0.265, 0.125, 0.068
1.43, 11.432, 3.21
0.428, 0.922, 0.377
0.933, 3.397, 1.237
1.001, 3.397, 1.392
0.255, 0.317, 0.159
1.08, 17.201, 2.651
0.395, 0.585, 0.267
0.473, 0.871, 0.407
2.189, 7.496, 3.113
0.353, 0.386, 0.203
0.483, 1.346, 0.403
0.619, 1.344, 0.541
0.666, 1.805, 0.576
0.402, 0.845, 0.27
0.284, 0.289, 0.145
1.471, 10.748, 3.139
0.377, 0.755, 0.282
2.789, 11.765, 5.117
0.423, 1.736, 0.377
0.415, 1.736, 0.413
0.307, 0.583, 0.176
0.33, 0.51, 0.223
1.333, 17.187, 3.628
0.387, 1.766, 0.453
0.421, 1.682, 0.538
0.247, 0.121, 0.047
0.176, 0.179, 0.126
1.592, 17.182, 4.565
0.474, 2.679, 0.861
0.16, 0.125, 0.053
0.176, 0.178, 0.126
1.59, 17.187, 4.566
0.472, 2.679, 0.862
0.156, 0.125, 0.051
0.176, 0.178, 0.126
2.728, 9.99, 4.132
3.983, 9.949, 4.706
0.592, 1.559, 0.574
0.536, 0.646, 0.334
1.145, 13.77, 1.937
0.408, 0.705, 0.286
0.954, 1.649, 0.539
1.979, 3.297, 1.425
2.651, 4.472, 2.259
0.881, 7.599, 1.437
0.444, 0.601, 0.331
0.378, 0.303, 0.151
0.309, 0.358, 0.194
1.742, 7.47, 2.65
2.808, 7.47, 3.289
0.616, 0.829, 0.417
0.534, 1.954, 0.587
0.632, 1.511, 0.626
0.323, 0.859, 0.297
0.182, 0.257, 0.107
1.072, 6.543, 1.518
1.782, 6.52, 2.752
0.696, 2.71, 0.801
0.593, 1.785, 0.581
0.35, 0.578, 0.25
1.244, 1.828, 0.94
1.324, 3.004, 1.233
0.995, 2.994, 1.405
1.682, 13.095, 2.792
1.103, 4.952, 1.502
0.324, 0.271, 0.11
1.266, 8.365, 2.443
0.425, 0.909, 0.364
1.442, 11.286, 3.169
0.572, 1.604, 0.604
1.568, 13.095, 2.603
1.401, 13.095, 2.337
1.073, 4.404, 1.165
1.057, 4.4, 1.134
1.188, 4.299, 1.262
0.739, 1.389, 0.642
1.687, 4.299, 1.626
0.694, 1.988, 0.572
0.578, 1.072, 0.498
0.829, 1.958, 0.721
6.035, 11.223, 5.943
0.928, 12.99, 1.563
0.539, 1.208, 0.562
0.306, 0.498, 0.233
0.771, 2.426, 0.807
1.268, 2.39, 1.157
0.501, 1.211, 0.439
0.526, 1.211, 0.487
0.749, 0.649, 0.459
0.59, 1.985, 0.51
0.467, 1.191, 0.39
0.473, 1.191, 0.389
0.471, 1.186, 0.39
0.492, 1.186, 0.407
0.569, 1.156, 0.6
0.45, 1.276, 0.38
0.273, 0.29, 0.124
0.285, 0.29, 0.159
1.404, 8.95, 2.895
0.668, 0.407, 0.204
0.659, 1.262, 0.565
0.494, 1.195, 0.422
0.452, 1.124, 0.389
0.564, 1.124, 0.471
1.005, 12.344, 1.505
2.338, 6.886, 2.755
0.86, 3.339, 0.811
0.684, 0.878, 0.361
0.666, 2.031, 0.576
0.702, 2.031, 0.632
0.784, 2.03, 0.697
1.091, 2.03, 0.955
1.344, 3.303, 1.406
0.963, 12.344, 1.572
2.139, 4.337, 1.741
0.75, 3.998, 0.768
0.761, 1.24, 0.529
0.624, 1.619, 0.489
0.649, 1.619, 0.525
0.713, 1.618, 0.574
0.936, 1.618, 0.777
1.094, 3.995, 1.471
0.95, 12.344, 1.799
0.871, 1.967, 0.769
0.503, 1.556, 0.444
0.532, 1.556, 0.517
0.637, 1.538, 0.584
1.057, 5.072, 1.666
0.664, 2.608, 1.031
1.185, 12.344, 2.542
1.153, 6.659, 2.051
0.598, 1.748, 0.652
0.528, 1.559, 0.478
0.448, 1.279, 0.395
0.387, 0.518, 0.201
0.313, 0.407, 0.169
0.928, 2.591, 0.993
1.343, 13.941, 2.116
0.754, 2.072, 0.663
0.766, 2.03, 0.729
0.969, 2.03, 0.837
2.065, 6.186, 2.209
1.347, 0.805, 0.403
1.989, 7.452, 2.832
0.719, 1.567, 0.585
0.581, 1.731, 0.597
0.622, 1.946, 0.575
0.553, 1.056, 0.364
0.394, 0.345, 0.161
1.065, 3.27, 1.113
1.408, 3.27, 1.52
1.218, 7.345, 2.05
0.451, 1.05, 0.408
1.481, 9.542, 2.232
1.242, 7.469, 2.125
0.538, 1.384, 0.493
0.511, 0.672, 0.364
2.35, 9.517, 3.299
2.568, 9.517, 3.698
3.404, 9.517, 4.175
1.332, 8.706, 1.995
1.679, 8.706, 2.359
2.095, 8.675, 3.413
2.224, 5.01, 2.643
2.135, 5.628, 3.119
1.382, 4.06, 1.712
0.683, 2.049, 0.733
0.812, 2.049, 0.793
1.025, 2.049, 0.862
1.495, 21.511, 3.422
0.599, 0.65, 0.345
0.868, 3.645, 1.471
0.74, 2.492, 0.747
0.867, 1.299, 0.653
0.531, 0.809, 0.36
1.049, 2.192, 0.886
1.147, 2.161, 1.008
1.788, 10.255, 2.899
3.386, 10.255, 4.701
1.553, 3.567, 1.634
1.35, 14.589, 2.47
0.58, 1.352, 0.502
0.929, 1.078, 0.45
0.704, 1.181, 0.498
0.764, 2.714, 0.813
0.605, 0.889, 0.358
1.574, 14.526, 3.37
0.704, 2.024, 0.87
2.188, 14.486, 4.234
2.57, 14.486, 4.637
1.057, 2.942, 1.231
2.636, 10.266, 3.974
1.383, 10.375, 2.914
0.45, 0.413, 0.166
1.859, 9.411, 3.752
0.492, 0.962, 0.372
1.067, 6.377, 1.779
0.456, 0.51, 0.197
1.691, 7.851, 2.548
2.121, 7.837, 2.841
2.833, 7.827, 3.64
0.752, 13.656, 1.752
0.407, 0.666, 0.266
1.669, 5.108, 1.934
0.706, 1.001, 0.53
0.431, 5.642, 0.776
0.204, 0.28, 0.152
0.214, 0.166, 0.094
0.161, 0.175, 0.096
1.049, 5.594, 1.919
1.851, 5.526, 2.619
0.513, 0.704, 0.355
0.318, 0.98, 0.309
0.273, 0.557, 0.235
0.281, 0.858, 0.282
0.197, 0.318, 0.132
0.39, 1.025, 0.347
0.42, 1.02, 0.427
0.327, 0.946, 0.324
0.311, 0.946, 0.317
0.181, 0.284, 0.123
0.485, 0.633, 0.336
1.915, 10.654, 3.405
0.585, 0.927, 0.445
1.549, 13.15, 2.371
0.67, 1.507, 0.516
0.838, 1.507, 0.652
1.124, 1.507, 0.864
1.689, 13.15, 2.512
1.775, 8.81, 2.438
1.34, 4.822, 1.674
0.429, 0.645, 0.323
1.952, 13.115, 3.51
0.666, 0.93, 0.379
0.715, 0.889, 0.392
0.782, 2.341, 0.755
0.596, 0.86, 0.355
1.201, 8.261, 2.04
1.081, 2.643, 1.111
1.46, 8.203, 2.628
1.765, 8.203, 2.953
2.295, 8.203, 3.439
1.872, 10.716, 2.592
3.326, 9.11, 4.267
1.572, 6.301, 1.869
2.427, 6.301, 2.811
1.095, 5.83, 1.598
1.138, 5.83, 2.133
0.179, 0.165, 0.083
1.828, 10.68, 2.631
1.884, 10.179, 2.45
3.691, 10.179, 4.508
0.885, 1.723, 0.583
0.981, 1.723, 0.832
1.931, 10.659, 2.952
2.002, 10.659, 3.122
2.161, 10.659, 3.318
1.468, 7.11, 2.418
0.275, 0.326, 0.118
5.263, 7.855, 4.368
1.451, 16.251, 2.875
0.384, 0.595, 0.304
0.263, 0.149, 0.074
0.724, 2.72, 0.763
0.843, 1.15, 0.517
0.774, 2.697, 0.961
0.93, 2.697, 1.084
1.19, 2.697, 1.285
3.269, 12.998, 4.985
1.67, 13.123, 2.984
2.344, 12.67, 4.391
4.305, 12.643, 5.888
1.614, 13.123, 2.827
2.375, 11.749, 3.802
0.373, 0.185, 0.106
1.889, 13.103, 4.263
0.303, 0.322, 0.142
0.823, 2.355, 0.852
0.381, 0.277, 0.139
1.22, 5.935, 1.629
1.395, 4.437, 1.806
0.839, 3.371, 0.95
0.438, 0.889, 0.419
1.195, 3.283, 1.182
1.287, 3.118, 1.322
2.389, 10.376, 3.795
0.553, 1.305, 0.597
2.462, 12.658, 4.345
0.328, 0.318, 0.178
0.651, 1.715, 0.545
0.628, 1.715, 0.529
0.578, 0.807, 0.352
0.543, 0.685, 0.382
1.89, 14.547, 3.711
2.46, 14.547, 4.469
2.793, 14.541, 5.073
3.352, 13.412, 5.788
3.178, 14.541, 6.418
2.627, 11.456, 4.448
1.203, 9.12, 2.351
1.313, 9.12, 2.538
0.608, 1.464, 0.499
0.797, 1.464, 0.631
0.836, 6.355, 1.185
2.009, 6.282, 2.952
0.625, 2.676, 0.567
0.641, 2.676, 0.614
0.687, 2.676, 0.63
0.617, 0.809, 0.371
0.799, 1.097, 0.494
0.554, 1.196, 0.42
0.695, 1.173, 0.589
0.446, 1.329, 0.389
0.325, 0.504, 0.198
0.371, 0.493, 0.221
1.49, 4.571, 1.756
1.169, 3.282, 1.316
1.194, 3.187, 1.512
1.496, 9.245, 2.385
1.03, 2.383, 1.079
0.613, 1.387, 0.469
0.791, 1.387, 0.649
1.813, 9.245, 2.932
2.082, 9.245, 3.329
3.344, 9.237, 4.142
3.812, 26.537, 4.732
3.599, 8.666, 3.957
6.138, 25.746, 7.92
3.742, 3.121, 1.747
4.688, 25.482, 5.376
3.234, 11.827, 3.819
2.887, 6.675, 2.421
5.025, 25.482, 5.649
5.146, 25.482, 5.724
5.938, 25.482, 8.091
4.418, 17.971, 7.719
7.726, 23.934, 10.086
4.994, 22.926, 5.01
5.208, 22.926, 5.063
6.2, 13.047, 5.722
5.368, 22.926, 5.534
5.225, 22.926, 5.993
4.469, 13.498, 4.083
5.631, 12.959, 5.068
6.759, 12.707, 5.393
4.785, 9.185, 4.101
5.803, 9.185, 4.527
2.673, 12.851, 3.44
3.759, 12.414, 3.617
4.2, 12.185, 4.241
6.161, 10.678, 5.081
3.743, 12.017, 3.696
3.791, 6.996, 2.79
3.307, 6.179, 3.096
2.185, 12.851, 3.325
2.247, 12.851, 3.386
1.697, 12.493, 3.485
2.865, 12.493, 5.425
1.047, 2.502, 0.945
2.478, 12.846, 3.473
2.62, 12.846, 3.548
5.346, 12.685, 5.403
2.111, 9.853, 2.989
2.83, 9.827, 3.402
3.834, 9.827, 3.817
4.962, 7.944, 3.578
0.503, 1.023, 0.456
7.815, 7.995, 4.015
1.503, 13.114, 2.344
0.426, 0.677, 0.286
1.385, 2.507, 1.109
0.864, 1.974, 0.741
0.643, 0.711, 0.397
1.524, 10.166, 2.201
1.981, 10.166, 3.449
2.811, 10.166, 4.281
1.487, 8.945, 1.967
1.892, 6.746, 2.067
1.781, 6.561, 2.605
1.33, 5.083, 1.968
0.987, 3.714, 1.077
1.036, 3.714, 1.257
0.564, 1.16, 0.431
2.356, 8.849, 3.333
1.82, 24.244, 3.839
0.437, 0.474, 0.228
1.44, 6.521, 1.841
1.311, 0.933, 0.47
1.898, 7.285, 2.909
0.247, 0.222, 0.112
0.828, 3.043, 1.009
0.246, 0.131, 0.048
0.755, 2.716, 0.894
0.677, 2.716, 0.901
4.867, 24.084, 8.135
5.699, 24.084, 8.852
4.244, 17.054, 6.605
1.354, 13.854, 1.99
0.225, 0.075, 0.035
0.781, 0.825, 0.396
0.98, 4.346, 1.056
1.131, 4.346, 1.195
1.251, 2.189, 0.81
1.442, 4.346, 2.031
1.798, 8.731, 2.485
0.872, 2.063, 0.836
2.623, 8.731, 3.195
3.301, 8.731, 3.477
0.786, 1.974, 0.69
0.494, 0.507, 0.263
1.499, 4.329, 1.458
1.765, 8.635, 2.348
1.454, 7.612, 1.897
0.893, 1.851, 0.834
1.123, 1.811, 0.861
2.776, 7.612, 3.44
1.579, 11.561, 2.885
0.918, 4.45, 1.255
1.112, 4.45, 1.565
1.635, 4.45, 1.996
1.189, 3.375, 1.218
0.957, 3.275, 1.414
0.971, 1.751, 0.632
0.773, 1.017, 0.459
0.747, 1.434, 0.53
0.518, 0.528, 0.287
1.005, 2.941, 0.842
0.857, 2.941, 0.782
0.878, 2.941, 0.876
0.464, 0.697, 0.349
0.841, 1.211, 0.652
0.52, 0.549, 0.275
1.428, 13.814, 3.088
2.303, 13.808, 4.41
4.047, 13.808, 6.613
0.637, 1.638, 0.584
0.731, 1.638, 0.652
0.763, 1.638, 0.737
1.145, 3.874, 1.161
1.496, 3.874, 1.402
1.746, 3.874, 1.913
0.873, 3.23, 0.886
0.949, 3.23, 0.932
1.009, 3.23, 0.993
1.069, 3.23, 1.144
1.362, 3.23, 1.489
2.56, 10.757, 3.46
2.68, 10.757, 3.776
0.658, 0.889, 0.397
2.155, 5.102, 2.681
0.721, 18.742, 2.083
0.317, 0.414, 0.208
0.337, 0.979, 0.266
0.329, 0.979, 0.292
0.382, 0.979, 0.351
0.235, 0.487, 0.263
0.3, 0.893, 0.279
0.372, 0.893, 0.354
0.401, 0.852, 0.471
0.649, 3.916, 0.961
0.758, 3.911, 1.333
1.148, 3.865, 1.612
0.451, 0.898, 0.444
0.583, 2.035, 0.663
0.606, 2.027, 0.986
0.492, 1.296, 0.599
1.118, 3.102, 1.356
0.424, 1.619, 0.472
0.634, 1.616, 0.695
0.343, 0.86, 0.397
1.342, 6.449, 2.045
1.085, 6.244, 1.919
1.974, 6.243, 2.706
1.428, 5.986, 1.984
1.721, 5.986, 2.258
0.634, 18.742, 1.688
0.302, 0.454, 0.231
0.344, 0.993, 0.27
0.336, 0.993, 0.297
0.386, 0.993, 0.355
0.239, 0.495, 0.267
0.303, 0.92, 0.284
0.377, 0.92, 0.362
0.41, 0.879, 0.487
0.625, 2.526, 0.771
0.719, 2.518, 1.237
0.524, 1.414, 0.655
0.61, 3.751, 0.92
0.746, 3.746, 1.271
1.121, 3.691, 1.535
0.454, 0.909, 0.448
0.58, 2.066, 0.645
0.341, 0.999, 0.358
0.451, 0.936, 0.521
0.497, 2.264, 0.614
0.614, 2.262, 0.831
0.992, 2.227, 0.966
0.36, 0.78, 0.361
0.434, 1.101, 0.347
0.296, 0.483, 0.197
0.648, 3.211, 0.937
0.915, 3.211, 1.566
0.672, 1.363, 0.704
0.615, 1.604, 0.618
0.454, 1.929, 0.545
0.701, 1.925, 0.816
0.363, 0.937, 0.434
0.632, 4.105, 0.993
0.276, 0.211, 0.087
0.708, 2.241, 0.811
0.477, 0.862, 0.493
0.248, 0.196, 0.085
0.228, 0.046, 0.033
8.212, 13.312, 6.069
9.621, 8.672, 6.132
1.928, 19.767, 3.339
0.297, 0.333, 0.158
0.439, 0.775, 0.282
0.281, 0.4, 0.151
2.573, 10.344, 3.343
1.334, 1.741, 0.873
1.565, 16.408, 3.03
2.63, 16.38, 5.672
3.994, 16.38, 7.079
1.4, 13.743, 2.591
1.406, 13.743, 2.628
2.038, 13.717, 4.446
0.265, 0.338, 0.139
1.311, 13.15, 2.238
1.266, 4.972, 1.865
0.272, 0.427, 0.158
1.315, 13.15, 2.418
2.423, 6.178, 3.438
1.138, 1.82, 0.895
0.545, 1.372, 0.487
0.554, 1.372, 0.529
0.377, 0.694, 0.387
0.915, 3.878, 1.092
0.924, 3.878, 1.168
0.335, 0.716, 0.41
0.924, 2.245, 1.28
3.379, 10.68, 3.108
2.259, 4.975, 1.959
2.326, 7.918, 2.447
1.888, 4.749, 1.842
2.379, 11.879, 3.434
2.957, 11.879, 4.141
3.449, 11.862, 4.956
2.789, 11.543, 4.992
1.243, 2.135, 0.886
1.47, 2.135, 1.124
2.093, 14.62, 4.524
0.491, 0.732, 0.302
1.834, 3.49, 1.771
0.766, 21.53, 2.156
0.279, 0.39, 0.197
0.352, 0.655, 0.247
0.631, 1.82, 0.539
0.753, 1.688, 0.692
0.408, 0.922, 0.296
0.278, 0.468, 0.193
0.53, 1.558, 0.496
0.274, 0.458, 0.189
0.731, 2.455, 0.673
0.539, 0.876, 0.357
0.368, 1.243, 0.447
0.522, 1.766, 0.468
0.372, 0.594, 0.216
0.601, 1.765, 0.587
0.297, 0.466, 0.185
0.658, 2.221, 0.674
0.413, 1.104, 0.429
0.68, 1.941, 0.622
0.411, 1.095, 0.425
1.41, 16.949, 2.809
0.577, 1.079, 0.541
0.462, 0.818, 0.363
1.761, 3.589, 1.753
0.516, 0.847, 0.348
0.277, 0.399, 0.148
0.27, 0.391, 0.16
1.659, 8.57, 2.374
0.738, 0.6, 0.246
1.983, 8.595, 3.306
1.316, 2.905, 1.133
0.904, 10.591, 1.809
0.359, 1.066, 0.339
0.329, 0.973, 0.319
0.173, 0.356, 0.144
0.345, 0.741, 0.322
0.537, 1.989, 0.592
0.585, 1.987, 0.718
0.931, 1.963, 0.927
0.98, 2.31, 0.94
0.735, 1.803, 0.799
6.417, 26.504, 6.588
2.601, 7.523, 2.986
6.722, 11.674, 4.988
2.698, 6.195, 2.336
1.311, 0.933, 0.47
7.574, 23.903, 8.532
9.387, 22.803, 9.987
8.459, 21.235, 9.862
10.645, 25.053, 8.23
6.227, 13.4, 4.686
8.087, 11.943, 5.293
7.615, 23.338, 8.666
12.465, 21.175, 10.064
6.096, 14.931, 5.198
8.576, 14.794, 6.345
10.488, 25.388, 11.22
5.515, 7.513, 4.154
1.137, 5.256, 1.448
0.299, 0.482, 0.242
1.069, 3.261, 1.541
1.121, 2.404, 1.041
1.006, 1.919, 0.919
1.589, 13.121, 2.319
0.293, 0.245, 0.108
0.457, 0.609, 0.267
1.892, 12.063, 2.61
1.313, 4.846, 1.456
2.017, 4.846, 2.119
1.062, 2.923, 1.289
2.295, 12.042, 3.197
2.061, 9.161, 2.479
1.16, 3.035, 1.074
0.685, 1.584, 0.68
3.96, 11.893, 5.531
1.619, 8.426, 1.751
1.722, 4.646, 1.75
1.672, 8.399, 1.847
1.705, 8.399, 1.918
1.947, 3.869, 1.683
1.658, 8.399, 2.133
1.758, 8.399, 2.298
2.016, 8.399, 2.707
3.134, 8.399, 3.675
1.611, 5.595, 1.84
0.716, 1.332, 0.478
0.686, 1.041, 0.449
2.925, 11.557, 4.971
0.783, 1.836, 0.574
0.833, 1.836, 0.778
1.593, 4.619, 1.861
1.047, 3.104, 1.34
1.099, 3.114, 1.108
0.673, 1.562, 0.861
0.317, 0.376, 0.154
1.007, 3.313, 1.174
0.299, 0.482, 0.241
1.042, 3.258, 1.554
0.883, 2.638, 0.961
0.938, 2.638, 1.108
1.51, 6.71, 2.31
0.922, 6.321, 1.841
1.558, 6.321, 2.733
2.155, 6.71, 2.707
2.649, 6.71, 3.014
1.331, 9.409, 2.201
3.0, 8.278, 4.662
1.932, 9.386, 2.68
2.51, 3.704, 1.948
2.255, 9.386, 3.435
1.902, 3.265, 1.657
0.805, 2.165, 0.816
0.3, 0.389, 0.206
1.636, 7.387, 2.891
0.324, 0.526, 0.28
1.706, 8.301, 3.293
0.284, 0.384, 0.197
1.664, 8.302, 3.312
0.205, 0.138, 0.077
2.952, 6.01, 3.035
0.403, 0.666, 0.241
0.584, 1.052, 0.448
0.393, 0.954, 0.32
0.916, 3.981, 1.417
4.709, 27.501, 6.144
1.804, 4.677, 2.167
2.706, 6.69, 2.508
5.251, 25.502, 7.56
2.587, 20.144, 5.559
0.52, 1.268, 0.45
0.303, 0.502, 0.262
6.089, 26.88, 6.763
5.441, 11.55, 4.31
6.683, 11.184, 6.021
3.673, 27.501, 5.688
2.76, 11.521, 3.46
6.561, 9.048, 4.617
1.991, 6.547, 2.11
2.569, 6.529, 2.506
0.852, 2.811, 1.018
1.323, 2.811, 1.173
6.632, 22.694, 6.636
6.938, 16.088, 7.519
7.425, 22.387, 7.081
8.6, 22.387, 7.717
10.189, 22.387, 8.738
1.535, 2.359, 1.209
0.745, 4.103, 0.972
0.189, 0.254, 0.119
0.641, 2.001, 0.965
0.981, 2.525, 1.177
0.516, 0.678, 0.351
0.439, 0.748, 0.291
0.515, 0.888, 0.366
1.334, 3.982, 1.912
1.688, 9.761, 2.355
0.51, 0.933, 0.476
2.421, 8.654, 3.249
1.52, 9.761, 2.272
1.33, 6.704, 2.154
0.498, 0.895, 0.464
1.516, 9.761, 2.335
0.587, 1.482, 0.452
0.545, 0.409, 0.211
1.801, 9.761, 2.659
1.853, 4.761, 2.187
1.891, 9.761, 2.865
1.903, 9.761, 2.966
3.123, 6.934, 3.612
1.931, 8.715, 3.22
3.104, 8.697, 4.05
2.094, 9.756, 3.548
3.48, 9.633, 4.381
1.785, 19.633, 2.908
1.222, 2.546, 1.339
0.799, 2.497, 0.951
2.372, 10.503, 3.15
1.711, 3.572, 1.453
1.068, 3.67, 1.115
0.568, 0.947, 0.398
0.968, 4.628, 1.433
0.364, 0.756, 0.317
2.299, 9.856, 2.943
1.606, 5.661, 2.258
1.685, 9.189, 3.387
1.282, 3.448, 1.208
0.781, 1.541, 0.568
1.378, 3.057, 1.293
0.647, 1.148, 0.441
2.036, 8.663, 2.767
2.083, 8.661, 3.721
1.311, 14.288, 2.648
0.514, 0.803, 0.332
0.341, 0.347, 0.15
0.966, 2.118, 0.926
0.854, 2.732, 0.804
0.761, 0.844, 0.334
1.383, 12.06, 2.667
0.91, 2.054, 1.008
1.484, 12.06, 2.849
2.811, 11.915, 4.645
1.34, 10.375, 2.917
0.426, 0.374, 0.151
1.902, 9.427, 3.738
0.571, 1.073, 0.463
1.222, 7.71, 2.227
1.487, 7.683, 2.592
2.281, 7.683, 3.686
1.633, 13.384, 2.543
0.549, 1.146, 0.509
0.495, 0.869, 0.385
3.088, 9.471, 3.774
1.107, 2.707, 0.941
0.773, 1.635, 0.643
1.671, 10.104, 2.551
1.588, 10.104, 2.562
0.697, 2.485, 0.819
1.002, 2.485, 1.116
3.535, 10.102, 4.673
0.628, 0.803, 0.359
1.205, 8.149, 2.375
0.353, 0.719, 0.273
1.556, 9.947, 2.706
1.806, 9.63, 3.915
1.58, 9.92, 2.437
1.731, 9.92, 2.579
1.756, 9.92, 2.747
1.79, 9.92, 3.168
2.669, 9.855, 4.193
2.304, 10.223, 3.249
1.23, 3.089, 1.767
1.131, 8.358, 2.26
0.23, 0.09, 0.047
2.667, 8.358, 3.94
1.45, 4.74, 1.986
0.793, 1.676, 0.622
1.855, 13.351, 3.047
3.126, 13.268, 5.789
2.275, 10.985, 3.364
2.716, 10.985, 3.663
1.302, 3.325, 1.89
1.445, 9.278, 2.345
1.546, 8.484, 2.378
0.568, 1.342, 0.761
2.962, 8.484, 3.454
1.362, 9.278, 2.593
0.738, 1.519, 0.821
2.872, 9.278, 4.399
1.635, 12.214, 2.783
1.459, 9.987, 2.941
2.665, 9.987, 4.261
0.457, 0.941, 0.418
1.716, 12.203, 2.847
1.756, 12.203, 2.915
2.624, 12.191, 3.948
2.752, 10.181, 4.305
3.196, 12.183, 5.138
1.274, 9.794, 2.129
2.208, 9.782, 3.781
0.805, 1.927, 0.695
0.952, 2.605, 0.955
1.825, 9.409, 2.395
2.015, 9.409, 2.999
2.692, 9.409, 3.892
1.613, 6.899, 2.017
1.724, 6.899, 2.204
1.691, 6.899, 2.357
1.812, 6.899, 2.941
1.616, 10.792, 2.234
1.255, 5.538, 1.828
1.861, 5.538, 2.342
1.731, 10.781, 2.426
1.836, 10.781, 2.511
1.93, 10.781, 2.616
2.095, 10.781, 2.803
1.353, 5.246, 1.706
1.884, 5.242, 2.166
3.226, 10.781, 4.508
1.038, 15.815, 2.672
1.63, 3.809, 1.794
0.671, 1.804, 0.859
0.522, 2.294, 0.729
0.411, 1.141, 0.484
0.805, 13.956, 2.187
1.34, 13.953, 3.336
0.617, 1.345, 0.709
2.008, 13.943, 4.563
0.185, 0.17, 0.079
0.433, 1.601, 0.485
0.401, 1.392, 0.457
0.417, 1.392, 0.592
0.481, 1.599, 0.565
0.326, 1.12, 0.481
0.768, 1.57, 0.761
1.765, 20.628, 3.544
0.629, 0.911, 0.471
0.869, 3.654, 1.475
1.967, 12.147, 3.961
3.351, 12.143, 5.93
2.767, 5.375, 2.46
0.506, 1.693, 0.531
0.621, 1.691, 0.766
1.75, 6.911, 2.027
2.513, 6.911, 3.079
1.599, 3.783, 1.743
1.325, 9.229, 1.657
0.236, 0.226, 0.103
0.625, 1.299, 0.601
1.419, 9.229, 1.747
1.551, 3.25, 1.667
1.345, 9.229, 1.793
1.411, 3.162, 1.353
0.904, 2.957, 1.044
0.611, 2.25, 0.777
0.279, 0.767, 0.315
0.369, 0.902, 0.38
1.066, 6.635, 1.787
1.251, 6.573, 2.262
2.125, 6.544, 3.145
1.864, 9.2, 2.432
1.751, 9.2, 2.303
1.951, 9.19, 2.462
1.912, 9.19, 2.707
1.268, 3.003, 1.611
1.389, 3.012, 1.398
1.162, 2.395, 0.945
1.895, 3.887, 1.613
2.017, 3.887, 1.878
0.931, 21.518, 1.963
0.312, 0.488, 0.25
0.303, 0.617, 0.224
0.322, 0.573, 0.26
0.272, 0.454, 0.238
0.605, 5.336, 0.971
0.421, 1.238, 0.37
0.331, 0.868, 0.301
0.382, 0.868, 0.341
0.218, 0.376, 0.192
0.491, 0.905, 0.345
0.425, 1.079, 0.421
0.572, 3.888, 0.923
0.35, 2.162, 0.701
0.479, 2.154, 0.851
0.845, 2.154, 1.186
0.56, 2.473, 0.778
0.694, 2.44, 0.91
1.038, 2.44, 1.13
0.549, 3.111, 0.93
0.712, 3.106, 1.06
1.009, 3.088, 1.464
0.575, 3.148, 0.933
0.72, 3.143, 1.07
1.018, 3.126, 1.482
0.577, 3.184, 0.943
0.723, 3.179, 1.082
1.027, 3.162, 1.5
0.579, 3.22, 0.953
0.727, 3.214, 1.093
1.035, 3.197, 1.517
0.37, 0.951, 0.29
0.384, 0.907, 0.341
0.147, 0.133, 0.069
1.054, 10.248, 2.111
0.612, 3.414, 0.762
0.594, 3.414, 0.827
0.392, 1.127, 0.385
0.205, 0.326, 0.116
1.417, 3.225, 1.778
1.008, 7.12, 1.678
0.611, 4.683, 0.926
0.754, 4.683, 1.343
0.928, 4.683, 1.564
0.222, 0.388, 0.199
0.522, 0.905, 0.343
0.425, 1.078, 0.421
0.669, 3.742, 0.909
0.352, 2.066, 0.665
0.478, 2.057, 0.805
0.826, 2.057, 1.121
0.559, 2.482, 0.781
0.695, 2.449, 0.913
1.04, 2.449, 1.134
0.676, 2.99, 0.889
0.886, 2.988, 0.97
1.228, 2.981, 1.281
0.688, 2.871, 0.846
0.875, 2.869, 0.929
1.198, 2.862, 1.225
1.16, 7.775, 2.353
1.655, 7.604, 3.025
0.34, 0.355, 0.201
1.631, 10.112, 2.944
0.553, 0.69, 0.276
3.546, 15.464, 6.759
0.659, 4.241, 1.054
0.728, 4.241, 1.236
0.66, 4.241, 1.385
0.744, 4.89, 1.163
0.479, 1.932, 0.528
0.511, 1.856, 0.606
0.907, 6.221, 1.626
0.743, 6.221, 1.4
0.791, 6.221, 1.527
0.528, 1.651, 0.574
0.205, 0.326, 0.116
2.36, 6.011, 3.389
0.931, 6.544, 1.558
0.543, 1.401, 0.433
0.247, 0.041, 0.02
2.276, 9.66, 3.713
0.447, 0.538, 0.254
0.412, 0.938, 0.37
0.504, 0.71, 0.359
3.698, 11.859, 5.627
0.696, 5.096, 1.123
0.615, 5.096, 1.004
0.768, 5.096, 1.472
0.955, 5.096, 1.716
0.224, 0.397, 0.204
0.521, 0.905, 0.343
0.424, 1.078, 0.42
0.585, 3.591, 0.864
0.288, 1.68, 0.543
0.387, 1.678, 0.659
0.669, 1.678, 0.92
0.556, 2.461, 0.775
0.691, 2.428, 0.906
1.034, 2.428, 1.125
0.656, 2.767, 0.831
0.859, 2.765, 0.901
1.173, 2.758, 1.176
1.083, 7.447, 1.702
0.803, 7.447, 1.597
0.601, 3.84, 1.115
0.753, 3.84, 1.295
0.224, 0.394, 0.202
0.49, 0.906, 0.345
0.424, 1.077, 0.42
0.767, 7.84, 1.651
0.286, 1.613, 0.52
0.383, 1.61, 0.63
0.659, 1.61, 0.873
0.552, 2.426, 0.766
0.686, 2.393, 0.894
1.025, 2.393, 1.11
1.47, 4.163, 1.482
1.114, 3.281, 1.533
0.691, 5.561, 1.112
0.279, 1.554, 0.5
0.373, 1.551, 0.606
0.64, 1.551, 0.839
0.546, 2.381, 0.753
0.678, 2.348, 0.879
1.013, 2.348, 1.09
0.655, 2.674, 0.806
0.851, 2.673, 0.874
1.15, 2.666, 1.133
1.793, 4.831, 2.784
4.572, 13.062, 6.02
0.846, 6.865, 1.497
0.657, 4.2, 1.006
0.568, 3.263, 0.942
0.698, 3.263, 1.092
0.223, 0.392, 0.201
0.49, 0.905, 0.345
0.424, 1.076, 0.419
1.129, 12.683, 2.352
0.269, 1.504, 0.484
0.358, 1.502, 0.588
0.61, 1.502, 0.82
0.542, 2.352, 0.745
0.674, 2.319, 0.87
1.006, 2.319, 1.077
1.722, 12.667, 3.408
2.146, 12.651, 3.765
3.025, 12.637, 4.58
4.407, 12.637, 5.94
2.953, 27.536, 3.99
2.131, 6.014, 2.673
3.5, 9.196, 4.225
3.083, 9.443, 3.764
1.111, 2.706, 0.947
0.773, 1.635, 0.643
1.671, 10.104, 2.551
1.588, 10.104, 2.562
0.697, 2.485, 0.819
1.002, 2.485, 1.116
3.535, 10.102, 4.673
0.628, 0.803, 0.359
5.061, 27.505, 7.552
3.77, 11.622, 4.648
4.155, 11.074, 6.257
3.885, 19.224, 4.348
2.617, 11.597, 3.433
3.102, 11.597, 4.922
2.803, 4.631, 2.154
4.094, 19.219, 4.49
4.172, 19.219, 4.518
5.089, 19.186, 6.289
2.749, 10.181, 4.306
9.085, 18.747, 8.206
4.068, 16.743, 4.156
6.074, 16.508, 6.571
3.945, 14.984, 3.887
4.703, 12.526, 4.204
4.931, 12.311, 5.477
5.21, 11.468, 4.806
4.292, 14.984, 4.734
4.549, 14.984, 4.915
5.296, 14.984, 5.329
5.533, 14.465, 6.122
6.409, 14.313, 7.657
3.043, 9.732, 2.81
3.445, 9.732, 3.064
2.353, 5.494, 2.34
5.139, 9.57, 3.927
2.466, 7.21, 2.705
2.445, 7.21, 2.952
1.942, 9.411, 2.663
2.023, 9.411, 2.994
2.685, 9.411, 3.894
1.839, 9.326, 2.63
1.994, 9.326, 2.875
2.015, 9.326, 3.145
2.243, 9.326, 4.036
1.705, 10.808, 2.36
1.295, 5.896, 1.93
1.927, 5.896, 2.483
1.847, 10.797, 2.568
1.962, 10.797, 2.656
2.068, 10.797, 2.764
2.252, 10.797, 2.958
1.698, 7.108, 2.259
2.102, 7.108, 2.947
3.229, 10.797, 4.515
0.918, 15.517, 1.73
0.296, 0.338, 0.159
0.445, 0.856, 0.412
0.446, 0.858, 0.412
0.666, 0.931, 0.475
1.399, 14.088, 2.902
1.682, 14.043, 3.818
0.837, 2.603, 1.086
3.056, 14.043, 6.218
1.011, 2.493, 0.91
1.096, 2.493, 1.042
0.935, 1.495, 0.818
1.646, 15.478, 3.9
3.445, 15.434, 6.785
0.641, 1.366, 0.502
0.693, 1.366, 0.581
0.725, 1.366, 0.648
1.516, 9.037, 2.307
3.11, 8.994, 3.548
0.647, 2.071, 0.676
0.695, 2.071, 0.788
0.868, 2.071, 0.946
1.437, 10.648, 2.65
1.057, 8.958, 2.005
0.496, 0.741, 0.285
1.201, 2.937, 1.197
2.209, 8.905, 3.846
0.56, 1.871, 0.535
0.56, 1.867, 0.781
0.618, 1.152, 0.443
0.719, 1.152, 0.473
0.362, 0.824, 0.287
0.239, 0.244, 0.127
0.543, 0.952, 0.364
1.192, 5.009, 1.274
1.009, 4.98, 1.504
1.462, 4.98, 1.847
0.466, 0.902, 0.475
0.473, 1.015, 0.335
0.35, 0.404, 0.186
0.344, 0.631, 0.226
0.25, 0.254, 0.136
0.405, 1.006, 0.275
0.349, 0.857, 0.248
0.35, 0.857, 0.272
0.217, 0.314, 0.157
0.371, 0.499, 0.279
0.242, 0.236, 0.119
0.504, 1.575, 0.499
0.608, 1.575, 0.606
0.679, 1.397, 0.67
0.432, 1.269, 0.418
0.5, 1.269, 0.464
0.574, 1.269, 0.563
0.681, 2.851, 0.727
0.769, 1.862, 0.709
0.792, 1.694, 0.813
0.586, 2.847, 0.716
0.643, 2.847, 0.756
0.704, 2.847, 0.808
0.78, 2.847, 0.933
0.958, 2.847, 1.323
1.661, 10.779, 2.461
1.185, 7.46, 1.717
0.528, 0.74, 0.28
1.449, 7.46, 2.103
1.463, 7.46, 2.262
0.432, 0.659, 0.276
0.577, 1.08, 0.541
0.782, 1.47, 0.609
0.907, 2.823, 0.922
0.853, 2.803, 1.009
0.83, 2.803, 1.21
0.401, 1.142, 0.342
0.334, 1.057, 0.3
0.369, 1.057, 0.366
0.497, 1.057, 0.451
0.696, 1.764, 0.582
0.576, 1.948, 0.601
0.531, 1.892, 0.826
1.462, 3.183, 1.164
0.973, 2.213, 0.905
0.589, 3.337, 0.734
0.394, 0.901, 0.287
0.36, 0.857, 0.274
0.214, 0.314, 0.158
0.37, 0.499, 0.278
0.241, 0.236, 0.119
0.648, 3.063, 0.777
0.856, 3.063, 1.022
1.214, 3.063, 1.408
0.427, 1.256, 0.414
0.496, 1.256, 0.46
0.569, 1.256, 0.558
0.64, 2.579, 0.658
0.701, 1.735, 0.626
0.703, 1.368, 0.686
0.563, 2.576, 0.653
0.617, 2.576, 0.688
0.674, 2.576, 0.734
0.74, 2.576, 0.845
0.887, 2.576, 1.191
0.97, 4.082, 1.114
0.841, 4.082, 1.166
0.309, 0.384, 0.176
0.573, 1.075, 0.538
1.519, 10.186, 2.332
0.424, 0.715, 0.289
1.291, 10.158, 2.253
1.116, 8.64, 1.786
0.822, 1.389, 0.73
1.191, 3.269, 1.342
1.929, 3.225, 1.376
0.562, 1.537, 0.572
0.837, 1.537, 0.643
2.176, 8.603, 3.419
2.301, 9.56, 2.919
1.087, 1.932, 1.106
1.286, 9.445, 2.057
2.617, 7.855, 3.693
1.059, 9.445, 1.76
0.977, 9.445, 1.709
0.704, 3.09, 0.887
0.812, 3.09, 1.006
0.942, 3.09, 1.242
1.106, 9.445, 2.206
1.25, 9.398, 2.401
0.495, 1.514, 0.469
0.288, 0.265, 0.138
0.498, 0.971, 0.546
2.558, 5.623, 2.94
1.295, 17.41, 2.289
1.241, 14.159, 2.084
0.396, 1.069, 0.359
0.494, 1.069, 0.507
0.292, 0.125, 0.069
1.275, 14.159, 2.123
1.276, 14.159, 2.129
1.089, 7.594, 1.871
0.371, 0.792, 0.227
0.406, 0.73, 0.244
0.377, 0.396, 0.21
1.228, 14.135, 2.766
2.266, 14.135, 4.86
3.108, 14.135, 6.209
0.651, 1.794, 0.57
0.598, 1.542, 0.473
0.565, 1.542, 0.533
0.564, 1.493, 0.508
0.828, 1.461, 0.742
0.876, 5.302, 1.366
0.231, 0.472, 0.149
0.205, 0.335, 0.103
0.204, 0.171, 0.086
1.276, 13.989, 2.002
0.645, 2.686, 0.93
0.389, 1.231, 0.507
1.319, 13.983, 2.052
0.408, 1.004, 0.314
0.342, 0.874, 0.282
0.363, 0.858, 0.308
0.512, 0.842, 0.421
1.958, 5.506, 2.318
0.717, 3.488, 0.806
0.777, 3.488, 0.88
0.752, 3.488, 1.065
0.514, 0.958, 0.491
1.4, 3.464, 1.901
0.84, 1.793, 0.668
1.157, 1.773, 0.925
0.99, 2.615, 1.194
0.909, 5.312, 1.333
0.523, 1.594, 0.497
0.574, 1.594, 0.56
0.935, 1.5, 0.758
1.741, 13.983, 2.492
1.729, 8.363, 2.113
1.899, 8.343, 2.301
2.119, 8.343, 2.613
2.046, 3.938, 1.969
0.94, 2.306, 1.281
1.716, 7.471, 2.177
1.382, 4.876, 1.554
1.116, 4.876, 1.481
0.993, 1.773, 0.888
0.58, 1.334, 0.711
1.68, 13.983, 2.595
1.607, 13.983, 2.559
1.719, 13.983, 2.67
1.856, 13.968, 3.166
2.155, 13.968, 3.419
1.678, 7.27, 2.038
2.141, 7.27, 2.216
2.46, 7.27, 2.64
2.121, 3.183, 1.751
1.555, 3.77, 1.681
2.001, 3.698, 1.854
0.492, 1.068, 0.561
2.852, 9.762, 4.23
1.709, 11.212, 2.826
2.989, 11.208, 5.546
1.47, 9.813, 2.318
1.537, 9.813, 2.61
1.606, 9.805, 3.212
2.649, 9.739, 4.189
2.13, 5.03, 2.223
0.665, 18.567, 1.7
0.293, 0.429, 0.218
0.34, 0.984, 0.267
0.331, 0.984, 0.294
0.384, 0.984, 0.353
0.237, 0.49, 0.264
0.302, 0.911, 0.282
0.375, 0.911, 0.359
0.407, 0.87, 0.482
0.73, 4.799, 1.175
0.918, 4.793, 1.644
1.404, 4.742, 1.986
0.453, 0.902, 0.446
0.635, 2.22, 0.736
0.652, 2.212, 1.078
0.509, 1.362, 0.63
0.722, 3.437, 1.007
0.334, 0.955, 0.344
0.436, 0.892, 0.495
0.489, 2.172, 0.594
0.598, 2.17, 0.799
0.965, 2.135, 0.925
0.358, 0.773, 0.358
0.438, 1.082, 0.349
0.295, 0.481, 0.196
0.619, 3.016, 0.878
0.866, 3.016, 1.469
0.636, 1.259, 0.659
0.633, 1.72, 0.661
0.505, 1.716, 0.539
0.724, 1.712, 0.792
0.35, 0.885, 0.409
1.525, 9.515, 2.188
1.055, 1.23, 0.474
1.891, 9.377, 2.858
0.463, 0.75, 0.335
1.514, 7.484, 2.092
2.049, 7.437, 2.826
2.404, 7.415, 3.469
1.208, 7.049, 1.811
1.413, 7.029, 1.981
0.778, 2.252, 0.846
0.261, 0.264, 0.134
0.985, 4.604, 1.346
1.199, 4.592, 1.532
1.129, 4.592, 1.998
1.229, 9.4, 2.048
0.968, 1.699, 0.818
1.186, 9.4, 2.112
2.257, 7.313, 2.924
1.444, 4.74, 2.323
0.391, 0.99, 0.28
0.369, 0.722, 0.235
0.353, 0.722, 0.261
0.382, 0.71, 0.265
1.485, 9.367, 2.638
0.456, 0.929, 0.5
0.268, 0.351, 0.145
2.411, 6.755, 2.463
2.621, 6.755, 2.919
1.082, 11.506, 1.743
0.366, 0.774, 0.367
0.307, 0.502, 0.235
1.358, 5.185, 1.671
0.592, 1.116, 0.486
1.718, 10.026, 2.742
1.821, 8.021, 3.529
1.76, 10.026, 2.743
2.22, 10.026, 3.054
3.687, 10.019, 4.244
0.638, 1.064, 0.478
0.303, 0.078, 0.055
1.07, 3.614, 1.216
2.018, 3.577, 1.5
0.546, 1.483, 0.524
0.561, 1.483, 0.564
0.87, 0.888, 0.628
1.055, 6.69, 1.508
0.523, 1.208, 0.408
0.5, 1.208, 0.405
0.479, 1.203, 0.398
0.498, 1.203, 0.412
0.578, 1.173, 0.607
0.99, 4.186, 1.165
0.487, 0.732, 0.324
0.575, 0.701, 0.369
0.549, 1.646, 0.531
0.279, 0.229, 0.123
2.004, 6.681, 2.569
1.06, 5.31, 1.492
0.66, 2.24, 0.722
0.842, 2.24, 0.894
0.896, 9.759, 1.454
0.701, 3.85, 0.962
0.45, 1.039, 0.398
0.49, 0.872, 0.441
0.204, 0.2, 0.113
1.181, 9.759, 2.136
2.298, 9.74, 3.223
3.31, 9.74, 4.399
2.281, 8.2, 3.392
0.713, 7.436, 1.394
1.391, 7.308, 2.307
0.685, 2.587, 1.024
0.369, 1.035, 0.319
0.344, 0.858, 0.275
0.384, 0.575, 0.247
0.348, 0.631, 0.277
0.748, 3.551, 0.727
0.48, 1.266, 0.43
0.644, 1.266, 0.568
0.647, 2.531, 0.57
0.862, 1.374, 0.511
0.499, 1.364, 0.411
0.517, 1.364, 0.473
0.613, 1.346, 0.528
0.751, 2.53, 0.939
1.367, 3.519, 1.152
1.395, 3.519, 1.299
0.554, 1.519, 0.522
0.516, 0.994, 0.52
0.381, 1.107, 0.434
3.505, 27.459, 5.466
3.181, 6.672, 2.904
0.275, 0.255, 0.12
1.463, 3.097, 1.384
0.485, 0.88, 0.41
0.483, 0.88, 0.41
4.46, 14.186, 4.242
6.178, 13.862, 5.847
0.863, 3.787, 1.075
0.308, 0.593, 0.212
0.361, 0.593, 0.235
4.488, 23.54, 6.326
4.668, 23.54, 6.438
3.075, 23.538, 5.948
3.733, 23.538, 6.506
0.526, 1.099, 0.484
0.28, 0.306, 0.17
0.767, 1.122, 0.615
9.353, 23.394, 9.046
6.581, 23.185, 6.8
5.701, 13.711, 5.006
5.387, 13.711, 4.941
8.529, 13.469, 7.016
7.284, 17.891, 6.729
8.679, 14.132, 5.67
1.929, 13.101, 3.407
1.96, 13.066, 3.674
2.406, 13.066, 4.005
2.826, 13.066, 4.535
3.989, 13.027, 5.246
6.948, 12.025, 6.259
9.415, 11.149, 5.588
0.747, 4.131, 0.895
0.31, 0.49, 0.225
0.642, 2.004, 0.966
0.982, 2.526, 1.177
0.518, 0.683, 0.351
0.44, 0.749, 0.291
0.516, 0.888, 0.367
1.34, 4.01, 1.926
1.315, 10.332, 2.052
0.624, 0.999, 0.446
0.577, 2.081, 0.54
0.599, 0.957, 0.363
0.635, 2.059, 0.669
0.727, 2.059, 0.742
0.875, 2.059, 0.851
2.273, 10.312, 2.917
1.458, 3.369, 1.422
0.985, 6.027, 1.607
1.042, 6.027, 1.75
0.665, 1.15, 0.503
