1,2
1,3
1,5
1,8
3,4
5,6
6,7
8,9
8,11
9,10
11,12
12,13
12,15
13,14
15,16
15,25
15,33
15,35
16,17
16,18
18,19
19,20
20,21
21,22
21,24
22,23
25,26
25,27
27,28
28,29
29,30
29,32
30,31
33,34
35,36
35,37
37,38
37,40
38,39
40,41
40,47
41,42
41,45
42,43
42,44
45,46
47,48
47,50
48,49
50,51
50,52
50,58
52,53
53,54
54,55
55,56
56,57
58,59
58,60
61,62
61,63
61,64
61,65
61,67
61,125
65,66
67,68
67,70
67,94
68,69
70,71
70,73
71,72
73,74
73,77
73,93
74,75
74,76
77,78
78,79
78,80
78,83
80,81
81,82
83,84
84,85
84,87
85,86
87,88
87,89
89,90
90,91
90,92
94,95
94,100
94,102
95,96
95,98
96,97
98,99
100,101
102,103
102,106
102,122
103,104
104,105
106,107
107,108
107,109
109,110
109,115
109,121
110,111
111,112
112,113
113,114
115,116
115,119
116,117
117,118
119,120
122,123
123,124
126,127
126,128
128,129
128,130
131,132
131,135
131,138
132,133
132,134
135,136
136,137
138,139
139,140
139,143
139,145
139,146
139,154
140,141
141,142
143,144
146,147
146,152
147,148
147,151
148,149
149,150
152,153
155,156
155,157
155,158
155,159
155,160
155,161
155,162
155,163
155,164
155,165
155,166
155,174
155,176
155,180
166,167
166,170
167,168
167,169
170,171
171,172
172,173
174,175
176,177
177,178
177,179
180,181
181,182
181,183
181,184
181,218
184,185
184,186
184,196
184,205
184,209
184,214
186,187
186,194
187,188
187,190
188,189
190,191
190,193
191,192
194,195
196,197
196,201
197,198
198,199
198,200
201,202
202,203
203,204
205,206
206,207
206,208
209,210
210,211
211,212
212,213
214,215
215,216
216,217
219,220
219,221
219,222
222,223
223,224
223,225
226,227
227,228
228,229
228,230
228,232
228,239
228,274
230,231
232,233
233,234
233,235
233,238
235,236
236,237
239,240
239,241
239,242
239,243
239,244
239,245
239,246
246,247
246,248
246,249
249,250
249,273
250,251
251,252
251,254
252,253
254,255
254,256
254,259
254,263
254,272
256,257
257,258
259,260
260,261
260,262
263,264
263,269
264,265
264,266
266,267
267,268
269,270
270,271
275,276
275,277
275,282
277,278
278,279
279,280
279,281
283,284
284,285
285,286
286,287
288,289
288,290
288,292
288,294
288,296
288,297
288,300
288,301
288,353
288,404
290,291
292,293
294,295
297,298
298,299
301,302
301,304
302,303
304,305
304,307
304,308
305,306
308,309
308,312
309,310
309,311
312,313
312,315
312,317
312,319
312,321
312,323
312,329
312,341
313,314
315,316
317,318
319,320
321,322
323,324
323,326
324,325
326,327
327,328
329,330
329,331
331,332
331,336
332,333
333,334
333,335
336,337
336,339
337,338
339,340
341,342
341,343
343,344
343,348
344,345
345,346
345,347
348,349
348,351
349,350
351,352
353,354
353,356
354,355
356,357
356,359
356,360
357,358
360,361
360,362
362,363
363,364
363,367
364,365
364,366
367,368
367,370
367,372
367,374
367,376
367,378
367,380
367,392
368,369
370,371
372,373
374,375
376,377
378,379
380,381
380,382
382,383
382,387
383,384
384,385
384,386
387,388
387,390
388,389
390,391
392,393
392,394
394,395
394,399
395,396
396,397
396,398
399,400
399,402
400,401
402,403
405,406
405,407
405,408
405,410
405,411
405,412
405,413
405,418
408,409
413,414
413,415
415,416
416,417
418,419
418,490
419,420
419,422
420,421
422,423
422,427
422,430
422,431
422,433
422,450
422,487
422,488
423,424
424,425
424,426
427,428
428,429
431,432
433,434
433,437
434,435
434,436
437,438
437,440
437,442
437,444
437,449
438,439
440,441
442,443
444,445
444,446
446,447
447,448
450,451
450,452
452,453
452,455
452,457
452,459
453,454
455,456
457,458
459,460
459,463
460,461
460,462
463,464
464,465
464,469
465,466
465,467
467,468
469,470
470,471
470,474
471,472
471,473
474,475
474,477
474,479
474,481
474,486
475,476
477,478
479,480
481,482
481,483
483,484
484,485
488,489
490,491
490,492
493,494
493,495
493,500
493,507
493,511
493,520
493,521
493,522
493,559
493,566
493,576
495,496
495,499
496,497
496,498
500,501
500,504
501,502
501,503
504,505
504,506
507,508
508,509
508,510
511,512
512,513
512,514
512,515
515,516
516,517
517,518
517,519
522,523
522,524
522,535
524,525
525,526
526,527
527,528
527,530
527,531
527,534
528,529
531,532
532,533
535,536
535,540
535,551
536,537
537,538
537,539
540,541
541,542
541,544
541,545
541,546
541,549
541,550
542,543
546,547
547,548
551,552
552,553
552,558
553,554
554,555
555,556
555,557
559,560
559,561
561,562
562,563
562,565
563,564
566,567
567,568
568,569
568,570
568,571
571,572
571,575
572,573
572,574
577,578
577,579
577,580
577,582
577,583
577,584
577,585
577,590
580,581
585,586
585,587
587,588
588,589
590,591
590,662
591,592
591,594
592,593
594,595
594,599
594,602
594,603
594,605
594,622
594,659
594,660
595,596
596,597
596,598
599,600
600,601
603,604
605,606
605,609
606,607
606,608
609,610
609,612
609,614
609,616
609,621
610,611
612,613
614,615
616,617
616,618
618,619
619,620
622,623
622,624
624,625
624,627
624,629
624,631
625,626
627,628
629,630
631,632
631,635
632,633
632,634
635,636
636,637
636,641
637,638
637,639
639,640
641,642
642,643
642,646
643,644
643,645
646,647
646,649
646,651
646,653
646,658
647,648
649,650
651,652
653,654
653,655
655,656
656,657
660,661
662,663
662,664
665,666
665,667
665,668
665,670
665,671
665,672
665,673
665,678
668,669
673,674
673,675
675,676
676,677
678,679
678,750
679,680
679,682
680,681
682,683
682,687
682,690
682,691
682,693
682,710
682,747
682,748
683,684
684,685
684,686
687,688
688,689
691,692
693,694
693,697
694,695
694,696
697,698
697,700
697,702
697,704
697,709
698,699
700,701
702,703
704,705
704,706
706,707
707,708
710,711
710,712
712,713
712,715
712,717
712,719
713,714
715,716
717,718
719,720
719,723
720,721
720,722
723,724
724,725
724,729
725,726
725,727
727,728
729,730
730,731
730,734
731,732
731,733
734,735
734,737
734,739
734,741
734,746
735,736
737,738
739,740
741,742
741,743
743,744
744,745
748,749
750,751
750,752
753,754
753,755
753,756
753,758
753,773
756,757
758,759
759,760
759,761
761,762
761,764
762,763
764,765
764,766
764,767
767,768
767,769
767,770
770,771
770,772
773,774
774,775
775,776
776,777
777,778
777,779
777,781
779,780
781,782
781,795
782,783
782,785
782,787
783,784
785,786
787,788
787,789
787,794
789,790
789,792
790,791
792,793
795,796
795,797
797,798
799,800
799,801
799,802
799,804
799,805
799,806
799,811
802,803
806,807
806,808
808,809
809,810
811,812
811,880
812,813
812,815
813,814
815,816
815,820
815,823
815,824
815,841
815,877
815,878
816,817
817,818
817,819
820,821
821,822
824,825
824,828
825,826
825,827
828,829
828,831
828,833
828,835
828,840
829,830
831,832
833,834
835,836
835,837
837,838
838,839
841,842
841,843
843,844
843,846
843,848
843,850
844,845
846,847
848,849
850,851
850,854
851,852
851,853
854,855
855,856
855,860
856,857
856,858
858,859
860,861
861,862
861,865
862,863
862,864
865,866
865,868
865,869
865,871
865,876
866,867
869,870
871,872
871,873
873,874
874,875
878,879
880,881
880,882
882,883
883,884
885,886
885,891
885,892
886,887
887,888
887,889
887,890
892,893
893,894
893,895
893,896
893,901
896,897
897,898
897,899
897,900
902,903
902,904
902,905
905,906
907,908
907,910
907,911
907,912
907,914
907,960
908,909
912,913
914,915
914,918
914,929
915,916
916,917
918,919
918,926
919,920
920,921
920,922
920,924
920,925
922,923
926,927
927,928
929,930
929,934
929,938
929,943
929,951
930,931
931,932
931,933
934,935
935,936
935,937
938,939
939,940
939,941
939,942
943,944
944,945
944,946
944,947
944,949
944,950
947,948
951,952
952,953
953,954
954,955
954,956
954,958
956,957
958,959
960,961
961,962
962,963
962,966
962,969
962,971
962,983
962,986
962,1017
962,1018
962,1099
963,964
964,965
966,967
967,968
969,970
971,972
971,974
972,973
974,975
974,978
975,976
975,977
978,979
978,982
979,980
980,981
983,984
984,985
986,987
986,988
988,989
988,1000
988,1001
989,990
989,992
990,991
992,993
992,997
993,994
993,995
995,996
997,998
998,999
1001,1002
1001,1005
1002,1003
1002,1004
1005,1006
1005,1007
1007,1008
1007,1014
1008,1009
1008,1010
1010,1011
1011,1012
1011,1013
1014,1015
1015,1016
1018,1019
1019,1020
1019,1021
1019,1022
1019,1024
1019,1025
1022,1023
1025,1026
1026,1027
1026,1074
1026,1083
1027,1028
1027,1029
1027,1030
1027,1032
1027,1036
1027,1064
1030,1031
1032,1033
1033,1034
1033,1035
1036,1037
1036,1038
1038,1039
1038,1041
1039,1040
1041,1042
1041,1044
1042,1043
1044,1045
1044,1046
1044,1055
1044,1058
1046,1047
1047,1048
1047,1050
1048,1049
1050,1051
1051,1052
1051,1053
1051,1054
1055,1056
1055,1057
1058,1059
1058,1063
1059,1060
1060,1061
1061,1062
1064,1065
1065,1066
1065,1067
1065,1070
1067,1068
1068,1069
1070,1071
1070,1072
1070,1073
1074,1075
1074,1076
1076,1077
1077,1078
1077,1082
1078,1079
1078,1080
1080,1081
1083,1084
1083,1085
1083,1086
1083,1087
1087,1088
1087,1089
1089,1090
1089,1091
1091,1092
1091,1096
1092,1093
1092,1095
1093,1094
1096,1097
1097,1098
1099,1100
1099,1101
1099,1104
1101,1102
1102,1103
1104,1105
1106,1107
1106,1108
1106,1110
1106,1112
1106,1127
1106,1159
1108,1109
1110,1111
1112,1113
1112,1115
1113,1114
1115,1116
1115,1118
1115,1120
1115,1126
1116,1117
1118,1119
1120,1121
1120,1124
1121,1122
1121,1123
1124,1125
1127,1128
1127,1130
1128,1129
1130,1131
1131,1132
1131,1134
1132,1133
1134,1135
1134,1137
1134,1139
1134,1141
1134,1143
1134,1145
1134,1146
1134,1148
1134,1149
1134,1158
1135,1136
1137,1138
1139,1140
1141,1142
1143,1144
1146,1147
1149,1150
1149,1151
1151,1152
1152,1153
1152,1156
1153,1154
1153,1155
1156,1157
1160,1161
1160,1162
1160,1164
1160,1166
1160,1181
1160,1213
1162,1163
1164,1165
1166,1167
1166,1169
1167,1168
1169,1170
1169,1172
1169,1174
1169,1180
1170,1171
1172,1173
1174,1175
1174,1178
1175,1176
1175,1177
1178,1179
1181,1182
1181,1184
1182,1183
1184,1185
1185,1186
1185,1188
1186,1187
1188,1189
1188,1191
1188,1193
1188,1195
1188,1197
1188,1199
1188,1200
1188,1202
1188,1203
1188,1212
1189,1190
1191,1192
1193,1194
1195,1196
1197,1198
1200,1201
1203,1204
1203,1205
1205,1206
1206,1207
1206,1210
1207,1208
1207,1209
1210,1211
1214,1215
1214,1216
1214,1217
1214,1219
1214,1220
1214,1221
1214,1222
1214,1227
1217,1218
1222,1223
1222,1224
1224,1225
1225,1226
1227,1228
1227,1299
1228,1229
1228,1231
1229,1230
1231,1232
1231,1236
1231,1239
1231,1240
1231,1242
1231,1259
1231,1296
1231,1297
1232,1233
1233,1234
1233,1235
1236,1237
1237,1238
1240,1241
1242,1243
1242,1246
1243,1244
1243,1245
1246,1247
1246,1249
1246,1251
1246,1253
1246,1258
1247,1248
1249,1250
1251,1252
1253,1254
1253,1255
1255,1256
1256,1257
1259,1260
1259,1261
1261,1262
1261,1264
1261,1266
1261,1268
1262,1263
1264,1265
1266,1267
1268,1269
1268,1272
1269,1270
1269,1271
1272,1273
1273,1274
1273,1278
1274,1275
1274,1276
1276,1277
1278,1279
1279,1280
1279,1283
1280,1281
1280,1282
1283,1284
1283,1286
1283,1288
1283,1290
1283,1295
1284,1285
1286,1287
1288,1289
1290,1291
1290,1292
1292,1293
1293,1294
1297,1298
1299,1300
1299,1301
1302,1303
1302,1306
1302,1308
1302,1310
1303,1304
1303,1305
1306,1307
1308,1309
1310,1311
1311,1312
1311,1315
1311,1317
1311,1318
1311,1326
1312,1313
1313,1314
1315,1316
1318,1319
1318,1324
1319,1320
1319,1323
1320,1321
1321,1322
1324,1325
1327,1328
1328,1329
1328,1330
1328,1334
1328,1335
1330,1331
1331,1332
1332,1333
1335,1336
1335,1338
1336,1337
1339,1340
1339,1341
1339,1342
1339,1343
1339,1344
1339,1345
1339,1346
1339,1349
1339,1363
1339,1364
1346,1347
1346,1348
1349,1350
1349,1351
1351,1352
1351,1354
1351,1356
1352,1353
1354,1355
1356,1357
1356,1360
1357,1358
1357,1359
1360,1361
1361,1362
1364,1365
1365,1366
1365,1368
1365,1371
1366,1367
1368,1369
1369,1370
1372,1373
1372,1379
1372,1382
1373,1374
1373,1378
1374,1375
1374,1376
1376,1377
1379,1380
1380,1381
1382,1383
1382,1405
1383,1384
1384,1385
1384,1386
1384,1387
1387,1388
1387,1392
1387,1395
1388,1389
1388,1390
1390,1391
1392,1393
1392,1394
1395,1396
1395,1402
1396,1397
1396,1401
1397,1398
1397,1399
1399,1400
1402,1403
1403,1404
1406,1407
1406,1408
1406,1413
1406,1420
1406,1424
1406,1433
1406,1434
1406,1435
1406,1473
1406,1481
1406,1491
1408,1409
1408,1412
1409,1410
1409,1411
1413,1414
1413,1417
1414,1415
1414,1416
1417,1418
1417,1419
1420,1421
1421,1422
1421,1423
1424,1425
1425,1426
1425,1427
1425,1428
1428,1429
1429,1430
1430,1431
1430,1432
1435,1436
1435,1437
1435,1448
1437,1438
1438,1439
1439,1440
1440,1441
1440,1443
1440,1444
1440,1447
1441,1442
1444,1445
1445,1446
1448,1449
1448,1453
1448,1464
1449,1450
1450,1451
1450,1452
1453,1454
1454,1455
1454,1457
1454,1458
1454,1459
1454,1462
1454,1463
1455,1456
1459,1460
1460,1461
1464,1465
1465,1466
1465,1472
1466,1467
1466,1468
1468,1469
1469,1470
1469,1471
1473,1474
1473,1475
1475,1476
1476,1477
1476,1480
1477,1478
1477,1479
1481,1482
1482,1483
1483,1484
1483,1485
1483,1486
1486,1487
1486,1490
1487,1488
1487,1489
1492,1493
1492,1494
1492,1496
1492,1505
1494,1495
1496,1497
1496,1500
1497,1498
1497,1499
1500,1501
1501,1502
1501,1503
1503,1504
1506,1507
1506,1508
1506,1509
1506,1511
1509,1510
1511,1512
