1,2
1,3
1,5
1,7
1,9
1,11
3,4
5,6
7,8
9,10
12,13
12,14
12,16
14,15
16,17
18,19
18,20
18,21
18,22
18,24
18,26
22,23
24,25
26,27
28,29
28,30
28,31
28,33
28,54
28,59
31,32
33,34
34,35
35,36
35,39
35,44
35,49
36,37
36,38
39,40
39,41
39,42
42,43
44,45
44,46
44,47
47,48
49,50
49,51
49,52
52,53
54,55
54,58
55,56
55,57
59,60
59,62
60,61
63,64
63,65
63,66
63,67
63,68
63,69
63,70
63,71
63,73
63,75
71,72
73,74
76,77
76,79
76,80
76,83
76,85
76,95
77,78
80,81
81,82
83,84
85,86
85,87
87,88
87,90
88,89
90,91
90,93
91,92
93,94
96,97
96,98
96,99
96,101
96,124
96,129
96,134
99,100
101,102
102,103
103,104
103,109
103,114
103,119
104,105
104,106
104,107
107,108
109,110
109,111
109,112
112,113
114,115
114,116
114,117
117,118
119,120
119,121
119,122
122,123
124,125
124,128
125,126
125,127
129,130
129,133
130,131
130,132
134,135
134,137
135,136
138,139
138,140
138,141
138,143
138,172
138,173
138,178
138,184
141,142
143,144
144,145
145,146
145,157
145,162
145,167
146,147
146,148
146,149
146,151
149,150
151,152
152,153
152,154
152,155
155,156
157,158
157,159
157,160
160,161
162,163
162,164
162,165
165,166
167,168
167,169
167,170
170,171
173,174
173,177
174,175
174,176
178,179
178,183
179,180
179,182
180,181
184,185
184,188
184,189
185,186
185,187
189,190
191,192
191,193
191,195
191,196
191,199
191,202
191,204
191,206
191,209
191,210
191,211
193,194
196,197
197,198
199,200
200,201
202,203
204,205
206,207
207,208
212,213
212,214
212,215
212,216
212,217
212,218
218,219
220,221
221,222
221,224
221,260
221,261
222,223
224,225
224,259
225,226
226,227
227,228
227,231
227,235
227,240
227,245
227,250
227,255
228,229
228,230
231,232
231,233
231,234
235,236
235,237
235,238
235,239
240,241
240,242
240,243
240,244
245,246
245,247
245,248
245,249
250,251
250,252
250,253
250,254
255,256
255,257
255,258
261,262
261,263
263,264
265,266
265,267
265,268
265,274
265,277
265,279
265,282
265,287
265,290
265,293
265,296
265,299
268,269
268,272
269,270
269,271
272,273
274,275
275,276
277,278
279,280
280,281
282,283
282,284
284,285
285,286
287,288
287,289
290,291
290,292
293,294
294,295
296,297
296,298
299,300
299,301
302,303
302,304
302,305
302,307
302,336
302,337
305,306
307,308
308,309
309,310
309,321
309,326
309,331
310,311
310,312
310,313
310,315
313,314
315,316
316,317
316,318
316,319
319,320
321,322
321,323
321,324
324,325
326,327
326,328
326,329
329,330
331,332
331,333
331,334
334,335
337,338
337,340
338,339
341,342
341,343
341,345
341,348
341,351
341,352
343,344
345,346
345,347
348,349
348,350
352,353
354,355
354,356
356,357
357,358
358,359
359,360
360,361
361,362
362,363
363,364
364,365
365,366
366,367
367,368
368,369
369,370
370,371
371,372
373,374
373,375
373,376
373,378
373,380
376,377
378,379
380,381
380,384
381,382
381,383
384,385
384,387
385,386
387,388
387,390
387,438
388,389
390,391
391,392
391,394
391,431
392,393
394,395
395,396
395,398
395,411
396,397
398,399
398,402
399,400
400,401
402,403
402,407
403,404
403,405
405,406
407,408
407,410
408,409
411,412
411,414
412,413
414,415
414,416
414,429
416,417
416,419
417,418
419,420
419,422
420,421
422,423
422,424
424,425
424,428
425,426
426,427
429,430
431,432
431,434
432,433
434,435
434,437
435,436
438,439
439,440
439,442
439,480
440,441
442,443
443,444
443,446
443,460
444,445
446,447
446,450
447,448
448,449
450,451
450,455
451,452
451,453
453,454
455,456
456,457
456,458
458,459
460,461
460,464
461,462
462,463
464,465
464,466
464,475
466,467
466,469
466,470
467,468
470,471
471,472
472,473
473,474
475,476
476,477
476,478
478,479
480,481
481,482
481,483
483,484
485,486
485,487
485,488
485,489
485,490
485,491
491,492
492,493
493,494
493,496
493,497
493,501
493,505
493,509
493,513
493,517
493,523
493,537
493,587
493,596
494,495
497,498
498,499
498,500
501,502
501,503
503,504
505,506
505,507
507,508
509,510
510,511
510,512
513,514
514,515
514,516
517,518
518,519
519,520
519,521
519,522
523,524
524,525
524,526
524,527
524,530
524,533
527,528
528,529
530,531
531,532
533,534
534,535
535,536
537,538
537,542
537,543
537,551
537,552
537,556
537,561
537,566
537,569
537,576
537,578
537,581
537,582
537,583
538,539
539,540
539,541
543,544
543,546
544,545
546,547
547,548
548,549
549,550
552,553
553,554
553,555
556,557
557,558
558,559
559,560
561,562
562,563
563,564
564,565
566,567
567,568
569,570
570,571
571,572
572,573
573,574
574,575
576,577
578,579
579,580
583,584
583,585
585,586
587,588
587,592
588,589
589,590
589,591
592,593
592,594
594,595
596,597
598,599
598,600
598,601
598,603
598,621
601,602
603,604
604,605
605,606
605,611
605,616
606,607
606,608
606,609
609,610
611,612
611,613
611,614
614,615
616,617
616,618
616,619
619,620
621,622
621,625
622,623
622,624
626,627
626,628
626,629
626,630
626,631
626,633
626,634
626,642
631,632
634,635
634,638
635,636
635,637
638,639
639,640
639,641
643,644
643,645
643,646
643,649
643,678
643,679
643,684
643,688
643,692
646,647
647,648
649,650
650,651
651,652
651,663
651,668
651,673
652,653
652,654
652,655
652,657
655,656
657,658
658,659
658,660
658,661
661,662
663,664
663,665
663,666
666,667
668,669
668,670
668,671
671,672
673,674
673,675
673,676
676,677
679,680
679,683
680,681
680,682
684,685
684,687
685,686
688,689
688,691
689,690
692,693
692,695
693,694
696,697
696,698
696,699
696,701
696,724
696,729
696,734
699,700
701,702
702,703
703,704
703,709
703,714
703,719
704,705
704,706
704,707
707,708
709,710
709,711
709,712
712,713
714,715
714,716
714,717
717,718
719,720
719,721
719,722
722,723
724,725
724,728
725,726
725,727
729,730
729,733
730,731
730,732
734,735
734,737
735,736
738,739
738,740
738,742
738,744
738,752
740,741
742,743
744,745
744,748
745,746
745,747
748,749
749,750
750,751
752,753
752,754
754,755
755,756
757,758
757,759
757,760
757,762
757,785
757,786
757,791
757,796
760,761
762,763
763,764
764,765
764,770
764,775
764,780
765,766
765,767
765,768
768,769
770,771
770,772
770,773
773,774
775,776
775,777
775,778
778,779
780,781
780,782
780,783
783,784
786,787
786,790
787,788
787,789
791,792
791,795
792,793
792,794
796,797
796,799
797,798
800,801
800,807
800,809
800,812
800,813
800,815
801,802
801,803
801,805
801,806
803,804
807,808
809,810
810,811
813,814
816,817
816,818
816,820
816,822
816,823
816,825
816,827
816,829
816,831
818,819
820,821
823,824
825,826
827,828
829,830
831,832
832,833
834,835
836,837
836,838
836,839
836,841
836,864
836,865
836,870
836,875
839,840
841,842
842,843
843,844
843,849
843,854
843,859
844,845
844,846
844,847
847,848
849,850
849,851
849,852
852,853
854,855
854,856
854,857
857,858
859,860
859,861
859,862
862,863
865,866
865,869
866,867
866,868
870,871
870,874
871,872
871,873
875,876
875,878
876,877
879,880
879,881
879,882
879,884
879,907
879,908
879,913
882,883
884,885
885,886
886,887
886,892
886,897
886,902
887,888
887,889
887,890
890,891
892,893
892,894
892,895
895,896
897,898
897,899
897,900
900,901
902,903
902,904
902,905
905,906
908,909
908,912
909,910
909,911
913,914
913,917
914,915
914,916
918,919
918,920
918,921
918,922
918,923
918,924
918,925
925,926
925,929
925,939
925,941
925,943
925,945
925,947
925,1003
926,927
927,928
929,930
929,932
930,931
932,933
932,934
932,938
934,935
934,936
936,937
939,940
941,942
943,944
945,946
947,948
947,949
949,950
950,951
950,958
950,999
951,952
952,953
953,954
953,957
954,955
954,956
958,959
958,960
958,967
958,977
958,985
958,993
958,998
960,961
960,962
962,963
962,965
962,966
963,964
967,968
967,969
969,970
969,975
969,976
970,971
970,972
972,973
973,974
977,978
978,979
978,984
979,980
979,981
981,982
982,983
985,986
986,987
986,992
987,988
987,989
989,990
990,991
993,994
993,995
995,996
996,997
999,1000
999,1002
1000,1001
1004,1005
1004,1007
1004,1009
1004,1011
1004,1014
1004,1039
1005,1006
1007,1008
1009,1010
1011,1012
1012,1013
1014,1015
1014,1016
1016,1017
1016,1020
1017,1018
1018,1019
1020,1021
1020,1022
1022,1023
1022,1027
1023,1024
1024,1025
1025,1026
1027,1028
1027,1030
1028,1029
1030,1031
1031,1032
1031,1034
1032,1033
1034,1035
1034,1036
1034,1038
1036,1037
1040,1041
1040,1044
1041,1042
1042,1043
1044,1045
1044,1046
1046,1047
1046,1050
1047,1048
1048,1049
1050,1051
1050,1052
1052,1053
1052,1055
1052,1058
1053,1054
1055,1056
1056,1057
1058,1059
1058,1060
1060,1061
1061,1062
1063,1064
1063,1065
1063,1066
1063,1074
1066,1067
1066,1069
1067,1068
1069,1070
1069,1071
1069,1073
1071,1072
1074,1075
1075,1076
1077,1078
1077,1079
1077,1083
1077,1084
1077,1085
1077,1087
1077,1089
1077,1091
1077,1094
1077,1096
1077,1099
1077,1102
1077,1103
1079,1080
1079,1081
1081,1082
1085,1086
1087,1088
1089,1090
1091,1092
1092,1093
1094,1095
1096,1097
1096,1098
1099,1100
1099,1101
1103,1104
1103,1105
1105,1106
1107,1108
1107,1109
1107,1110
1107,1111
1111,1112
1111,1117
1111,1119
1111,1124
1111,1140
1112,1113
1112,1115
1113,1114
1115,1116
1117,1118
1119,1120
1120,1121
1120,1123
1121,1122
1124,1125
1124,1134
1124,1139
1125,1126
1126,1127
1126,1130
1126,1132
1127,1128
1127,1129
1130,1131
1132,1133
1134,1135
1134,1138
1135,1136
1135,1137
1140,1141
1140,1142
1142,1143
1143,1144
1143,1146
1144,1145
1147,1148
1147,1149
1147,1152
1147,1159
1147,1162
1147,1163
1147,1168
1147,1172
1147,1173
1147,1174
1147,1177
1147,1179
1147,1180
1147,1201
1147,1202
1147,1203
1147,1205
1147,1206
1147,1209
1149,1150
1150,1151
1152,1153
1152,1154
1154,1155
1155,1156
1156,1157
1157,1158
1159,1160
1160,1161
1163,1164
1163,1165
1165,1166
1166,1167
1168,1169
1169,1170
1169,1171
1174,1175
1175,1176
1177,1178
1180,1181
1180,1182
1180,1188
1182,1183
1182,1186
1183,1184
1183,1185
1186,1187
1188,1189
1188,1192
1189,1190
1190,1191
1192,1193
1192,1197
1193,1194
1194,1195
1195,1196
1197,1198
1197,1199
1199,1200
1203,1204
1206,1207
1207,1208
1209,1210
1210,1211
1212,1213
1212,1214
1212,1215
1212,1217
1212,1235
1212,1236
1212,1241
1212,1247
1215,1216
1217,1218
1218,1219
1219,1220
1219,1225
1219,1230
1220,1221
1220,1222
1220,1223
1223,1224
1225,1226
1225,1227
1225,1228
1228,1229
1230,1231
1230,1232
1230,1233
1233,1234
1236,1237
1236,1240
1237,1238
1237,1239
1241,1242
1241,1246
1242,1243
1242,1245
1243,1244
1247,1248
1247,1251
1247,1252
1248,1249
1248,1250
1252,1253
1254,1255
1254,1256
1254,1257
1254,1258
1254,1260
1254,1261
1254,1262
1254,1264
1254,1267
1254,1269
1254,1270
1254,1272
1254,1274
1254,1279
1258,1259
1262,1263
1264,1265
1265,1266
1267,1268
1270,1271
1272,1273
1274,1275
1274,1276
1276,1277
1277,1278
1279,1280
1279,1281
1282,1283
1282,1284
1282,1286
1282,1288
1282,1289
1282,1292
1282,1296
1282,1300
1282,1302
1282,1304
1282,1307
1282,1309
1282,1312
1282,1315
1282,1319
1282,1321
1282,1324
1282,1327
1284,1285
1286,1287
1289,1290
1290,1291
1292,1293
1293,1294
1294,1295
1296,1297
1297,1298
1298,1299
1300,1301
1302,1303
1304,1305
1305,1306
1307,1308
1309,1310
1309,1311
1312,1313
1313,1314
1315,1316
1316,1317
1316,1318
1319,1320
1321,1322
1321,1323
1324,1325
1325,1326
1327,1328
1327,1331
1328,1329
1329,1330
1331,1332
1333,1334
1333,1335
1335,1336
1337,1338
1337,1339
1337,1340
1337,1342
1337,1343
1340,1341
1343,1344
1343,1346
1344,1345
1346,1347
1346,1352
1346,1358
1346,1364
1347,1348
1347,1349
1347,1350
1350,1351
1352,1353
1352,1355
1352,1356
1352,1357
1353,1354
1358,1359
1358,1361
1358,1362
1358,1363
1359,1360
1364,1365
1364,1367
1364,1370
1365,1366
1367,1368
1367,1369
1371,1372
1371,1373
1371,1374
1371,1376
1371,1399
1374,1375
1376,1377
1377,1378
1378,1379
1378,1384
1378,1389
1378,1394
1379,1380
1379,1381
1379,1382
1382,1383
1384,1385
1384,1386
1384,1387
1387,1388
1389,1390
1389,1391
1389,1392
1392,1393
1394,1395
1394,1396
1394,1397
1397,1398
1399,1400
1399,1403
1400,1401
1400,1402
1404,1405
1404,1406
1404,1407
1404,1409
1404,1427
1404,1428
1404,1433
1407,1408
1409,1410
1410,1411
1411,1412
1411,1417
1411,1422
1412,1413
1412,1414
1412,1415
1415,1416
1417,1418
1417,1419
1417,1420
1420,1421
1422,1423
1422,1424
1422,1425
1425,1426
1428,1429
1428,1432
1429,1430
1429,1431
1433,1434
1434,1435
1434,1436
1437,1438
1437,1439
1437,1440
1437,1441
1437,1442
1437,1443
1437,1445
1443,1444
1446,1447
1446,1448
1446,1449
1446,1451
1446,1469
1449,1450
1451,1452
1452,1453
1453,1454
1453,1459
1453,1464
1454,1455
1454,1456
1454,1457
1457,1458
1459,1460
1459,1461
1459,1462
1462,1463
1464,1465
1464,1466
1464,1467
1467,1468
1469,1470
1469,1473
1470,1471
1470,1472
1474,1475
1474,1476
1474,1477
1474,1479
1474,1502
1474,1507
1477,1478
1479,1480
1480,1481
1481,1482
1481,1487
1481,1492
1481,1497
1482,1483
1482,1484
1482,1485
1485,1486
1487,1488
1487,1489
1487,1490
1490,1491
1492,1493
1492,1494
1492,1495
1495,1496
1497,1498
1497,1499
1497,1500
1500,1501
1502,1503
1502,1506
1503,1504
1503,1505
1507,1508
1507,1510
1508,1509
1511,1512
1511,1513
1511,1514
1511,1515
1511,1516
1511,1517
1511,1518
1511,1519
1511,1520
1511,1521
1511,1522
1511,1523
1511,1525
1511,1527
1511,1529
1511,1531
1511,1533
1511,1535
1511,1537
1511,1539
1511,1541
1511,1543
1523,1524
1525,1526
1527,1528
1529,1530
1531,1532
1533,1534
1535,1536
1537,1538
1539,1540
1541,1542
1543,1544
1545,1546
1545,1547
1545,1548
1545,1549
1550,1551
1550,1552
1550,1553
1550,1554
1550,1555
1550,1556
1550,1558
1556,1557
1559,1560
1559,1561
1559,1564
1559,1566
1559,1574
1561,1562
1562,1563
1564,1565
1566,1567
1567,1568
1567,1569
1567,1572
1567,1573
1569,1570
1570,1571
1575,1576
1575,1577
1575,1593
1575,1600
1575,1601
1575,1602
1577,1578
1578,1579
1578,1580
1578,1581
1578,1582
1578,1583
1578,1584
1578,1585
1578,1586
1578,1587
1578,1588
1578,1589
1578,1590
1578,1591
1578,1592
1593,1594
1594,1595
1595,1596
1595,1597
1595,1598
1595,1599
1603,1604
1603,1605
1603,1606
1603,1609
1603,1612
1603,1615
1603,1618
1603,1621
1603,1624
1603,1627
1603,1630
1603,1633
1603,1636
1603,1639
1603,1642
1603,1645
1603,1648
1603,1650
1603,1654
1603,1659
1603,1663
1603,1668
1603,1672
1603,1677
1603,1680
1603,1683
1603,1686
1603,1689
1603,1692
1603,1696
1603,1699
1603,1702
1603,1704
1603,1707
1606,1607
1607,1608
1609,1610
1610,1611
1612,1613
1613,1614
1615,1616
1615,1617
1618,1619
1618,1620
1621,1622
1621,1623
1624,1625
1624,1626
1627,1628
1627,1629
1630,1631
1630,1632
1633,1634
1633,1635
1636,1637
1636,1638
1639,1640
1639,1641
1642,1643
1642,1644
1645,1646
1646,1647
1648,1649
1650,1651
1651,1652
1651,1653
1654,1655
1655,1656
1655,1658
1656,1657
1659,1660
1660,1661
1660,1662
1663,1664
1664,1665
1664,1667
1665,1666
1668,1669
1669,1670
1669,1671
1672,1673
1673,1674
1673,1676
1674,1675
1677,1678
1678,1679
1680,1681
1681,1682
1683,1684
1684,1685
1686,1687
1687,1688
1689,1690
1690,1691
1692,1693
1693,1694
1693,1695
1696,1697
1697,1698
1699,1700
1700,1701
1702,1703
1704,1705
1705,1706
1707,1708
1707,1709
1707,1710
1710,1711
1711,1712
1711,1713
1711,1714
1711,1716
1714,1715
1717,1718
1717,1719
1717,1720
1717,1723
1717,1726
1717,1728
1717,1730
1717,1731
1717,1733
1717,1735
1717,1737
1717,1738
1717,1740
1717,1743
1717,1746
1717,1747
1720,1721
1721,1722
1723,1724
1724,1725
1726,1727
1728,1729
1731,1732
1733,1734
1735,1736
1738,1739
1740,1741
1741,1742
1743,1744
1744,1745
1747,1748
1748,1749
1750,1751
1750,1752
1750,1757
1752,1753
1753,1754
1754,1755
1755,1756
1757,1758
1758,1759
1760,1761
1760,1762
1760,1763
1760,1766
1760,1782
1760,1783
1763,1764
1764,1765
1766,1767
1766,1768
1768,1769
1768,1773
1768,1776
1769,1770
1770,1771
1771,1772
1773,1774
1774,1775
1776,1777
1776,1778
1778,1779
1779,1780
1780,1781
1784,1785
1784,1786
1784,1787
1787,1788
1787,1789
1787,1792
1789,1790
1789,1791
1792,1793
1792,1798
1793,1794
1793,1795
1793,1797
1795,1796
1798,1799
1798,1800
1798,1802
1798,1803
1800,1801
1804,1805
1804,1806
1804,1807
1804,1809
1804,1832
1807,1808
1809,1810
1810,1811
1811,1812
1811,1817
1811,1822
1811,1827
1812,1813
1812,1814
1812,1815
1815,1816
1817,1818
1817,1819
1817,1820
1820,1821
1822,1823
1822,1824
1822,1825
1825,1826
1827,1828
1827,1829
1827,1830
1830,1831
1832,1833
1832,1836
1833,1834
1833,1835
1837,1838
1837,1839
1839,1840
1841,1842
1841,1843
1841,1845
1841,1847
1841,1851
1841,1853
1841,1857
1841,1861
1841,1865
1843,1844
1845,1846
1847,1848
1847,1849
1849,1850
1851,1852
1853,1854
1853,1855
1855,1856
1857,1858
1858,1859
1859,1860
1861,1862
1861,1863
1863,1864
1866,1867
1866,1868
1866,1871
1866,1874
1868,1869
1869,1870
1871,1872
1872,1873
1875,1876
1875,1877
1877,1878
1877,1882
1877,1886
1877,1888
1877,1890
1877,1893
1877,1894
1878,1879
1879,1880
1880,1881
1882,1883
1882,1884
1884,1885
1886,1887
1888,1889
1890,1891
1891,1892
1894,1895
1894,1896
1894,1898
1896,1897
1899,1900
1899,1901
1901,1902
1902,1903
1904,1905
1904,1906
1904,1907
1904,1908
1904,1909
1904,1910
1904,1911
1904,1916
1904,1921
1904,1925
1904,1927
1904,1929
1904,1931
1904,1935
1904,1937
1911,1912
1911,1913
1913,1914
1914,1915
1916,1917
1916,1918
1918,1919
1919,1920
1921,1922
1922,1923
1922,1924
1925,1926
1927,1928
1929,1930
1931,1932
1932,1933
1933,1934
1935,1936
1938,1939
1938,1940
1938,1942
1938,1944
1938,1946
1938,1948
1938,1950
1938,1959
1938,1978
1938,1980
1938,1982
1938,2033
1938,2035
1938,2042
1938,2044
1938,2045
1938,2048
1938,2054
1938,2059
1938,2060
1938,2080
1938,2082
1938,2101
1940,1941
1942,1943
1944,1945
1946,1947
1948,1949
1950,1951
1950,1954
1951,1952
1951,1953
1954,1955
1954,1957
1954,1958
1955,1956
1959,1960
1959,1961
1961,1962
1961,1964
1962,1963
1964,1965
1964,1966
1964,1974
1966,1967
1967,1968
1967,1970
1968,1969
1970,1971
1970,1972
1970,1973
1974,1975
1974,1976
1974,1977
1978,1979
1980,1981
1982,1983
1982,1984
1984,1985
1984,1986
1984,1989
1984,2026
1984,2032
1986,1987
1987,1988
1989,1990
1989,1991
1991,1992
1991,1994
1992,1993
1994,1995
1994,1996
1996,1997
1996,1999
1997,1998
1999,2000
1999,2001
2001,2002
2002,2003
2002,2004
2004,2005
2004,2007
2004,2014
2004,2018
2005,2006
2007,2008
2008,2009
2008,2010
2008,2012
2010,2011
2012,2013
2014,2015
2015,2016
2016,2017
2018,2019
2018,2023
2019,2020
2019,2021
2021,2022
2023,2024
2024,2025
2026,2027
2026,2028
2028,2029
2028,2030
2028,2031
2033,2034
2035,2036
2035,2037
2037,2038
2037,2040
2037,2041
2038,2039
2042,2043
2045,2046
2046,2047
2048,2049
2048,2050
2050,2051
2051,2052
2052,2053
2054,2055
2054,2056
2056,2057
2057,2058
2060,2061
2060,2062
2062,2063
2062,2066
2062,2074
2062,2076
2063,2064
2064,2065
2066,2067
2066,2068
2068,2069
2068,2072
2068,2073
2069,2070
2069,2071
2074,2075
2076,2077
2076,2078
2078,2079
2080,2081
2082,2083
2082,2086
2083,2084
2083,2085
2086,2087
2086,2089
2087,2088
2089,2090
2089,2091
2089,2097
2091,2092
2091,2094
2091,2095
2091,2096
2092,2093
2097,2098
2097,2099
2097,2100
2101,2102
2101,2103
2103,2104
2103,2105
2103,2108
2103,2110
2105,2106
2106,2107
2108,2109
2110,2111
2110,2114
2110,2160
2111,2112
2111,2113
2114,2115
2115,2116
2115,2118
2115,2119
2115,2156
2116,2117
2119,2120
2119,2121
2119,2153
2121,2122
2121,2132
2121,2137
2122,2123
2122,2125
2123,2124
2125,2126
2126,2127
2126,2128
2128,2129
2128,2130
2128,2131
2132,2133
2132,2134
2134,2135
2134,2136
2137,2138
2137,2150
2138,2139
2138,2142
2139,2140
2140,2141
2142,2143
2142,2144
2142,2146
2144,2145
2146,2147
2146,2148
2148,2149
2150,2151
2150,2152
2153,2154
2153,2155
2156,2157
2156,2158
2156,2159
2160,2161
2160,2162
2160,2165
2162,2163
2163,2164
2165,2166
2165,2167
2165,2169
2167,2168
2169,2170
2169,2171
2171,2172
2173,2174
2173,2175
2173,2176
2173,2178
2173,2196
2173,2197
2173,2202
2176,2177
2178,2179
2179,2180
2180,2181
2180,2186
2180,2191
2181,2182
2181,2183
2181,2184
2184,2185
2186,2187
2186,2188
2186,2189
2189,2190
2191,2192
2191,2193
2191,2194
2194,2195
2197,2198
2197,2201
2198,2199
2198,2200
2202,2203
2203,2204
2203,2205
2206,2207
2206,2208
2206,2209
2206,2213
2206,2215
2206,2217
2206,2219
2206,2221
2206,2223
2209,2210
2210,2211
2211,2212
2213,2214
2215,2216
2217,2218
2219,2220
2221,2222
2223,2224
2225,2226
2225,2227
2225,2232
2225,2235
2225,2238
2225,2241
2225,2293
2227,2228
2227,2229
2227,2230
2230,2231
2232,2233
2233,2234
2235,2236
2235,2237
2238,2239
2239,2240
2241,2242
2241,2286
2242,2243
2243,2244
2243,2246
2243,2249
2243,2285
2244,2245
2246,2247
2247,2248
2249,2250
2249,2252
2250,2251
2252,2253
2252,2256
2252,2259
2252,2261
2252,2262
2252,2264
2253,2254
2254,2255
2256,2257
2256,2258
2259,2260
2262,2263
2264,2265
2265,2266
2265,2267
2265,2270
2265,2274
2265,2277
2265,2281
2267,2268
2267,2269
2270,2271
2270,2272
2272,2273
2274,2275
2274,2276
2277,2278
2277,2279
2279,2280
2281,2282
2281,2283
2283,2284
2286,2287
2286,2289
2286,2291
2287,2288
2289,2290
2291,2292
2293,2294
2295,2296
2295,2299
2295,2301
2295,2302
2295,2304
2295,2306
2296,2297
2296,2298
2299,2300
2302,2303
2304,2305
2306,2307
2306,2308
2306,2336
2308,2309
2308,2311
2308,2314
2308,2321
2308,2325
2308,2327
2308,2332
2308,2334
2309,2310
2311,2312
2312,2313
2314,2315
2314,2317
2315,2316
2317,2318
2318,2319
2319,2320
2321,2322
2322,2323
2323,2324
2325,2326
2327,2328
2327,2329
2329,2330
2330,2331
2332,2333
2334,2335
2336,2337
2337,2338
2339,2340
2339,2341
2339,2342
2339,2343
2339,2344
2339,2345
2339,2347
2339,2355
2339,2357
2339,2359
2339,2361
2339,2363
2345,2346
2347,2348
2347,2349
2349,2350
2349,2351
2349,2354
2351,2352
2352,2353
2355,2356
2357,2358
2359,2360
2361,2362
2363,2364
2363,2371
2363,2515
2364,2365
2365,2366
2366,2367
2366,2370
2367,2368
2367,2369
2371,2372
2371,2375
2371,2378
2371,2380
2371,2381
2371,2382
2371,2438
2371,2451
2371,2463
2371,2475
2372,2373
2373,2374
2375,2376
2376,2377
2378,2379
2382,2383
2382,2384
2384,2385
2384,2386
2384,2388
2384,2389
2384,2404
2384,2413
2384,2417
2384,2437
2386,2387
2389,2390
2389,2391
2389,2402
2391,2392
2392,2393
2392,2395
2392,2397
2392,2399
2393,2394
2395,2396
2397,2398
2399,2400
2399,2401
2402,2403
2404,2405
2404,2406
2404,2410
2406,2407
2407,2408
2408,2409
2410,2411
2411,2412
2413,2414
2414,2415
2415,2416
2417,2418
2417,2421
2417,2435
2418,2419
2419,2420
2421,2422
2421,2434
2422,2423
2423,2424
2423,2426
2423,2428
2423,2431
2424,2425
2426,2427
2428,2429
2429,2430
2431,2432
2432,2433
2435,2436
2438,2439
2438,2440
2440,2441
2440,2448
2440,2449
2440,2450
2441,2442
2441,2443
2443,2444
2444,2445
2445,2446
2446,2447
2451,2452
2452,2453
2452,2460
2452,2461
2452,2462
2453,2454
2453,2455
2455,2456
2456,2457
2457,2458
2458,2459
2463,2464
2464,2465
2464,2472
2464,2473
2464,2474
2465,2466
2465,2467
2467,2468
2468,2469
2469,2470
2470,2471
2475,2476
2475,2513
2476,2477
2476,2481
2477,2478
2478,2479
2479,2480
2481,2482
2481,2483
2481,2488
2483,2484
2483,2486
2484,2485
2486,2487
2488,2489
2488,2491
2489,2490
2491,2492
2491,2495
2491,2506
2492,2493
2492,2494
2495,2496
2495,2500
2495,2501
2495,2502
2495,2504
2496,2497
2497,2498
2498,2499
2502,2503
2504,2505
2506,2507
2506,2510
2507,2508
2507,2509
2510,2511
2511,2512
2513,2514
2515,2516
2515,2518
2516,2517
2518,2519
2519,2520
2521,2522
2521,2525
2521,2527
2521,2528
2521,2529
2521,2531
2522,2523
2522,2524
2525,2526
2529,2530
2531,2532
2531,2534
2531,2536
2531,2540
2531,2542
2531,2546
2531,2548
2531,2550
2531,2552
2532,2533
2534,2535
2536,2537
2537,2538
2537,2539
2540,2541
2542,2543
2543,2544
2544,2545
2546,2547
2548,2549
2550,2551
2552,2553
2552,2554
2552,2555
2555,2556
2556,2557
2558,2559
2558,2560
2558,2561
2558,2563
2558,2592
2558,2593
2558,2598
2558,2604
2558,2611
2561,2562
2563,2564
2564,2565
2565,2566
2565,2577
2565,2582
2565,2587
2566,2567
2566,2568
2566,2569
2566,2571
2569,2570
2571,2572
2572,2573
2572,2574
2572,2575
2575,2576
2577,2578
2577,2579
2577,2580
2580,2581
2582,2583
2582,2584
2582,2585
2585,2586
2587,2588
2587,2589
2587,2590
2590,2591
2593,2594
2593,2597
2594,2595
2594,2596
2598,2599
2598,2603
2599,2600
2599,2602
2600,2601
2604,2605
2604,2608
2604,2609
2605,2606
2605,2607
2609,2610
2611,2612
2611,2614
2612,2613
2615,2616
2615,2617
2615,2622
2615,2627
2615,2628
2615,2711
2615,2716
2617,2618
2617,2619
2619,2620
2620,2621
2622,2623
2623,2624
2623,2625
2625,2626
2628,2629
2628,2630
2628,2632
2630,2631
2632,2633
2632,2634
2632,2636
2634,2635
2636,2637
2636,2638
2636,2640
2638,2639
2640,2641
2640,2642
2640,2644
2642,2643
2644,2645
2644,2646
2644,2655
2646,2647
2647,2648
2647,2651
2647,2653
2648,2649
2648,2650
2651,2652
2653,2654
2655,2656
2655,2657
2655,2702
2657,2658
2657,2661
2658,2659
2659,2660
2661,2662
2661,2663
2661,2665
2663,2664
2665,2666
2665,2667
2665,2669
2667,2668
2669,2670
2669,2671
2669,2673
2671,2672
2673,2674
2673,2675
2673,2677
2675,2676
2677,2678
2677,2679
2677,2681
2679,2680
2681,2682
2681,2683
2681,2685
2683,2684
2685,2686
2685,2687
2685,2689
2687,2688
2689,2690
2689,2691
2689,2693
2691,2692
2693,2694
2693,2695
2693,2697
2695,2696
2697,2698
2697,2699
2699,2700
2700,2701
2702,2703
2702,2704
2702,2706
2704,2705
2706,2707
2707,2708
2708,2709
2709,2710
2711,2712
2711,2713
2713,2714
2714,2715
2717,2718
2717,2719
2717,2720
2720,2721
2721,2722
2722,2723
2722,2724
2722,2727
2722,2730
2722,2739
2724,2725
2724,2726
2727,2728
2727,2729
2730,2731
2730,2732
2730,2736
2732,2733
2733,2734
2734,2735
2736,2737
2737,2738
2739,2740
2741,2742
2741,2743
2741,2744
2741,2746
2741,2764
2741,2765
2741,2770
2744,2745
2746,2747
2747,2748
2748,2749
2748,2754
2748,2759
2749,2750
2749,2751
2749,2752
2752,2753
2754,2755
2754,2756
2754,2757
2757,2758
2759,2760
2759,2761
2759,2762
2762,2763
2765,2766
2765,2769
2766,2767
2766,2768
2770,2771
2771,2772
2771,2773
2774,2775
2774,2776
2774,2777
2774,2779
2774,2797
2774,2798
2774,2803
2774,2808
2777,2778
2779,2780
2780,2781
2781,2782
2781,2787
2781,2792
2782,2783
2782,2784
2782,2785
2785,2786
2787,2788
2787,2789
2787,2790
2790,2791
2792,2793
2792,2794
2792,2795
2795,2796
2798,2799
2798,2802
2799,2800
2799,2801
2803,2804
2803,2807
2804,2805
2804,2806
2808,2809
2808,2813
2808,2814
2809,2810
2809,2812
2810,2811
2814,2815
2816,2817
2816,2818
2816,2819
2819,2820
2821,2822
2821,2823
2821,2825
2821,2852
2821,2854
2821,2856
2821,2872
2821,2874
2821,2876
2821,2894
2821,2896
2821,2927
2821,2929
2823,2824
2825,2826
2825,2829
2826,2827
2826,2828
2829,2830
2829,2835
2829,2840
2829,2845
2829,2850
2830,2831
2830,2833
2831,2832
2833,2834
2835,2836
2836,2837
2836,2839
2837,2838
2840,2841
2840,2843
2841,2842
2843,2844
2845,2846
2845,2848
2846,2847
2848,2849
2850,2851
2852,2853
2854,2855
2856,2857
2856,2859
2857,2858
2859,2860
2859,2863
2859,2866
2859,2870
2860,2861
2861,2862
2863,2864
2864,2865
2866,2867
2867,2868
2868,2869
2870,2871
2872,2873
2874,2875
2876,2877
2876,2879
2877,2878
2879,2880
2879,2882
2880,2881
2882,2883
2882,2884
2882,2888
2884,2885
2885,2886
2886,2887
2888,2889
2888,2890
2890,2891
2891,2892
2892,2893
2894,2895
2896,2897
2896,2899
2897,2898
2899,2900
2899,2902
2899,2904
2899,2908
2899,2912
2899,2918
2899,2924
2899,2926
2900,2901
2902,2903
2904,2905
2905,2906
2906,2907
2908,2909
2909,2910
2910,2911
2912,2913
2912,2916
2913,2914
2914,2915
2916,2917
2918,2919
2918,2922
2919,2920
2920,2921
2922,2923
2924,2925
2927,2928
2929,2930
2929,2933
2930,2931
2930,2932
2933,2934
2933,2940
2933,2942
2933,2944
2933,2947
2933,2949
2933,2950
2933,2952
2934,2935
2935,2936
2935,2939
2936,2937
2937,2938
2940,2941
2942,2943
2944,2945
2945,2946
2947,2948
2950,2951
2952,2953
2952,2959
2953,2954
2954,2955
2954,2958
2955,2956
2956,2957
2960,2961
2960,2962
2960,2963
2960,2964
2960,2965
2960,2966
2960,2971
2960,2974
2960,2978
2960,2980
2960,2981
2960,2982
2960,3030
2966,2967
2966,2968
2968,2969
2968,2970
2971,2972
2972,2973
2974,2975
2975,2976
2976,2977
2978,2979
2982,2983
2982,2984
2982,3015
2984,2985
2984,2988
2984,2996
2984,2999
2984,3007
2985,2986
2986,2987
2988,2989
2988,2990
2990,2991
2990,2994
2990,2995
2991,2992
2992,2993
2996,2997
2997,2998
2999,3000
2999,3001
3001,3002
3001,3005
3001,3006
3002,3003
3003,3004
3007,3008
3007,3009
3009,3010
3009,3011
3009,3014
3011,3012
3012,3013
3015,3016
3015,3018
3016,3017
3018,3019
3018,3020
3020,3021
3020,3022
3020,3025
3020,3029
3022,3023
3023,3024
3025,3026
3025,3027
3027,3028
3030,3031
3030,3032
3030,3172
3032,3033
3032,3035
3032,3037
3033,3034
3035,3036
3037,3038
3037,3043
3037,3166
3038,3039
3038,3042
3039,3040
3039,3041
3043,3044
3043,3047
3043,3050
3043,3052
3043,3053
3043,3054
3043,3113
3043,3126
3044,3045
3045,3046
3047,3048
3048,3049
3050,3051
3054,3055
3054,3056
3056,3057
3056,3058
3056,3060
3056,3061
3056,3079
3056,3088
3056,3092
3056,3112
3058,3059
3061,3062
3061,3063
3061,3077
3063,3064
3064,3065
3064,3070
3064,3073
3065,3066
3066,3067
3067,3068
3067,3069
3070,3071
3070,3072
3073,3074
3073,3075
3075,3076
3077,3078
3079,3080
3079,3081
3079,3085
3081,3082
3082,3083
3083,3084
3085,3086
3086,3087
3088,3089
3089,3090
3090,3091
3092,3093
3092,3096
3092,3110
3093,3094
3094,3095
3096,3097
3096,3109
3097,3098
3098,3099
3098,3101
3098,3103
3098,3106
3099,3100
3101,3102
3103,3104
3104,3105
3106,3107
3107,3108
3110,3111
3113,3114
3113,3115
3115,3116
3115,3123
3115,3124
3115,3125
3116,3117
3116,3118
3118,3119
3119,3120
3120,3121
3121,3122
3126,3127
3126,3164
3127,3128
3127,3132
3128,3129
3129,3130
3130,3131
3132,3133
3132,3134
3132,3139
3134,3135
3134,3137
3135,3136
3137,3138
3139,3140
3139,3142
3140,3141
3142,3143
3142,3146
3142,3157
3143,3144
3143,3145
3146,3147
3146,3151
3146,3152
3146,3153
3146,3155
3147,3148
3148,3149
3149,3150
3153,3154
3155,3156
3157,3158
3157,3161
3158,3159
3158,3160
3161,3162
3162,3163
3164,3165
3166,3167
3166,3169
3167,3168
3169,3170
3170,3171
3172,3173
3172,3174
3174,3175
3174,3176
3176,3177
3176,3180
3176,3182
3176,3184
3176,3219
3177,3178
3178,3179
3180,3181
3182,3183
3184,3185
3184,3190
3184,3215
3185,3186
3185,3189
3186,3187
3186,3188
3190,3191
3190,3192
3190,3199
3190,3209
3190,3214
3192,3193
3192,3194
3194,3195
3194,3197
3194,3198
3195,3196
3199,3200
3199,3201
3201,3202
3201,3207
3201,3208
3202,3203
3202,3204
3204,3205
3205,3206
3209,3210
3209,3211
3211,3212
3212,3213
3215,3216
3215,3218
3216,3217
3220,3221
3220,3222
3222,3223
3222,3226
3223,3224
3223,3225
3226,3227
3227,3228
3227,3230
3228,3229
3230,3231
3230,3242
3231,3232
3231,3233
3231,3240
3233,3234
3234,3235
3235,3236
3236,3237
3236,3238
3236,3239
3240,3241
3242,3243
3244,3245
3244,3246
3244,3247
3244,3248
3248,3249
3249,3250
3250,3251
3250,3255
3250,3256
3250,3260
3250,3261
3250,3262
3250,3263
3251,3252
3252,3253
3252,3254
3256,3257
3257,3258
3257,3259
3263,3264
3263,3265
3265,3266
3267,3268
3267,3269
3267,3270
3267,3271
3267,3273
3267,3279
3271,3272
3273,3274
3273,3275
3275,3276
3276,3277
3277,3278
3279,3280
3279,3287
3280,3281
3280,3282
3282,3283
3283,3284
3284,3285
3285,3286
3287,3288
3289,3290
3290,3291
3290,3293
3290,3329
3290,3330
3291,3292
3293,3294
3293,3328
3294,3295
3295,3296
3296,3297
3296,3300
3296,3304
3296,3308
3296,3313
3296,3318
3296,3323
3297,3298
3297,3299
3300,3301
3300,3302
3300,3303
3304,3305
3304,3306
3304,3307
3308,3309
3308,3310
3308,3311
3308,3312
3313,3314
3313,3315
3313,3316
3313,3317
3318,3319
3318,3320
3318,3321
3318,3322
3323,3324
3323,3325
3323,3326
3323,3327
3330,3331
3330,3332
3332,3333
3334,3335
3334,3336
3337,3338
3337,3339
3337,3342
3337,3348
3339,3340
3340,3341
3342,3343
3343,3344
3343,3346
3344,3345
3346,3347
3348,3349
3350,3351
3350,3356
3350,3358
3350,3360
3350,3361
3350,3363
3350,3365
3351,3352
3351,3353
3351,3355
3353,3354
3356,3357
3358,3359
3361,3362
3363,3364
3365,3366
3366,3367
3366,3370
3367,3368
3368,3369
3371,3372
3371,3375
3372,3373
3373,3374
3375,3376
3376,3377
3378,3379
3378,3380
3378,3381
3378,3382
3378,3383
3378,3384
3378,3385
3378,3386
3378,3389
3386,3387
3387,3388
3389,3390
3391,3392
3391,3393
3391,3394
3391,3396
3391,3414
3394,3395
3396,3397
3397,3398
3398,3399
3398,3404
3398,3409
3399,3400
3399,3401
3399,3402
3402,3403
3404,3405
3404,3406
3404,3407
3407,3408
3409,3410
3409,3411
3409,3412
3412,3413
3414,3415
3414,3418
3415,3416
3415,3417
3419,3420
3419,3421
3419,3422
3419,3424
3419,3442
3422,3423
3424,3425
3425,3426
3426,3427
3426,3432
3426,3437
3427,3428
3427,3429
3427,3430
3430,3431
3432,3433
3432,3434
3432,3435
3435,3436
3437,3438
3437,3439
3437,3440
3440,3441
3442,3443
3442,3446
3443,3444
3443,3445
3447,3448
3447,3449
3447,3450
3447,3451
3447,3452
3447,3453
3447,3454
3447,3462
3447,3465
3447,3467
3454,3455
3454,3459
3455,3456
3455,3457
3455,3458
3459,3460
3460,3461
3462,3463
3463,3464
3465,3466
3468,3469
3468,3470
3468,3487
3470,3471
3470,3472
3472,3473
3472,3476
3473,3474
3474,3475
3476,3477
3476,3478
3478,3479
3478,3481
3479,3480
3481,3482
3481,3485
3482,3483
3482,3484
3485,3486
3488,3489
3488,3490
3488,3491
3488,3494
3488,3512
3488,3513
3488,3518
3488,3522
3491,3492
3492,3493
3494,3495
3495,3496
3496,3497
3496,3502
3496,3507
3497,3498
3497,3499
3497,3500
3500,3501
3502,3503
3502,3504
3502,3505
3505,3506
3507,3508
3507,3509
3507,3510
3510,3511
3513,3514
3513,3517
3514,3515
3514,3516
3518,3519
3518,3521
3519,3520
3522,3523
3522,3525
3523,3524
3526,3527
3526,3528
3526,3529
3526,3530
3526,3532
3526,3534
3526,3537
3526,3538
3530,3531
3532,3533
3534,3535
3535,3536
3538,3539
3540,3541
3540,3542
3540,3543
3540,3544
3540,3545
3540,3546
3540,3547
3540,3548
3540,3550
3540,3552
3540,3554
3540,3556
3540,3558
3548,3549
3550,3551
3552,3553
3554,3555
3556,3557
3558,3559
3560,3561
3560,3562
3560,3563
3560,3565
3560,3588
3560,3589
3560,3594
3563,3564
3565,3566
3566,3567
3567,3568
3567,3573
3567,3578
3567,3583
3568,3569
3568,3570
3568,3571
3571,3572
3573,3574
3573,3575
3573,3576
3576,3577
3578,3579
3578,3580
3578,3581
3581,3582
3583,3584
3583,3585
3583,3586
3586,3587
3589,3590
3589,3593
3590,3591
3590,3592
3594,3595
3595,3596
3595,3597
3598,3599
3598,3600
3598,3601
3598,3606
3598,3614
3598,3616
3601,3602
3601,3604
3602,3603
3604,3605
3606,3607
3606,3612
3607,3608
3607,3609
3609,3610
3609,3611
3612,3613
3614,3615
3616,3617
3617,3618
3617,3627
3618,3619
3618,3626
3619,3620
3619,3625
3620,3621
3620,3624
3621,3622
3621,3623
3628,3629
3629,3630
3629,3632
3629,3668
3629,3669
3630,3631
3632,3633
3632,3667
3633,3634
3634,3635
3635,3636
3635,3639
3635,3643
3635,3648
3635,3653
3635,3658
3635,3663
3636,3637
3636,3638
3639,3640
3639,3641
3639,3642
3643,3644
3643,3645
3643,3646
3643,3647
3648,3649
3648,3650
3648,3651
3648,3652
3653,3654
3653,3655
3653,3656
3653,3657
3658,3659
3658,3660
3658,3661
3658,3662
3663,3664
3663,3665
3663,3666
3669,3670
3669,3671
3671,3672
3673,3674
3673,3675
3673,3680
3675,3676
3676,3677
3676,3678
3676,3679
3680,3681
3681,3682
3683,3684
3683,3685
3685,3686
3687,3688
3687,3689
3687,3690
3687,3691
3687,3694
3687,3701
3687,3711
3687,3713
3687,3714
3687,3720
3687,3724
3687,3726
3687,3728
3687,3729
3687,3731
3691,3692
3692,3693
3694,3695
3695,3696
3696,3697
3696,3700
3697,3698
3697,3699
3701,3702
3701,3706
3702,3703
3702,3704
3704,3705
3706,3707
3706,3709
3706,3710
3707,3708
3711,3712
3714,3715
3715,3716
3715,3717
3717,3718
3718,3719
3720,3721
3721,3722
3722,3723
3724,3725
3726,3727
3729,3730
3731,3732
3731,3734
3732,3733
3734,3735
3734,3738
3734,3740
3735,3736
3736,3737
3738,3739
3740,3741
3742,3743
3742,3744
3742,3745
3745,3746
3745,3749
3745,3751
3746,3747
3746,3748
3749,3750
3751,3752
3752,3753
3752,3756
3753,3754
3753,3755
3756,3757
3758,3759
3758,3760
3758,3761
3758,3762
3758,3763
3758,3764
3764,3765
3766,3767
3766,3768
3766,3770
3766,3772
3766,3774
3766,3776
3766,3778
3766,3780
3766,3782
3766,3784
3766,3786
3766,3788
3766,3789
3766,3791
3766,3793
3766,3799
3766,3802
3766,3805
3766,3807
3768,3769
3770,3771
3772,3773
3774,3775
3776,3777
3778,3779
3780,3781
3782,3783
3784,3785
3786,3787
3789,3790
3791,3792
3793,3794
3794,3795
3794,3798
3795,3796
3795,3797
3799,3800
3800,3801
3802,3803
3803,3804
3805,3806
3807,3808
3809,3810
3809,3811
3809,3812
3809,3813
3809,3815
3809,3816
3809,3817
3809,3819
3809,3821
3809,3822
3809,3824
3809,3826
3813,3814
3817,3818
3819,3820
3822,3823
3824,3825
3826,3827
3826,3828
3828,3829
3829,3830
3831,3832
3831,3833
3834,3835
3834,3836
3834,3838
3834,3856
3836,3837
3838,3839
3838,3842
3839,3840
3839,3841
3842,3843
3842,3847
3842,3851
3842,3853
3843,3844
3843,3845
3843,3846
3847,3848
3848,3849
3848,3850
3851,3852
3853,3854
3853,3855
3857,3858
3857,3859
3857,3860
3857,3861
3857,3862
3857,3863
3857,3868
3857,3871
3857,3875
3857,3877
3857,3878
3857,3879
3857,3927
3863,3864
3863,3865
3865,3866
3865,3867
3868,3869
3869,3870
3871,3872
3872,3873
3873,3874
3875,3876
3879,3880
3879,3881
3879,3912
3881,3882
3881,3885
3881,3893
3881,3896
3881,3904
3882,3883
3883,3884
3885,3886
3885,3887
3887,3888
3887,3891
3887,3892
3888,3889
3889,3890
3893,3894
3894,3895
3896,3897
3896,3898
3898,3899
3898,3902
3898,3903
3899,3900
3900,3901
3904,3905
3904,3906
3906,3907
3906,3908
3906,3911
3908,3909
3909,3910
3912,3913
3912,3915
3913,3914
3915,3916
3915,3917
3917,3918
3917,3919
3917,3922
3917,3926
3919,3920
3920,3921
3922,3923
3922,3924
3924,3925
3927,3928
3927,3929
3927,4069
3929,3930
3929,3932
3929,3934
3930,3931
3932,3933
3934,3935
3934,3940
3934,4063
3935,3936
3935,3939
3936,3937
3936,3938
3940,3941
3940,3944
3940,3947
3940,3949
3940,3950
3940,3951
3940,4010
3940,4023
3941,3942
3942,3943
3944,3945
3945,3946
3947,3948
3951,3952
3951,3953
3953,3954
3953,3955
3953,3957
3953,3958
3953,3976
3953,3985
3953,3989
3953,4009
3955,3956
3958,3959
3958,3960
3958,3974
3960,3961
3961,3962
3961,3967
3961,3970
3962,3963
3963,3964
3964,3965
3964,3966
3967,3968
3967,3969
3970,3971
3970,3972
3972,3973
3974,3975
3976,3977
3976,3978
3976,3982
3978,3979
3979,3980
3980,3981
3982,3983
3983,3984
3985,3986
3986,3987
3987,3988
3989,3990
3989,3993
3989,4007
3990,3991
3991,3992
3993,3994
3993,4006
3994,3995
3995,3996
3995,3998
3995,4000
3995,4003
3996,3997
3998,3999
4000,4001
4001,4002
4003,4004
4004,4005
4007,4008
4010,4011
4010,4012
4012,4013
4012,4020
4012,4021
4012,4022
4013,4014
4013,4015
4015,4016
4016,4017
4017,4018
4018,4019
4023,4024
4023,4061
4024,4025
4024,4029
4025,4026
4026,4027
4027,4028
4029,4030
4029,4031
4029,4036
4031,4032
4031,4034
4032,4033
4034,4035
4036,4037
4036,4039
4037,4038
4039,4040
4039,4043
4039,4054
4040,4041
4040,4042
4043,4044
4043,4048
4043,4049
4043,4050
4043,4052
4044,4045
4045,4046
4046,4047
4050,4051
4052,4053
4054,4055
4054,4058
4055,4056
4055,4057
4058,4059
4059,4060
4061,4062
4063,4064
4063,4066
4064,4065
4066,4067
4067,4068
4069,4070
4069,4071
4071,4072
4071,4073
4073,4074
4073,4077
4073,4079
4073,4081
4073,4116
4074,4075
4075,4076
4077,4078
4079,4080
4081,4082
4081,4087
4081,4112
4082,4083
4082,4086
4083,4084
4083,4085
4087,4088
4087,4089
4087,4096
4087,4106
4087,4111
4089,4090
4089,4091
4091,4092
4091,4094
4091,4095
4092,4093
4096,4097
4096,4098
4098,4099
4098,4104
4098,4105
4099,4100
4099,4101
4101,4102
4102,4103
4106,4107
4106,4108
4108,4109
4109,4110
4112,4113
4112,4115
4113,4114
4117,4118
4117,4119
4117,4122
4119,4120
4120,4121
4122,4123
4122,4124
4125,4126
4125,4127
4125,4128
4125,4130
4125,4153
4125,4154
4125,4159
4128,4129
4130,4131
4131,4132
4132,4133
4132,4138
4132,4143
4132,4148
4133,4134
4133,4135
4133,4136
4136,4137
4138,4139
4138,4140
4138,4141
4141,4142
4143,4144
4143,4145
4143,4146
4146,4147
4148,4149
4148,4150
4148,4151
4151,4152
4154,4155
4154,4158
4155,4156
4155,4157
4159,4160
4160,4161
4160,4162
4163,4164
4163,4165
4163,4167
4163,4169
4163,4171
4163,4173
4163,4175
4163,4184
4163,4203
4163,4205
4163,4207
4163,4258
4163,4260
4163,4267
4163,4269
4163,4270
4163,4273
4163,4279
4163,4284
4163,4285
4163,4305
4163,4307
4163,4326
4165,4166
4167,4168
4169,4170
4171,4172
4173,4174
4175,4176
4175,4179
4176,4177
4176,4178
4179,4180
4179,4182
4179,4183
4180,4181
4184,4185
4184,4186
4186,4187
4186,4189
4187,4188
4189,4190
4189,4191
4189,4199
4191,4192
4192,4193
4192,4195
4193,4194
4195,4196
4195,4197
4195,4198
4199,4200
4199,4201
4199,4202
4203,4204
4205,4206
4207,4208
4207,4209
4209,4210
4209,4211
4209,4214
4209,4251
4209,4257
4211,4212
4212,4213
4214,4215
4214,4216
4216,4217
4216,4219
4217,4218
4219,4220
4219,4221
4221,4222
4221,4224
4222,4223
4224,4225
4224,4226
4226,4227
4227,4228
4227,4229
4229,4230
4229,4232
4229,4239
4229,4243
4230,4231
4232,4233
4233,4234
4233,4235
4233,4237
4235,4236
4237,4238
4239,4240
4240,4241
4241,4242
4243,4244
4243,4248
4244,4245
4244,4246
4246,4247
4248,4249
4249,4250
4251,4252
4251,4253
4253,4254
4253,4255
4253,4256
4258,4259
4260,4261
4260,4262
4262,4263
4262,4265
4262,4266
4263,4264
4267,4268
4270,4271
4271,4272
4273,4274
4273,4275
4275,4276
4276,4277
4277,4278
4279,4280
4279,4281
4281,4282
4282,4283
4285,4286
4285,4287
4287,4288
4287,4291
4287,4299
4287,4301
4288,4289
4289,4290
4291,4292
4291,4293
4293,4294
4293,4297
4293,4298
4294,4295
4294,4296
4299,4300
4301,4302
4301,4303
4303,4304
4305,4306
4307,4308
4307,4311
4308,4309
4308,4310
4311,4312
4311,4314
4312,4313
4314,4315
4314,4316
4314,4322
4316,4317
4316,4319
4316,4320
4316,4321
4317,4318
4322,4323
4322,4324
4322,4325
4326,4327
4326,4328
4328,4329
4328,4330
4328,4333
4328,4335
4330,4331
4331,4332
4333,4334
4335,4336
4335,4339
4335,4385
4336,4337
4336,4338
4339,4340
4340,4341
4340,4343
4340,4344
4340,4381
4341,4342
4344,4345
4344,4346
4344,4378
4346,4347
4346,4357
4346,4362
4347,4348
4347,4350
4348,4349
4350,4351
4351,4352
4351,4353
4353,4354
4353,4355
4353,4356
4357,4358
4357,4359
4359,4360
4359,4361
4362,4363
4362,4375
4363,4364
4363,4367
4364,4365
4365,4366
4367,4368
4367,4369
4367,4371
4369,4370
4371,4372
4371,4373
4373,4374
4375,4376
4375,4377
4378,4379
4378,4380
4381,4382
4381,4383
4381,4384
4385,4386
4385,4387
4385,4390
4387,4388
4388,4389
4390,4391
4390,4392
4390,4394
4392,4393
4394,4395
4394,4396
4396,4397
4398,4399
4398,4400
4398,4404
4398,4405
4398,4406
4398,4408
4398,4410
4398,4412
4398,4415
4398,4417
4398,4420
4398,4423
4398,4424
4400,4401
4400,4402
4402,4403
4406,4407
4408,4409
4410,4411
4412,4413
4413,4414
4415,4416
4417,4418
4417,4419
4420,4421
4420,4422
4424,4425
4424,4426
4426,4427
4428,4429
4428,4430
4428,4433
4428,4437
4428,4440
4428,4442
4428,4444
4430,4431
4431,4432
4433,4434
4433,4435
4435,4436
4437,4438
4437,4439
4440,4441
4442,4443
4444,4445
4446,4447
4446,4448
4446,4449
4446,4452
4446,4481
4446,4482
4446,4487
4446,4491
4449,4450
4450,4451
4452,4453
4453,4454
4454,4455
4454,4466
4454,4471
4454,4476
4455,4456
4455,4457
4455,4458
4455,4460
4458,4459
4460,4461
4461,4462
4461,4463
4461,4464
4464,4465
4466,4467
4466,4468
4466,4469
4469,4470
4471,4472
4471,4473
4471,4474
4474,4475
4476,4477
4476,4478
4476,4479
4479,4480
4482,4483
4482,4486
4483,4484
4483,4485
4487,4488
4487,4490
4488,4489
4491,4492
4491,4494
4492,4493
4495,4496
4495,4497
4495,4498
4495,4500
4495,4518
4498,4499
4500,4501
4501,4502
4502,4503
4502,4508
4502,4513
4503,4504
4503,4505
4503,4506
4506,4507
4508,4509
4508,4510
4508,4511
4511,4512
4513,4514
4513,4515
4513,4516
4516,4517
4518,4519
4518,4522
4519,4520
4519,4521
4523,4524
4523,4525
4523,4526
4523,4528
4523,4551
4523,4552
4523,4557
4526,4527
4528,4529
4529,4530
4530,4531
4530,4536
4530,4541
4530,4546
4531,4532
4531,4533
4531,4534
4534,4535
4536,4537
4536,4538
4536,4539
4539,4540
4541,4542
4541,4543
4541,4544
4544,4545
4546,4547
4546,4548
4546,4549
4549,4550
4552,4553
4552,4556
4553,4554
4553,4555
4557,4558
4558,4559
4558,4560
4561,4562
4561,4563
4561,4564
4561,4566
4561,4584
4564,4565
4566,4567
4567,4568
4568,4569
4568,4574
4568,4579
4569,4570
4569,4571
4569,4572
4572,4573
4574,4575
4574,4576
4574,4577
4577,4578
4579,4580
4579,4581
4579,4582
4582,4583
4584,4585
4584,4588
4585,4586
4585,4587
4589,4590
4589,4591
4589,4594
4589,4603
4591,4592
4592,4593
4594,4595
4595,4596
4595,4597
4595,4599
4595,4601
4595,4602
4597,4598
4599,4600
4604,4605
4604,4606
4604,4607
4604,4613
4604,4616
4604,4618
4604,4625
4604,4627
4607,4608
4607,4611
4608,4609
4608,4610
4611,4612
4613,4614
4614,4615
4616,4617
4618,4619
4618,4622
4619,4620
4619,4621
4622,4623
4623,4624
4625,4626
4627,4628
4627,4631
4628,4629
4628,4630
4631,4632
4633,4634
4633,4635
4633,4637
4633,4641
4633,4643
4633,4645
4633,4647
4633,4649
4633,4651
4633,4659
4635,4636
4637,4638
4638,4639
4639,4640
4641,4642
4643,4644
4645,4646
4647,4648
4649,4650
4651,4652
4652,4653
4652,4654
4654,4655
4655,4656
4656,4657
4657,4658
4659,4660
4661,4662
4661,4663
4661,4665
4661,4666
4663,4664
4666,4667
4666,4669
4666,4671
4667,4668
4669,4670
4671,4672
4673,4674
4673,4675
4673,4676
4673,4678
4673,4679
4673,4681
4673,4682
4673,4686
4673,4688
4673,4692
4673,4697
4673,4699
4673,4701
4676,4677
4679,4680
4682,4683
4683,4684
4684,4685
4686,4687
4688,4689
4688,4690
4690,4691
4692,4693
4692,4694
4694,4695
4695,4696
4697,4698
4699,4700
4702,4703
4702,4704
4702,4705
4702,4706
4702,4707
4702,4708
4702,4709
4702,4710
4702,4711
4702,4713
4702,4715
4702,4717
4702,4732
4702,4734
4702,4737
4702,4743
4702,4746
4702,4747
4702,4748
4702,4749
4702,4754
4702,4763
4702,4766
4702,4772
4702,4775
4711,4712
4713,4714
4715,4716
4717,4718
4717,4719
4717,4722
4719,4720
4720,4721
4722,4723
4722,4726
4722,4728
4723,4724
4723,4725
4726,4727
4728,4729
4729,4730
4730,4731
4732,4733
4734,4735
4735,4736
4737,4738
4738,4739
4738,4740
4740,4741
4741,4742
4743,4744
4744,4745
4749,4750
4750,4751
4751,4752
4752,4753
4754,4755
4754,4759
4755,4756
4756,4757
4757,4758
4759,4760
4760,4761
4761,4762
4763,4764
4764,4765
4766,4767
4766,4768
4768,4769
4769,4770
4770,4771
4772,4773
4773,4774
4775,4776
4777,4778
4777,4779
4777,4781
4777,4783
4777,4785
4777,4787
4777,4789
4777,4791
4777,4792
4777,4794
4777,4799
4779,4780
4781,4782
4783,4784
4785,4786
4787,4788
4789,4790
4792,4793
4794,4795
4794,4798
4795,4796
4795,4797
4799,4800
4799,4803
4800,4801
4800,4802
4804,4805
4804,4810
4804,4811
4805,4806
4805,4807
4805,4808
4808,4809
4811,4812
4812,4813
4814,4815
4814,4816
4814,4819
4814,4821
4814,4829
4816,4817
4817,4818
4819,4820
4821,4822
4822,4823
4822,4824
4822,4827
4822,4828
4824,4825
4825,4826
4830,4831
4830,4832
4830,4833
4830,4835
4830,4858
4830,4863
4833,4834
4835,4836
4836,4837
4837,4838
4837,4843
4837,4848
4837,4853
4838,4839
4838,4840
4838,4841
4841,4842
4843,4844
4843,4845
4843,4846
4846,4847
4848,4849
4848,4850
4848,4851
4851,4852
4853,4854
4853,4855
4853,4856
4856,4857
4858,4859
4858,4862
4859,4860
4859,4861
4863,4864
4863,4866
4864,4865
4867,4868
4867,4869
4869,4870
4871,4872
4871,4873
4871,4874
4871,4876
4871,4894
4871,4895
4871,4900
4874,4875
4876,4877
4877,4878
4878,4879
4878,4884
4878,4889
4879,4880
4879,4881
4879,4882
4882,4883
4884,4885
4884,4886
4884,4887
4887,4888
4889,4890
4889,4891
4889,4892
4892,4893
4895,4896
4895,4899
4896,4897
4896,4898
4900,4901
4900,4904
4901,4902
4901,4903
4905,4906
4905,4908
4905,4910
4906,4907
4908,4909
4910,4911
4911,4912
4913,4914
4913,4915
4913,4916
4913,4917
4913,4918
4913,4919
4913,4920
4913,4921
4913,4923
4913,4925
4913,4927
4913,4929
4913,4931
4921,4922
4923,4924
4925,4926
4927,4928
4929,4930
4931,4932
4931,4942
4931,4952
4931,4962
4931,4972
4931,4982
4931,4992
4931,5002
4931,5012
4932,4933
4933,4934
4934,4935
4934,4936
4934,4937
4934,4938
4934,4939
4934,4940
4934,4941
4942,4943
4943,4944
4944,4945
4944,4946
4944,4947
4944,4948
4944,4949
4944,4950
4944,4951
4952,4953
4953,4954
4954,4955
4954,4956
4954,4957
4954,4958
4954,4959
4954,4960
4954,4961
4962,4963
4963,4964
4964,4965
4964,4966
4964,4967
4964,4968
4964,4969
4964,4970
4964,4971
4972,4973
4973,4974
4974,4975
4974,4976
4974,4977
4974,4978
4974,4979
4974,4980
4974,4981
4982,4983
4983,4984
4984,4985
4984,4986
4984,4987
4984,4988
4984,4989
4984,4990
4984,4991
4992,4993
4993,4994
4994,4995
4994,4996
4994,4997
4994,4998
4994,4999
4994,5000
4994,5001
5002,5003
5003,5004
5004,5005
5004,5006
5004,5007
5004,5008
5004,5009
5004,5010
5004,5011
5012,5013
5014,5015
5015,5016
5015,5018
5015,5054
5015,5055
5016,5017
5018,5019
5018,5053
5019,5020
5020,5021
5021,5022
5021,5025
5021,5029
5021,5033
5021,5038
5021,5043
5021,5048
5022,5023
5022,5024
5025,5026
5025,5027
5025,5028
5029,5030
5029,5031
5029,5032
5033,5034
5033,5035
5033,5036
5033,5037
5038,5039
5038,5040
5038,5041
5038,5042
5043,5044
5043,5045
5043,5046
5043,5047
5048,5049
5048,5050
5048,5051
5048,5052
5055,5056
5055,5057
5057,5058
5059,5060
5059,5061
5061,5062
5061,5065
5062,5063
5062,5064
5065,5066
5066,5067
5066,5069
5067,5068
5069,5070
5069,5081
5070,5071
5070,5072
5070,5079
5072,5073
5073,5074
5074,5075
5075,5076
5075,5077
5075,5078
5079,5080
5081,5082
5083,5084
5083,5085
5083,5086
5083,5089
5083,5091
5083,5093
5086,5087
5087,5088
5089,5090
5091,5092
5093,5094
5093,5096
5094,5095
5097,5098
5097,5099
5099,5100
5101,5102
5101,5104
5101,5107
5101,5110
5102,5103
5104,5105
5105,5106
5107,5108
5108,5109
5110,5111
5110,5112
5112,5113
5112,5115
5113,5114
5115,5116
5115,5117
5117,5118
5117,5121
5118,5119
5119,5120
5121,5122
5121,5123
5123,5124
5123,5127
5124,5125
5125,5126
5127,5128
5127,5129
5129,5130
5130,5131
5130,5132
5132,5133
5132,5136
5133,5134
5134,5135
5136,5137
5136,5138
5138,5139
5140,5141
5140,5142
5140,5143
5140,5145
5140,5163
5140,5164
5140,5169
5140,5174
5143,5144
5145,5146
5146,5147
5147,5148
5147,5153
5147,5158
5148,5149
5148,5150
5148,5151
5151,5152
5153,5154
5153,5155
5153,5156
5156,5157
5158,5159
5158,5160
5158,5161
5161,5162
5164,5165
5164,5168
5165,5166
5165,5167
5169,5170
5169,5173
5170,5171
5170,5172
5174,5175
5174,5179
5174,5180
5175,5176
5175,5178
5176,5177
5180,5181
5182,5183
5182,5184
5184,5185
5185,5186
5186,5187
5187,5188
5188,5189
5189,5190
5190,5191
5191,5192
5192,5193
5193,5194
5194,5195
5195,5196
5196,5197
5197,5198
5198,5199
5199,5200
5200,5201
5201,5202
5202,5203
5203,5204
5204,5205
5205,5206
5206,5207
5207,5208
5208,5209
5209,5210
5210,5211
5211,5212
5212,5213
5213,5214
5215,5216
5215,5217
5215,5218
5215,5219
5215,5227
5219,5220
5219,5223
5220,5221
5220,5222
5223,5224
5224,5225
5225,5226
5227,5228
5227,5231
5228,5229
5228,5230
5231,5232
5232,5233
5233,5234
5235,5236
5235,5237
5235,5241
5237,5238
5237,5239
5239,5240
5241,5242
5242,5243
5243,5244
5243,5245
5245,5246
5247,5248
5247,5249
5247,5251
5247,5278
5247,5280
5247,5282
5247,5298
5247,5300
5247,5302
5247,5326
5247,5328
5247,5359
5247,5361
5249,5250
5251,5252
5251,5255
5252,5253
5252,5254
5255,5256
5255,5261
5255,5266
5255,5271
5255,5276
5256,5257
5256,5259
5257,5258
5259,5260
5261,5262
5262,5263
5262,5265
5263,5264
5266,5267
5266,5269
5267,5268
5269,5270
5271,5272
5271,5274
5272,5273
5274,5275
5276,5277
5278,5279
5280,5281
5282,5283
5282,5285
5283,5284
5285,5286
5285,5289
5285,5292
5285,5296
5286,5287
5287,5288
5289,5290
5290,5291
5292,5293
5293,5294
5294,5295
5296,5297
5298,5299
5300,5301
5302,5303
5302,5305
5303,5304
5305,5306
5305,5308
5306,5307
5308,5309
5308,5310
5308,5314
5310,5311
5311,5312
5312,5313
5314,5315
5314,5316
5314,5320
5316,5317
5317,5318
5318,5319
5320,5321
5320,5322
5322,5323
5323,5324
5324,5325
5326,5327
5328,5329
5328,5331
5329,5330
5331,5332
5331,5334
5331,5336
5331,5340
5331,5344
5331,5350
5331,5356
5331,5358
5332,5333
5334,5335
5336,5337
5337,5338
5338,5339
5340,5341
5341,5342
5342,5343
5344,5345
5344,5348
5345,5346
5346,5347
5348,5349
5350,5351
5350,5354
5351,5352
5352,5353
5354,5355
5356,5357
5359,5360
5361,5362
5361,5365
5362,5363
5362,5364
5365,5366
5365,5372
5365,5374
5365,5376
5365,5379
5365,5381
5365,5382
5365,5384
5366,5367
5367,5368
5367,5371
5368,5369
5369,5370
5372,5373
5374,5375
5376,5377
5377,5378
5379,5380
5382,5383
5384,5385
5384,5391
5385,5386
5386,5387
5386,5390
5387,5388
5388,5389
5392,5393
5392,5394
5392,5395
5392,5397
5392,5420
5392,5421
5392,5426
5395,5396
5397,5398
5398,5399
5399,5400
5399,5405
5399,5410
5399,5415
5400,5401
5400,5402
5400,5403
5403,5404
5405,5406
5405,5407
5405,5408
5408,5409
5410,5411
5410,5412
5410,5413
5413,5414
5415,5416
5415,5417
5415,5418
5418,5419
5421,5422
5421,5425
5422,5423
5422,5424
5426,5427
5427,5428
5427,5429
5430,5431
5430,5432
5430,5433
5430,5435
5430,5458
5430,5463
5433,5434
5435,5436
5436,5437
5437,5438
5437,5443
5437,5448
5437,5453
5438,5439
5438,5440
5438,5441
5441,5442
5443,5444
5443,5445
5443,5446
5446,5447
5448,5449
5448,5450
5448,5451
5451,5452
5453,5454
5453,5455
5453,5456
5456,5457
5458,5459
5458,5462
5459,5460
5459,5461
5463,5464
5463,5466
5464,5465
5467,5468
5467,5472
5467,5474
5467,5475
5467,5477
5467,5478
5467,5480
5467,5482
5467,5484
5467,5486
5467,5488
5467,5492
5467,5494
5468,5469
5468,5470
5468,5471
5472,5473
5475,5476
5478,5479
5480,5481
5482,5483
5484,5485
5486,5487
5488,5489
5489,5490
5490,5491
5492,5493
5494,5495
5496,5497
5496,5498
5496,5499
5496,5507
5496,5509
5496,5510
5496,5516
5496,5517
5496,5519
5499,5500
5499,5502
5500,5501
5502,5503
5502,5504
5502,5506
5504,5505
5507,5508
5510,5511
5510,5514
5511,5512
5512,5513
5514,5515
5517,5518
5520,5521
5520,5522
5520,5523
5520,5526
5520,5529
5520,5531
5520,5533
5520,5539
5520,5540
5520,5544
5520,5545
5520,5546
5520,5549
5520,5550
5520,5554
5520,5556
5520,5558
5520,5561
5520,5570
5520,5571
5520,5574
5520,5577
5523,5524
5524,5525
5526,5527
5527,5528
5529,5530
5531,5532
5533,5534
5533,5535
5535,5536
5536,5537
5536,5538
5540,5541
5541,5542
5541,5543
5546,5547
5547,5548
5550,5551
5550,5552
5552,5553
5554,5555
5556,5557
5558,5559
5559,5560
5561,5562
5561,5566
5562,5563
5563,5564
5564,5565
5566,5567
5566,5568
5568,5569
5571,5572
5572,5573
5574,5575
5575,5576
5577,5578
5578,5579
5580,5581
5580,5582
5580,5583
5580,5591
5580,5593
5580,5595
5580,5596
5580,5602
5580,5603
5580,5605
5583,5584
5583,5586
5584,5585
5586,5587
5586,5588
5586,5590
5588,5589
5591,5592
5593,5594
5596,5597
5596,5600
5597,5598
5598,5599
5600,5601
5603,5604
5606,5607
5606,5608
5609,5610
5609,5611
5609,5614
5609,5616
5609,5624
5611,5612
5612,5613
5614,5615
5616,5617
5617,5618
5617,5619
5617,5622
5617,5623
5619,5620
5620,5621
5625,5626
5625,5627
5625,5629
5625,5647
5627,5628
5629,5630
5629,5633
5630,5631
5630,5632
5633,5634
5633,5638
5633,5642
5633,5644
5634,5635
5634,5636
5634,5637
5638,5639
5639,5640
5639,5641
5642,5643
5644,5645
5644,5646
5648,5649
5648,5655
5648,5656
5648,5658
5648,5661
5648,5664
5648,5668
5648,5669
5648,5670
5648,5672
5648,5676
5648,5677
5648,5684
5649,5650
5649,5651
5649,5652
5649,5654
5652,5653
5656,5657
5658,5659
5659,5660
5661,5662
5662,5663
5664,5665
5665,5666
5665,5667
5670,5671
5672,5673
5673,5674
5673,5675
5677,5678
5677,5679
5679,5680
5680,5681
5681,5682
5681,5683
5685,5686
5685,5687
5685,5688
5685,5690
5685,5708
5685,5709
5688,5689
5690,5691
5691,5692
5692,5693
5692,5698
5692,5703
5693,5694
5693,5695
5693,5696
5696,5697
5698,5699
5698,5700
5698,5701
5701,5702
5703,5704
5703,5705
5703,5706
5706,5707
5709,5710
5709,5712
5710,5711
5713,5714
5713,5715
5716,5717
5716,5722
5716,5724
5716,5727
5716,5730
5716,5731
5716,5732
5716,5734
5716,5735
5717,5718
5717,5719
5717,5721
5719,5720
5722,5723
5724,5725
5725,5726
5727,5728
5728,5729
5732,5733
5735,5736
5735,5738
5735,5740
5735,5744
5735,5746
5735,5750
5735,5752
5735,5753
5736,5737
5738,5739
5740,5741
5741,5742
5741,5743
5744,5745
5746,5747
5747,5748
5748,5749
5750,5751
5753,5754
5755,5756
5755,5757
5755,5759
5755,5761
5755,5763
5757,5758
5759,5760
5761,5762
5764,5765
5764,5766
5764,5767
5768,5769
5768,5770
5768,5771
5768,5772
5772,5773
5774,5775
5775,5776
5775,5778
5775,5814
5775,5815
5776,5777
5778,5779
5778,5813
5779,5780
5780,5781
5781,5782
5781,5785
5781,5790
5781,5795
5781,5799
5781,5803
5781,5808
5782,5783
5782,5784
5785,5786
5785,5787
5785,5788
5785,5789
5790,5791
5790,5792
5790,5793
5790,5794
5795,5796
5795,5797
5795,5798
5799,5800
5799,5801
5799,5802
5803,5804
5803,5805
5803,5806
5803,5807
5808,5809
5808,5810
5808,5811
5808,5812
5815,5816
5815,5817
5817,5818
5819,5820
5819,5821
5819,5822
5819,5823
5819,5824
5819,5825
5825,5826
5827,5828
5827,5829
5827,5831
5827,5833
5827,5835
5827,5837
5827,5839
5827,5848
5827,5867
5827,5869
5827,5871
5827,5922
5827,5924
5827,5931
5827,5933
5827,5934
5827,5937
5827,5943
5827,5948
5827,5949
5827,5969
5827,5971
5827,5990
5829,5830
5831,5832
5833,5834
5835,5836
5837,5838
5839,5840
5839,5843
5840,5841
5840,5842
5843,5844
5843,5846
5843,5847
5844,5845
5848,5849
5848,5850
5850,5851
5850,5853
5851,5852
5853,5854
5853,5855
5853,5863
5855,5856
5856,5857
5856,5859
5857,5858
5859,5860
5859,5861
5859,5862
5863,5864
5863,5865
5863,5866
5867,5868
5869,5870
5871,5872
5871,5873
5873,5874
5873,5875
5873,5878
5873,5915
5873,5921
5875,5876
5876,5877
5878,5879
5878,5880
5880,5881
5880,5883
5881,5882
5883,5884
5883,5885
5885,5886
5885,5888
5886,5887
5888,5889
5888,5890
5890,5891
5891,5892
5891,5893
5893,5894
5893,5896
5893,5903
5893,5907
5894,5895
5896,5897
5897,5898
5897,5899
5897,5901
5899,5900
5901,5902
5903,5904
5904,5905
5905,5906
5907,5908
5907,5912
5908,5909
5908,5910
5910,5911
5912,5913
5913,5914
5915,5916
5915,5917
5917,5918
5917,5919
5917,5920
5922,5923
5924,5925
5924,5926
5926,5927
5926,5929
5926,5930
5927,5928
5931,5932
5934,5935
5935,5936
5937,5938
5937,5939
5939,5940
5940,5941
5941,5942
5943,5944
5943,5945
5945,5946
5946,5947
5949,5950
5949,5951
5951,5952
5951,5955
5951,5963
5951,5965
5952,5953
5953,5954
5955,5956
5955,5957
5957,5958
5957,5961
5957,5962
5958,5959
5958,5960
5963,5964
5965,5966
5965,5967
5967,5968
5969,5970
5971,5972
5971,5975
5972,5973
5972,5974
5975,5976
5975,5978
5976,5977
5978,5979
5978,5980
5978,5986
5980,5981
5980,5983
5980,5984
5980,5985
5981,5982
5986,5987
5986,5988
5986,5989
5990,5991
5990,5992
5992,5993
5992,5994
5992,5997
5992,5999
5994,5995
5995,5996
5997,5998
5999,6000
5999,6003
5999,6049
6000,6001
6000,6002
6003,6004
6004,6005
6004,6007
6004,6008
6004,6045
6005,6006
6008,6009
6008,6010
6008,6042
6010,6011
6010,6021
6010,6026
6011,6012
6011,6014
6012,6013
6014,6015
6015,6016
6015,6017
6017,6018
6017,6019
6017,6020
6021,6022
6021,6023
6023,6024
6023,6025
6026,6027
6026,6039
6027,6028
6027,6031
6028,6029
6029,6030
6031,6032
6031,6033
6031,6035
6033,6034
6035,6036
6035,6037
6037,6038
6039,6040
6039,6041
6042,6043
6042,6044
6045,6046
6045,6047
6045,6048
6049,6050
6049,6051
6049,6054
6051,6052
6052,6053
6054,6055
6054,6056
6054,6058
6056,6057
6058,6059
6058,6060
6060,6061
6062,6063
6062,6064
6062,6065
6062,6067
6062,6085
6065,6066
6067,6068
6068,6069
6069,6070
6069,6075
6069,6080
6070,6071
6070,6072
6070,6073
6073,6074
6075,6076
6075,6077
6075,6078
6078,6079
6080,6081
6080,6082
6080,6083
6083,6084
6085,6086
6085,6089
6086,6087
6086,6088
6090,6091
6090,6092
6090,6093
6090,6095
6090,6113
6093,6094
6095,6096
6096,6097
6097,6098
6097,6103
6097,6108
6098,6099
6098,6100
6098,6101
6101,6102
6103,6104
6103,6105
6103,6106
6106,6107
6108,6109
6108,6110
6108,6111
6111,6112
6113,6114
6113,6117
6114,6115
6114,6116
6118,6119
6118,6120
6118,6122
6118,6123
6120,6121
6123,6124
6123,6126
6123,6128
6124,6125
6126,6127
6128,6129
6130,6131
6130,6138
6130,6140
6130,6142
6130,6144
6130,6147
6130,6151
6130,6152
6130,6153
6130,6155
6130,6159
6130,6161
6130,6164
6130,6165
6131,6132
6131,6133
6131,6135
6131,6137
6133,6134
6135,6136
6138,6139
6140,6141
6142,6143
6144,6145
6145,6146
6147,6148
6148,6149
6148,6150
6153,6154
6155,6156
6156,6157
6156,6158
6159,6160
6161,6162
6162,6163
6165,6166
6167,6168
6167,6169
6167,6172
6167,6175
6167,6178
6167,6179
6167,6183
6167,6185
6167,6186
6167,6187
6169,6170
6170,6171
6172,6173
6173,6174
6175,6176
6176,6177
6179,6180
6180,6181
6180,6182
6183,6184
6187,6188
6187,6193
6188,6189
6188,6190
6188,6191
6188,6192
6194,6195
6194,6196
6194,6198
6194,6216
6196,6197
6198,6199
6198,6202
6199,6200
6199,6201
6202,6203
6202,6207
6202,6211
6202,6213
6203,6204
6203,6205
6203,6206
6207,6208
6208,6209
6208,6210
6211,6212
6213,6214
6213,6215
6217,6218
6217,6219
6217,6226
6217,6238
6217,6245
6219,6220
6219,6221
6221,6222
6222,6223
6223,6224
6223,6225
6226,6227
6226,6228
6228,6229
6228,6231
6229,6230
6231,6232
6231,6233
6233,6234
6234,6235
6235,6236
6236,6237
6238,6239
6238,6240
6238,6243
6240,6241
6241,6242
6243,6244
6245,6246
6245,6247
6247,6248
6248,6249
6250,6251
6250,6258
6250,6260
6250,6262
6250,6264
6250,6267
6250,6271
6250,6272
6250,6273
6250,6275
6250,6279
6250,6281
6250,6284
6250,6285
6251,6252
6251,6253
6251,6255
6251,6257
6253,6254
6255,6256
6258,6259
6260,6261
6262,6263
6264,6265
6265,6266
6267,6268
6268,6269
6268,6270
6273,6274
6275,6276
6276,6277
6276,6278
6279,6280
6281,6282
6282,6283
6285,6286
6287,6288
6287,6289
6287,6290
6287,6291
6287,6292
6287,6293
6294,6295
6294,6296
6294,6298
6294,6300
6294,6302
6294,6304
6294,6306
6296,6297
6298,6299
6300,6301
6302,6303
6304,6305
6306,6307
6308,6309
6308,6310
6308,6311
6308,6312
6308,6313
6308,6318
6308,6320
6308,6321
6308,6324
6313,6314
6313,6315
6315,6316
6316,6317
6318,6319
6321,6322
6322,6323
6325,6326
6325,6327
6325,6328
6325,6330
6325,6353
6325,6358
6325,6363
6328,6329
6330,6331
6331,6332
6332,6333
6332,6338
6332,6343
6332,6348
6333,6334
6333,6335
6333,6336
6336,6337
6338,6339
6338,6340
6338,6341
6341,6342
6343,6344
6343,6345
6343,6346
6346,6347
6348,6349
6348,6350
6348,6351
6351,6352
6353,6354
6353,6357
6354,6355
6354,6356
6358,6359
6358,6362
6359,6360
6359,6361
6363,6364
6363,6366
6364,6365
6367,6368
6367,6369
6367,6370
6367,6372
6367,6390
6367,6395
6370,6371
6372,6373
6373,6374
6374,6375
6374,6380
6374,6385
6375,6376
6375,6377
6375,6378
6378,6379
6380,6381
6380,6382
6380,6383
6383,6384
6385,6386
6385,6387
6385,6388
6388,6389
6390,6391
6390,6394
6391,6392
6391,6393
6395,6396
6395,6399
6396,6397
6396,6398
6400,6401
6400,6402
6400,6404
6400,6406
6400,6408
6400,6410
6400,6412
6400,6421
6400,6440
6400,6442
6400,6444
6400,6495
6400,6497
6400,6504
6400,6506
6400,6507
6400,6510
6400,6516
6400,6521
6400,6522
6400,6542
6400,6544
6400,6563
6402,6403
6404,6405
6406,6407
6408,6409
6410,6411
6412,6413
6412,6416
6413,6414
6413,6415
6416,6417
6416,6419
6416,6420
6417,6418
6421,6422
6421,6423
6423,6424
6423,6426
6424,6425
6426,6427
6426,6428
6426,6436
6428,6429
6429,6430
6429,6432
6430,6431
6432,6433
6432,6434
6432,6435
6436,6437
6436,6438
6436,6439
6440,6441
6442,6443
6444,6445
6444,6446
6446,6447
6446,6448
6446,6451
6446,6488
6446,6494
6448,6449
6449,6450
6451,6452
6451,6453
6453,6454
6453,6456
6454,6455
6456,6457
6456,6458
6458,6459
6458,6461
6459,6460
6461,6462
6461,6463
6463,6464
6464,6465
6464,6466
6466,6467
6466,6469
6466,6476
6466,6480
6467,6468
6469,6470
6470,6471
6470,6472
6470,6474
6472,6473
6474,6475
6476,6477
6477,6478
6478,6479
6480,6481
6480,6485
6481,6482
6481,6483
6483,6484
6485,6486
6486,6487
6488,6489
6488,6490
6490,6491
6490,6492
6490,6493
6495,6496
6497,6498
6497,6499
6499,6500
6499,6502
6499,6503
6500,6501
6504,6505
6507,6508
6508,6509
6510,6511
6510,6512
6512,6513
6513,6514
6514,6515
6516,6517
6516,6518
6518,6519
6519,6520
6522,6523
6522,6524
6524,6525
6524,6528
6524,6536
6524,6538
6525,6526
6526,6527
6528,6529
6528,6530
6530,6531
6530,6534
6530,6535
6531,6532
6531,6533
6536,6537
6538,6539
6538,6540
6540,6541
6542,6543
6544,6545
6544,6548
6545,6546
6545,6547
6548,6549
6548,6551
6549,6550
6551,6552
6551,6553
6551,6559
6553,6554
6553,6556
6553,6557
6553,6558
6554,6555
6559,6560
6559,6561
6559,6562
6563,6564
6563,6565
6565,6566
6565,6567
6565,6570
6565,6572
6567,6568
6568,6569
6570,6571
6572,6573
6572,6576
6572,6622
6573,6574
6573,6575
6576,6577
6577,6578
6577,6580
6577,6581
6577,6618
6578,6579
6581,6582
6581,6583
6581,6615
6583,6584
6583,6594
6583,6599
6584,6585
6584,6587
6585,6586
6587,6588
6588,6589
6588,6590
6590,6591
6590,6592
6590,6593
6594,6595
6594,6596
6596,6597
6596,6598
6599,6600
6599,6612
6600,6601
6600,6604
6601,6602
6602,6603
6604,6605
6604,6606
6604,6608
6606,6607
6608,6609
6608,6610
6610,6611
6612,6613
6612,6614
6615,6616
6615,6617
6618,6619
6618,6620
6618,6621
6622,6623
6622,6624
6622,6627
6624,6625
6625,6626
6627,6628
6627,6629
6627,6631
6629,6630
6631,6632
6631,6633
6633,6634
6635,6636
6635,6638
6635,6639
6635,6641
6636,6637
6639,6640
6641,6642
6642,6643
6643,6644
6644,6645
6644,6646
6647,6648
6647,6649
6647,6650
6647,6651
6647,6652
6647,6653
6647,6654
6647,6659
6647,6664
6647,6668
6647,6670
6647,6672
6647,6674
6647,6678
6647,6680
6654,6655
6654,6656
6656,6657
6657,6658
6659,6660
6659,6661
6661,6662
6662,6663
6664,6665
6665,6666
6665,6667
6668,6669
6670,6671
6672,6673
6674,6675
6675,6676
6676,6677
6678,6679
6681,6682
6681,6683
6681,6684
6681,6686
6681,6709
6684,6685
6686,6687
6687,6688
6688,6689
6688,6694
6688,6699
6688,6704
6689,6690
6689,6691
6689,6692
6692,6693
6694,6695
6694,6696
6694,6697
6697,6698
6699,6700
6699,6701
6699,6702
6702,6703
6704,6705
6704,6706
6704,6707
6707,6708
6709,6710
6709,6713
6710,6711
6710,6712
6714,6715
6714,6716
6716,6717
6718,6719
6718,6720
6718,6721
6718,6723
6718,6746
6718,6751
6721,6722
6723,6724
6724,6725
6725,6726
6725,6731
6725,6736
6725,6741
6726,6727
6726,6728
6726,6729
6729,6730
6731,6732
6731,6733
6731,6734
6734,6735
6736,6737
6736,6738
6736,6739
6739,6740
6741,6742
6741,6743
6741,6744
6744,6745
6746,6747
6746,6750
6747,6748
6747,6749
6751,6752
6751,6755
6752,6753
6752,6754
6756,6757
6756,6758
6756,6759
6756,6761
6756,6790
6756,6791
6756,6795
6759,6760
6761,6762
6762,6763
6763,6764
6763,6775
6763,6780
6763,6785
6764,6765
6764,6766
6764,6767
6764,6769
6767,6768
6769,6770
6770,6771
6770,6772
6770,6773
6773,6774
6775,6776
6775,6777
6775,6778
6778,6779
6780,6781
6780,6782
6780,6783
6783,6784
6785,6786
6785,6787
6785,6788
6788,6789
6791,6792
6791,6794
6792,6793
6795,6796
6795,6798
6796,6797
6799,6800
6799,6801
6799,6803
6799,6804
6799,6807
6799,6810
6799,6812
6799,6814
6799,6817
6799,6818
6799,6819
6801,6802
6804,6805
6805,6806
6807,6808
6808,6809
6810,6811
6812,6813
6814,6815
6815,6816
6819,6820
6820,6821
6822,6823
6823,6824
6823,6825
6825,6826
6826,6827
6828,6829
6828,6834
6828,6836
6828,6839
6828,6842
6828,6843
6828,6844
6828,6846
6828,6847
6829,6830
6829,6831
6829,6833
6831,6832
6834,6835
6836,6837
6837,6838
6839,6840
6840,6841
6844,6845
6847,6848
6847,6850
6847,6852
6847,6856
6847,6858
6847,6862
6847,6864
6847,6865
6848,6849
6850,6851
6852,6853
6853,6854
6853,6855
6856,6857
6858,6859
6859,6860
6860,6861
6862,6863
6865,6866
6867,6868
6867,6874
6867,6876
6867,6879
6867,6880
6867,6882
6868,6869
6868,6870
6868,6872
6868,6873
6870,6871
6874,6875
6876,6877
6877,6878
6880,6881
6883,6884
6883,6888
6883,6890
6883,6891
6883,6893
6883,6894
6883,6896
6883,6898
6883,6900
6883,6902
6883,6904
6883,6908
6883,6910
6884,6885
6884,6886
6884,6887
6888,6889
6891,6892
6894,6895
6896,6897
6898,6899
6900,6901
6902,6903
6904,6905
6905,6906
6906,6907
6908,6909
6910,6911
6912,6913
6912,6914
6912,6915
6912,6916
6912,6917
6912,6920
6917,6918
6918,6919
6920,6921
6920,6925
6921,6922
6921,6924
6922,6923
6925,6926
6925,6928
6925,6930
6926,6927
6928,6929
6930,6931
6930,6932
6932,6933
6932,6936
6933,6934
6934,6935
6936,6937
6936,6938
6938,6939
6938,6943
6939,6940
6940,6941
6941,6942
6944,6945
6944,6946
6947,6948
6947,6949
6947,6952
6947,6955
6949,6950
6950,6951
6952,6953
6953,6954
6956,6957
6956,6958
6956,6960
6956,6962
6956,6964
6956,6967
6956,6971
6956,6974
6956,6976
6956,6979
6956,6982
6958,6959
6960,6961
6962,6963
6964,6965
6965,6966
6967,6968
6968,6969
6969,6970
6971,6972
6971,6973
6974,6975
6976,6977
6976,6978
6979,6980
6979,6981
6982,6983
6982,6984
6985,6986
6986,6987
6986,6989
6986,7025
6986,7026
6987,6988
6989,6990
6989,7024
6990,6991
6991,6992
6992,6993
6992,6996
6992,7000
6992,7005
6992,7010
6992,7015
6992,7020
6993,6994
6993,6995
6996,6997
6996,6998
6996,6999
7000,7001
7000,7002
7000,7003
7000,7004
7005,7006
7005,7007
7005,7008
7005,7009
7010,7011
7010,7012
7010,7013
7010,7014
7015,7016
7015,7017
7015,7018
7015,7019
7020,7021
7020,7022
7020,7023
7026,7027
7026,7028
7028,7029
7030,7031
7030,7032
7030,7033
7030,7035
7030,7058
7030,7059
7030,7064
7033,7034
7035,7036
7036,7037
7037,7038
7037,7043
7037,7048
7037,7053
7038,7039
7038,7040
7038,7041
7041,7042
7043,7044
7043,7045
7043,7046
7046,7047
7048,7049
7048,7050
7048,7051
7051,7052
7053,7054
7053,7055
7053,7056
7056,7057
7059,7060
7059,7063
7060,7061
7060,7062
7064,7065
7065,7066
7065,7067
7068,7069
7068,7072
7069,7070
7070,7071
7072,7073
7074,7075
7074,7076
7074,7077
7074,7078
7074,7096
7078,7079
7078,7083
7078,7092
7079,7080
7079,7082
7080,7081
7083,7084
7083,7087
7083,7089
7083,7091
7084,7085
7085,7086
7087,7088
7089,7090
7092,7093
7092,7095
7093,7094
7097,7098
7097,7099
7097,7100
7097,7102
7097,7104
7100,7101
7102,7103
7104,7105
7104,7108
7105,7106
7105,7107
7108,7109
7108,7111
7109,7110
7111,7112
7111,7114
7111,7162
7112,7113
7114,7115
7115,7116
7115,7118
7115,7155
7116,7117
7118,7119
7119,7120
7119,7122
7119,7135
7120,7121
7122,7123
7122,7126
7123,7124
7124,7125
7126,7127
7126,7131
7127,7128
7127,7129
7129,7130
7131,7132
7131,7134
7132,7133
7135,7136
7135,7138
7136,7137
7138,7139
7138,7140
7138,7153
7140,7141
7140,7143
7141,7142
7143,7144
7143,7146
7144,7145
7146,7147
7146,7148
7148,7149
7148,7152
7149,7150
7150,7151
7153,7154
7155,7156
7155,7158
7156,7157
7158,7159
7158,7161
7159,7160
7162,7163
7163,7164
7163,7166
7163,7204
7164,7165
7166,7167
7167,7168
7167,7170
7167,7184
7168,7169
7170,7171
7170,7174
7171,7172
7172,7173
7174,7175
7174,7179
7175,7176
7175,7177
7177,7178
7179,7180
7180,7181
7180,7182
7182,7183
7184,7185
7184,7188
7185,7186
7186,7187
7188,7189
7188,7190
7188,7199
7190,7191
7190,7193
7190,7194
7191,7192
7194,7195
7195,7196
7196,7197
7197,7198
7199,7200
7200,7201
7200,7202
7202,7203
7204,7205
7205,7206
7205,7207
7207,7208
7209,7210
7209,7215
7209,7217
7209,7220
7209,7223
7209,7224
7209,7225
7209,7227
7209,7228
7210,7211
7210,7212
7210,7214
7212,7213
7215,7216
7217,7218
7218,7219
7220,7221
7221,7222
7225,7226
7228,7229
7228,7231
7228,7233
7228,7237
7228,7239
7228,7243
7228,7245
7228,7246
7229,7230
7231,7232
7233,7234
7234,7235
7234,7236
7237,7238
7239,7240
7240,7241
7241,7242
7243,7244
7246,7247
7248,7249
7248,7250
7248,7254
7248,7255
7248,7256
7248,7257
7248,7260
7248,7263
7248,7264
7248,7268
7248,7274
7248,7280
7250,7251
7250,7252
7252,7253
7257,7258
7258,7259
7260,7261
7260,7262
7264,7265
7264,7266
7266,7267
7268,7269
7268,7273
7269,7270
7269,7271
7269,7272
7274,7275
7274,7279
7275,7276
7275,7277
7275,7278
7280,7281
7280,7285
7281,7282
7281,7283
7281,7284
7286,7287
7286,7288
7286,7301
7288,7289
7288,7291
7289,7290
7291,7292
7292,7293
7292,7294
7294,7295
7294,7296
7294,7299
7296,7297
7297,7298
7299,7300
7301,7302
7303,7304
7303,7305
7303,7306
7303,7308
7303,7329
7306,7307
7308,7309
7309,7310
7310,7311
7310,7314
7310,7319
7310,7324
7311,7312
7311,7313
7314,7315
7314,7316
7314,7317
7317,7318
7319,7320
7319,7321
7319,7322
7322,7323
7324,7325
7324,7326
7324,7327
7327,7328
7329,7330
7329,7333
7330,7331
7330,7332
7334,7335
7334,7336
7334,7337
7334,7339
7337,7338
7339,7340
7341,7342
7341,7343
7341,7344
7344,7345
7346,7347
7346,7348
7346,7349
7346,7352
7346,7359
7346,7363
7346,7365
7346,7366
7346,7367
7346,7369
7346,7372
7346,7374
7346,7383
7346,7384
7346,7385
7346,7388
7349,7350
7350,7351
7352,7353
7352,7354
7354,7355
7355,7356
7356,7357
7357,7358
7359,7360
7360,7361
7360,7362
7363,7364
7367,7368
7369,7370
7370,7371
7372,7373
7374,7375
7374,7376
7376,7377
7376,7380
7377,7378
7378,7379
7380,7381
7380,7382
7385,7386
7386,7387
7388,7389
7389,7390
7391,7392
7391,7393
7391,7394
7391,7396
7391,7419
7391,7424
7394,7395
7396,7397
7397,7398
7398,7399
7398,7404
7398,7409
7398,7414
7399,7400
7399,7401
7399,7402
7402,7403
7404,7405
7404,7406
7404,7407
7407,7408
7409,7410
7409,7411
7409,7412
7412,7413
7414,7415
7414,7416
7414,7417
7417,7418
7419,7420
7419,7423
7420,7421
7420,7422
7424,7425
7424,7428
7425,7426
7425,7427
7429,7430
7429,7431
7429,7432
7429,7434
7429,7452
7429,7453
7429,7458
7432,7433
7434,7435
7435,7436
7436,7437
7436,7442
7436,7447
7437,7438
7437,7439
7437,7440
7440,7441
7442,7443
7442,7444
7442,7445
7445,7446
7447,7448
7447,7449
7447,7450
7450,7451
7453,7454
7453,7457
7454,7455
7454,7456
7458,7459
7459,7460
7459,7461
7462,7463
7462,7464
7462,7465
7462,7466
7462,7467
7462,7468
7468,7469
7470,7471
7470,7474
7470,7476
7470,7477
7470,7478
7470,7480
7471,7472
7471,7473
7474,7475
7478,7479
7480,7481
7480,7483
7480,7485
7480,7489
7480,7491
7480,7495
7480,7497
7480,7499
7480,7501
7481,7482
7483,7484
7485,7486
7486,7487
7486,7488
7489,7490
7491,7492
7492,7493
7493,7494
7495,7496
7497,7498
7499,7500
7501,7502
7501,7503
7501,7504
7504,7505
7505,7506
7507,7508
7507,7509
7507,7510
7507,7511
7507,7512
7507,7513
7507,7514
7507,7516
7514,7515
7516,7517
7516,7524
7516,7531
7516,7538
7516,7545
7516,7552
7516,7559
7516,7566
7516,7573
7517,7518
7518,7519
7519,7520
7519,7521
7519,7522
7519,7523
7524,7525
7525,7526
7526,7527
7526,7528
7526,7529
7526,7530
7531,7532
7532,7533
7533,7534
7533,7535
7533,7536
7533,7537
7538,7539
7539,7540
7540,7541
7540,7542
7540,7543
7540,7544
7545,7546
7546,7547
7547,7548
7547,7549
7547,7550
7547,7551
7552,7553
7553,7554
7554,7555
7554,7556
7554,7557
7554,7558
7559,7560
7560,7561
7561,7562
7561,7563
7561,7564
7561,7565
7566,7567
7567,7568
7568,7569
7568,7570
7568,7571
7568,7572
7573,7574
7575,7576
7575,7577
7575,7578
7575,7579
7575,7580
7575,7581
7575,7582
7575,7584
7582,7583
7584,7585
7584,7594
7584,7603
7584,7612
7584,7621
7584,7630
7584,7639
7584,7648
7584,7657
7585,7586
7586,7587
7587,7588
7587,7589
7587,7590
7587,7591
7587,7592
7587,7593
7594,7595
7595,7596
7596,7597
7596,7598
7596,7599
7596,7600
7596,7601
7596,7602
7603,7604
7604,7605
7605,7606
7605,7607
7605,7608
7605,7609
7605,7610
7605,7611
7612,7613
7613,7614
7614,7615
7614,7616
7614,7617
7614,7618
7614,7619
7614,7620
7621,7622
7622,7623
7623,7624
7623,7625
7623,7626
7623,7627
7623,7628
7623,7629
7630,7631
7631,7632
7632,7633
7632,7634
7632,7635
7632,7636
7632,7637
7632,7638
7639,7640
7640,7641
7641,7642
7641,7643
7641,7644
7641,7645
7641,7646
7641,7647
7648,7649
7649,7650
7650,7651
7650,7652
7650,7653
7650,7654
7650,7655
7650,7656
7657,7658
7659,7660
7659,7661
7659,7662
7659,7664
7659,7682
7659,7683
7659,7688
7662,7663
7664,7665
7665,7666
7666,7667
7666,7672
7666,7677
7667,7668
7667,7669
7667,7670
7670,7671
7672,7673
7672,7674
7672,7675
7675,7676
7677,7678
7677,7679
7677,7680
7680,7681
7683,7684
7683,7687
7684,7685
7684,7686
7688,7689
7688,7692
7689,7690
7689,7691
7693,7694
7693,7695
7693,7696
7693,7698
7693,7711
7696,7697
7698,7699
7699,7700
7700,7701
7700,7706
7701,7702
7701,7703
7701,7704
7704,7705
7706,7707
7706,7708
7706,7709
7709,7710
7711,7712
7711,7715
7712,7713
7712,7714
7716,7717
7716,7718
7716,7719
7716,7721
7716,7724
7719,7720
7721,7722
7722,7723
7724,7725
7725,7726
7725,7733
7725,7740
7726,7727
7727,7728
7728,7729
7728,7730
7728,7731
7728,7732
7733,7734
7734,7735
7734,7736
7734,7737
7737,7738
7738,7739
7740,7741
7742,7743
7742,7744
7742,7745
7742,7748
7742,7750
7742,7752
7745,7746
7746,7747
7748,7749
7750,7751
7752,7753
7752,7755
7753,7754
7756,7757
7756,7758
7756,7759
7756,7760
7756,7761
7762,7763
7762,7764
7762,7765
7762,7768
7762,7771
7762,7774
7762,7776
7762,7827
7765,7766
7766,7767
7768,7769
7769,7770
7771,7772
7772,7773
7774,7775
7776,7777
7776,7778
7778,7779
7778,7782
7779,7780
7780,7781
7782,7783
7782,7784
7782,7823
7784,7785
7784,7788
7785,7786
7786,7787
7788,7789
7788,7790
7788,7819
7790,7791
7790,7797
7790,7811
7791,7792
7791,7795
7792,7793
7793,7794
7795,7796
7797,7798
7797,7799
7799,7800
7799,7802
7799,7807
7800,7801
7802,7803
7802,7804
7804,7805
7805,7806
7807,7808
7807,7809
7809,7810
7811,7812
7812,7813
7812,7815
7813,7814
7815,7816
7815,7817
7817,7818
7819,7820
7820,7821
7821,7822
7823,7824
7824,7825
7825,7826
7827,7828
7828,7829
7828,7831
7828,7845
7828,7847
7828,7858
7828,7859
7829,7830
7831,7832
7832,7833
7832,7840
7833,7834
7833,7839
7834,7835
7835,7836
7836,7837
7837,7838
7840,7841
7840,7842
7842,7843
7843,7844
7845,7846
7847,7848
7847,7849
7849,7850
7849,7854
7850,7851
7851,7852
7852,7853
7854,7855
7855,7856
7856,7857
7860,7861
7860,7862
7860,7874
7862,7863
7862,7864
7864,7865
7865,7866
7866,7867
7866,7869
7867,7868
7869,7870
7870,7871
7871,7872
7872,7873
7875,7876
7875,7877
7875,7878
7875,7880
7875,7903
7878,7879
7880,7881
7881,7882
7882,7883
7882,7888
7882,7893
7882,7898
7883,7884
7883,7885
7883,7886
7886,7887
7888,7889
7888,7890
7888,7891
7891,7892
7893,7894
7893,7895
7893,7896
7896,7897
7898,7899
7898,7900
7898,7901
7901,7902
7903,7904
7903,7907
7904,7905
7904,7906
7908,7909
7908,7910
7908,7912
7908,7914
7908,7916
7910,7911
7912,7913
7914,7915
7917,7918
7917,7919
7917,7926
7917,7938
7917,7942
7919,7920
7919,7921
7921,7922
7922,7923
7923,7924
7923,7925
7926,7927
7926,7928
7928,7929
7928,7931
7929,7930
7931,7932
7931,7933
7933,7934
7934,7935
7935,7936
7936,7937
7938,7939
7938,7940
7940,7941
7942,7943
7942,7944
7944,7945
7945,7946
7947,7948
7947,7952
7947,7954
7947,7956
7947,7957
7947,7959
7947,7960
7947,7962
7948,7949
7948,7950
7948,7951
7952,7953
7954,7955
7957,7958
7960,7961
7962,7963
7962,7965
7962,7967
7962,7971
7962,7973
7962,7975
7963,7964
7965,7966
7967,7968
7968,7969
7969,7970
7971,7972
7973,7974
7975,7976
7975,7977
7975,7978
7978,7979
7979,7980
7981,7982
7981,7983
7981,7984
7981,7985
7981,7986
7981,7987
7987,7988
7989,7990
7989,7996
7989,7997
7989,7999
7989,8002
7989,8003
7989,8004
7990,7991
7990,7992
7990,7993
7990,7995
7993,7994
7997,7998
7999,8000
8000,8001
8004,8005
8006,8007
8006,8008
8006,8010
8006,8037
8006,8039
8006,8041
8006,8057
8006,8059
8006,8061
8006,8079
8006,8081
8006,8112
8006,8114
8008,8009
8010,8011
8010,8014
8011,8012
8011,8013
8014,8015
8014,8020
8014,8025
8014,8030
8014,8035
8015,8016
8015,8018
8016,8017
8018,8019
8020,8021
8021,8022
8021,8024
8022,8023
8025,8026
8025,8028
8026,8027
8028,8029
8030,8031
8030,8033
8031,8032
8033,8034
8035,8036
8037,8038
8039,8040
8041,8042
8041,8044
8042,8043
8044,8045
8044,8048
8044,8051
8044,8055
8045,8046
8046,8047
8048,8049
8049,8050
8051,8052
8052,8053
8053,8054
8055,8056
8057,8058
8059,8060
8061,8062
8061,8064
8062,8063
8064,8065
8064,8067
8065,8066
8067,8068
8067,8069
8067,8073
8069,8070
8070,8071
8071,8072
8073,8074
8073,8075
8075,8076
8076,8077
8077,8078
8079,8080
8081,8082
8081,8084
8082,8083
8084,8085
8084,8087
8084,8089
8084,8093
8084,8097
8084,8103
8084,8109
8084,8111
8085,8086
8087,8088
8089,8090
8090,8091
8091,8092
8093,8094
8094,8095
8095,8096
8097,8098
8097,8101
8098,8099
8099,8100
8101,8102
8103,8104
8103,8107
8104,8105
8105,8106
8107,8108
8109,8110
8112,8113
8114,8115
8114,8118
8115,8116
8115,8117
8118,8119
8118,8125
8118,8127
8118,8129
8118,8132
8118,8134
8118,8135
8118,8137
8119,8120
8120,8121
8120,8124
8121,8122
8122,8123
8125,8126
8127,8128
8129,8130
8130,8131
8132,8133
8135,8136
8137,8138
8137,8144
8138,8139
8139,8140
8139,8143
8140,8141
8141,8142
8145,8146
8145,8147
8145,8149
8145,8150
8145,8151
8145,8153
8145,8154
8145,8155
8145,8157
8145,8159
8145,8161
8145,8163
8145,8165
8145,8167
8145,8169
8145,8172
8147,8148
8151,8152
8155,8156
8157,8158
8159,8160
8161,8162
8163,8164
8165,8166
8167,8168
8169,8170
8169,8171
8172,8173
8172,8174
8174,8175
8176,8177
8176,8181
8176,8183
8176,8187
8176,8191
8176,8195
8176,8196
8176,8197
8176,8199
8176,8200
8176,8202
8176,8204
8177,8178
8177,8179
8177,8180
8181,8182
8183,8184
8184,8185
8184,8186
8187,8188
8188,8189
8188,8190
8191,8192
8192,8193
8192,8194
8197,8198
8200,8201
8202,8203
8204,8205
8204,8206
8204,8208
8206,8207
8208,8209
8208,8213
8208,8215
8208,8218
8208,8219
8208,8220
8208,8222
8208,8224
8209,8210
8210,8211
8211,8212
8213,8214
8215,8216
8216,8217
8220,8221
8222,8223
8224,8225
8224,8227
8225,8226
8227,8228
8228,8229
8230,8231
8230,8232
8230,8233
8230,8235
8230,8253
8230,8258
8233,8234
8235,8236
8236,8237
8237,8238
8237,8243
8237,8248
8238,8239
8238,8240
8238,8241
8241,8242
8243,8244
8243,8245
8243,8246
8246,8247
8248,8249
8248,8250
8248,8251
8251,8252
8253,8254
8253,8257
8254,8255
8254,8256
8258,8259
8258,8262
8259,8260
8259,8261
8263,8264
8263,8265
8263,8267
8265,8266
8267,8268
8268,8269
8268,8271
8268,8274
8268,8278
8268,8279
8269,8270
8271,8272
8272,8273
8274,8275
8275,8276
8276,8277
8280,8281
8280,8282
8280,8284
8280,8285
8280,8288
8280,8291
8280,8294
8280,8296
8280,8300
8280,8302
8280,8304
8280,8308
8280,8309
8280,8312
8280,8314
8280,8318
8282,8283
8285,8286
8286,8287
8288,8289
8289,8290
8291,8292
8292,8293
8294,8295
8296,8297
8296,8299
8297,8298
8300,8301
8302,8303
8304,8305
8305,8306
8305,8307
8309,8310
8310,8311
8312,8313
8314,8315
8314,8317
8315,8316
8318,8319
8318,8322
8319,8320
8319,8321
8323,8324
8323,8325
8323,8327
8323,8333
8325,8326
8327,8328
8327,8331
8328,8329
8328,8330
8331,8332
8334,8335
8334,8336
8334,8337
8334,8345
8334,8347
8334,8349
8334,8350
8334,8356
8334,8357
8334,8359
8337,8338
8337,8340
8338,8339
8340,8341
8340,8342
8340,8344
8342,8343
8345,8346
8347,8348
8350,8351
8350,8354
8351,8352
8352,8353
8354,8355
8357,8358
8360,8361
8360,8362
8360,8364
8360,8366
8360,8368
8360,8371
8360,8374
8360,8376
8360,8379
8360,8381
8360,8384
8360,8387
8362,8363
8364,8365
8366,8367
8368,8369
8369,8370
8371,8372
8372,8373
8374,8375
8376,8377
8376,8378
8379,8380
8381,8382
8381,8383
8384,8385
8384,8386
8387,8388
8387,8389
8390,8391
8390,8392
8390,8394
8390,8395
8390,8398
8390,8401
8390,8403
8390,8405
8390,8408
8390,8409
8390,8410
8392,8393
8395,8396
8396,8397
8398,8399
8399,8400
8401,8402
8403,8404
8405,8406
8406,8407
8410,8411
8411,8412
8413,8414
8413,8415
8413,8416
8413,8417
8413,8418
8413,8419
8419,8420
8421,8422
8421,8428
8421,8430
8421,8433
8421,8436
8421,8439
8421,8440
8421,8441
8421,8442
8421,8443
8421,8444
8421,8445
8421,8446
8421,8448
8422,8423
8422,8424
8422,8426
8422,8427
8424,8425
8428,8429
8430,8431
8431,8432
8433,8434
8434,8435
8436,8437
8437,8438
8446,8447
8448,8449
8450,8451
8450,8452
8450,8453
8450,8455
8450,8478
8450,8483
8453,8454
8455,8456
8456,8457
8457,8458
8457,8463
8457,8468
8457,8473
8458,8459
8458,8460
8458,8461
8461,8462
8463,8464
8463,8465
8463,8466
8466,8467
8468,8469
8468,8470
8468,8471
8471,8472
8473,8474
8473,8475
8473,8476
8476,8477
8478,8479
8478,8482
8479,8480
8479,8481
8483,8484
8483,8486
8484,8485
8487,8488
8487,8489
8487,8490
8487,8492
8487,8515
8487,8516
8487,8521
8490,8491
8492,8493
8493,8494
8494,8495
8494,8500
8494,8505
8494,8510
8495,8496
8495,8497
8495,8498
8498,8499
8500,8501
8500,8502
8500,8503
8503,8504
8505,8506
8505,8507
8505,8508
8508,8509
8510,8511
8510,8512
8510,8513
8513,8514
8516,8517
8516,8520
8517,8518
8517,8519
8521,8522
8521,8525
8522,8523
8522,8524
8526,8527
8526,8528
8526,8529
8526,8530
8526,8532
8526,8555
8526,8556
8526,8561
8526,8565
8530,8531
8532,8533
8533,8534
8534,8535
8534,8540
8534,8545
8534,8550
8535,8536
8535,8537
8535,8538
8538,8539
8540,8541
8540,8542
8540,8543
8543,8544
8545,8546
8545,8547
8545,8548
8548,8549
8550,8551
8550,8552
8550,8553
8553,8554
8556,8557
8556,8560
8557,8558
8557,8559
8561,8562
8562,8563
8562,8564
8565,8566
8565,8568
8566,8567
8569,8570
8569,8571
8569,8572
8569,8575
8569,8588
8569,8589
8569,8594
8569,8599
8572,8573
8572,8574
8575,8576
8576,8577
8577,8578
8577,8583
8578,8579
8578,8580
8578,8581
8581,8582
8583,8584
8583,8585
8583,8586
8586,8587
8589,8590
8589,8593
8590,8591
8590,8592
8594,8595
8594,8598
8595,8596
8595,8597
8599,8600
8599,8602
8600,8601
8603,8604
8603,8605
8603,8607
8603,8609
8603,8613
8603,8615
8603,8619
8603,8620
8603,8622
8603,8628
8603,8629
8603,8630
8603,8632
8603,8633
8605,8606
8607,8608
8609,8610
8610,8611
8611,8612
8613,8614
8615,8616
8615,8617
8617,8618
8620,8621
8622,8623
8623,8624
8624,8625
8624,8626
8624,8627
8630,8631
8633,8634
8633,8635
8636,8637
8636,8638
8636,8641
8636,8648
8636,8651
8636,8652
8636,8657
8636,8661
8636,8662
8636,8663
8636,8666
8636,8668
8636,8669
8636,8690
8636,8691
8636,8692
8636,8694
8636,8695
8636,8698
8638,8639
8639,8640
8641,8642
8641,8643
8643,8644
8644,8645
8645,8646
8646,8647
8648,8649
8649,8650
8652,8653
8652,8654
8654,8655
8655,8656
8657,8658
8658,8659
8658,8660
8663,8664
8664,8665
8666,8667
8669,8670
8669,8671
8669,8677
8671,8672
8671,8675
8672,8673
8672,8674
8675,8676
8677,8678
8677,8681
8678,8679
8679,8680
8681,8682
8681,8686
8682,8683
8683,8684
8684,8685
8686,8687
8686,8688
8688,8689
8692,8693
8695,8696
8696,8697
8698,8699
8699,8700
8701,8702
8701,8703
8701,8704
8701,8705
8701,8706
8701,8707
8701,8708
8701,8710
8701,8714
8701,8719
8708,8709
8710,8711
8710,8712
8712,8713
8714,8715
8715,8716
8715,8717
8717,8718
8719,8720
8720,8721
8720,8722
8723,8724
8723,8726
8723,8728
8723,8730
8723,8731
8724,8725
8726,8727
8728,8729
8731,8732
8731,8734
8732,8733
8735,8736
8735,8737
8735,8739
8735,8749
8737,8738
8739,8740
8739,8745
8740,8741
8740,8742
8740,8743
8743,8744
8745,8746
8746,8747
8747,8748
8750,8751
8750,8758
8750,8760
8750,8763
8750,8766
8750,8767
8750,8769
8750,8772
8750,8774
8751,8752
8751,8753
8751,8754
8751,8756
8751,8757
8754,8755
8758,8759
8760,8761
8761,8762
8763,8764
8764,8765
8767,8768
8769,8770
8770,8771
8772,8773
8774,8775
8776,8777
8776,8778
8778,8779
8779,8780
8780,8781
8782,8783
8782,8784
8782,8785
8782,8791
8782,8794
8782,8796
8782,8803
8782,8805
8785,8786
8785,8789
8786,8787
8786,8788
8789,8790
8791,8792
8792,8793
8794,8795
8796,8797
8796,8800
8797,8798
8797,8799
8800,8801
8801,8802
8803,8804
8805,8806
8805,8809
8806,8807
8806,8808
8809,8810
8811,8812
8811,8813
8811,8814
8811,8816
8811,8839
8811,8840
8811,8845
8811,8849
8814,8815
8816,8817
8817,8818
8818,8819
8818,8824
8818,8829
8818,8834
8819,8820
8819,8821
8819,8822
8822,8823
8824,8825
8824,8826
8824,8827
8827,8828
8829,8830
8829,8831
8829,8832
8832,8833
8834,8835
8834,8836
8834,8837
8837,8838
8840,8841
8840,8844
8841,8842
8841,8843
8845,8846
8846,8847
8846,8848
8849,8850
8849,8852
8850,8851
8853,8854
8853,8855
8853,8857
8853,8859
8853,8861
8853,8863
8853,8865
8853,8867
8853,8868
8853,8870
8853,8875
8855,8856
8857,8858
8859,8860
8861,8862
8863,8864
8865,8866
8868,8869
8870,8871
8870,8874
8871,8872
8871,8873
8875,8876
8875,8879
8876,8877
8876,8878
